1.701280 0.045000 1.584216 0.045000 7.210830 0.045000 7.143155 0.045000 9.766650 0.045000 9.985871 0.045000 6.966471 0.045000 7.199478 0.045000
1.820863 0.045000 1.635257 0.045000 7.063332 0.045000 7.111877 0.045000 9.730421 0.045000 9.939613 0.045000 6.929066 0.045000 7.056987 0.045000
1.946948 0.045000 1.683433 0.045000 7.102137 0.045000 7.220769 0.045000 9.709176 0.225000 9.796479 0.045000 6.822154 0.045000 6.978102 0.045000
2.038369 0.045000 1.854491 0.045000 7.036162 0.045000 7.085279 0.045000 9.455186 0.045000 10.140933 0.225000 6.800791 0.045000 6.819866 0.045000
2.356093 0.225000 1.982270 0.045000 7.013233 0.045000 7.037480 0.045000 9.359689 0.045000 9.571699 0.045000 6.665532 0.045000 6.804982 0.045000
2.252745 0.045000 2.015649 0.045000 6.979939 0.045000 7.067200 0.045000 9.301110 0.045000 9.452659 0.045000 6.602869 0.045000 6.736438 0.045000
2.344039 0.045000 2.136705 0.045000 6.985448 0.045000 6.952949 0.045000 9.215759 0.045000 9.376720 0.045000 6.423998 0.045000 7.281799 0.225000
2.386763 0.045000 2.231967 0.045000 6.985508 0.225000 6.949476 0.045000 9.131489 0.045000 9.250230 0.045000 6.259704 0.045000 6.533348 0.045000
2.585981 0.045000 2.319130 0.045000 7.098423 0.045000 7.044529 0.045000 9.111596 0.045000 9.197349 0.045000 6.183218 0.045000 6.442316 0.045000
2.650308 0.045000 2.419368 0.045000 7.186638 0.045000 7.047492 0.045000 8.991136 0.045000 9.117035 0.045000 6.016246 0.045000 6.316236 0.045000
2.708141 0.045000 2.566699 0.045000 7.211863 0.045000 7.046238 0.045000 8.947084 0.045000 9.077135 0.045000 5.908203 0.045000 6.113106 0.045000
2.960704 0.225000 2.676221 0.045000 7.260040 0.045000 7.170878 0.045000 8.834064 0.045000 8.942083 0.045000 5.838648 0.045000 6.048923 0.045000
3.011713 0.045000 2.729556 0.045000 7.315864 0.045000 7.267113 0.045000 8.768785 0.045000 8.850227 0.045000 5.736663 0.045000 5.831630 0.045000
3.004070 0.045000 2.812579 0.045000 7.318753 0.045000 7.275458 0.045000 8.713603 0.045000 8.771061 0.045000 5.900308 0.225000 5.775372 0.045000
3.196828 0.045000 2.965078 0.045000 7.484359 0.045000 7.306692 0.045000 8.573829 0.045000 8.739009 0.045000 5.469059 0.045000 6.076328 0.225000
3.260993 0.045000 3.091320 0.045000 7.682727 0.225000 7.541712 0.225000 8.518439 0.045000 8.702088 0.045000 5.315489 0.045000 5.496249 0.045000
3.391077 0.045000 3.221548 0.045000 7.596503 0.045000 7.374266 0.045000 8.445065 0.045000 8.652467 0.045000 5.218825 0.045000 5.433950 0.045000
3.430901 0.045000 3.269784 0.045000 7.726047 0.225000 7.421187 0.045000 8.467278 0.045000 8.825714 0.225000 5.145093 0.045000 5.243238 0.045000
3.601915 0.045000 3.465795 0.045000 7.658207 0.045000 7.744019 0.225000 8.355994 0.045000 8.421568 0.045000 4.899882 0.045000 5.160482 0.045000
3.776832 0.045000 3.618453 0.045000 7.720840 0.045000 7.586293 0.045000 8.319836 0.045000 8.403347 0.045000 4.802549 0.045000 5.029906 0.045000
3.908432 0.045000 3.701270 0.045000 7.700198 0.045000 7.634291 0.045000 8.220212 0.045000 8.363847 0.045000 4.758685 0.045000 5.007666 0.045000
4.013684 0.045000 3.722633 0.045000 7.790713 0.225000 7.732633 0.045000 8.202279 0.045000 8.324146 0.045000 5.185160 0.225000 4.834188 0.045000
4.138177 0.045000 3.920261 0.045000 7.851635 0.045000 7.793441 0.045000 8.091342 0.045000 8.196743 0.045000 4.471331 0.045000 4.765688 0.045000
4.173594 0.045000 3.997574 0.045000 7.922606 0.045000 7.786872 0.045000 8.041443 0.225000 8.037258 0.045000 4.377938 0.045000 4.367021 0.225000
4.268770 0.045000 4.049731 0.045000 8.007803 0.045000 7.901090 0.045000 7.983956 0.045000 8.057760 0.045000 4.219460 0.045000 4.484447 0.045000
4.450748 0.045000 4.220296 0.045000 8.456130 0.225000 8.463151 0.225000 7.874148 0.045000 8.048641 0.045000 4.409147 0.225000 4.265484 0.045000
4.592454 0.045000 4.303712 0.045000 8.219063 0.045000 8.058496 0.045000 7.827821 0.045000 7.995496 0.045000 3.967479 0.045000 4.209148 0.045000
4.672306 0.225000 4.399863 0.045000 8.210276 0.045000 8.221543 0.045000 7.797817 0.045000 7.963408 0.045000 3.943291 0.045000 4.084301 0.045000
4.671422 0.045000 4.663114 0.045000 8.380650 0.045000 8.222803 0.045000 7.788592 0.045000 7.914790 0.045000 3.732770 0.045000 3.977781 0.045000
4.874976 0.045000 4.699990 0.045000 8.354170 0.045000 8.279015 0.045000 7.747677 0.045000 7.725046 0.045000 3.606303 0.045000 3.770705 0.045000
4.938141 0.045000 4.826045 0.045000 8.489754 0.045000 8.326824 0.045000 8.374250 0.225000 7.774672 0.045000 3.396974 0.045000 3.707025 0.045000
5.126381 0.045000 4.927366 0.045000 8.604967 0.045000 8.630205 0.225000 7.576012 0.045000 7.714197 0.045000 3.362688 0.045000 3.628221 0.045000
5.164911 0.225000 5.699774 0.225000 8.634978 0.045000 8.525846 0.045000 7.607550 0.045000 7.692133 0.045000 3.275232 0.045000 3.398208 0.045000
5.344957 0.045000 5.146650 0.045000 8.658608 0.225000 8.583766 0.045000 7.487434 0.045000 7.764881 0.225000 3.170493 0.045000 3.359608 0.045000
5.455024 0.045000 5.282977 0.045000 8.877573 0.045000 8.731091 0.045000 7.500052 0.045000 7.771963 0.225000 3.072158 0.045000 3.221452 0.045000
5.665723 0.045000 5.643289 0.225000 8.883575 0.045000 8.804432 0.045000 7.423292 0.045000 7.518420 0.045000 2.901365 0.045000 3.596185 0.225000
5.735540 0.045000 5.493407 0.225000 9.309386 0.225000 8.864300 0.045000 7.467516 0.045000 7.469957 0.045000 2.714131 0.045000 3.022206 0.045000
5.886007 0.045000 5.609829 0.045000 9.086424 0.045000 9.044528 0.225000 7.422987 0.045000 7.510836 0.045000 2.600244 0.045000 2.869123 0.045000
6.048483 0.045000 5.722015 0.045000 9.098310 0.045000 9.030565 0.045000 7.295148 0.045000 7.510569 0.045000 2.537299 0.045000 2.703299 0.045000
6.114452 0.045000 5.862333 0.045000 9.233394 0.045000 9.565060 0.225000 7.435649 0.045000 7.352163 0.045000 3.004629 0.225000 2.598459 0.045000
6.319662 0.225000 5.990540 0.045000 9.284773 0.045000 9.215407 0.045000 7.316984 0.045000 7.729613 0.225000 2.320367 0.045000 2.558813 0.045000
6.324307 0.045000 6.115525 0.045000 9.398089 0.045000 9.270801 0.045000 7.278987 0.045000 7.352768 0.045000 2.233081 0.045000 2.412456 0.045000
6.460056 0.045000 6.296426 0.045000 9.478108 0.045000 9.328669 0.045000 7.311622 0.045000 7.245842 0.045000 2.082358 0.045000 2.254817 0.045000
6.556930 0.045000 6.343700 0.045000 9.513861 0.045000 9.381201 0.045000 7.235272 0.045000 7.554416 0.225000 2.798926 0.225000 2.197871 0.045000
6.679935 0.045000 6.253265 0.225000 9.542392 0.045000 9.371838 0.045000 7.283404 0.045000 7.364051 0.045000 1.961692 0.045000 2.151462 0.045000
6.688678 0.045000 6.525397 0.045000 9.668888 0.045000 9.542419 0.045000 7.185253 0.045000 7.297825 0.045000 1.936395 0.045000 2.008203 0.045000
7.115923 0.225000 6.532653 0.045000 9.734463 0.045000 9.523885 0.045000 7.239709 0.045000 7.248817 0.045000 1.895256 0.045000 2.036017 0.045000
6.970507 0.225000 6.631109 0.045000 9.827678 0.045000 9.568097 0.045000 7.276948 0.045000 7.274900 0.045000 1.670729 0.045000 1.962452 0.045000
6.766557 0.045000 6.697152 0.045000 9.870010 0.045000 10.015104 0.225000 7.234735 0.045000 7.197024 0.045000 1.848979 0.225000 1.884173 0.045000
6.860081 0.045000 6.708778 0.045000 9.799420 0.045000 9.737204 0.045000 7.272736 0.045000 7.225911 0.045000 1.676665 0.045000 1.856433 0.045000
6.992565 0.045000 6.832609 0.045000 9.810104 0.045000 9.709027 0.045000 7.359561 0.225000 7.323190 0.045000 1.649828 0.045000 1.806382 0.045000
6.919370 0.045000 6.779681 0.045000 9.855256 0.045000 9.711152 0.045000 7.462535 0.225000 7.213878 0.045000 1.619453 0.045000 1.773166 0.045000
6.991276 0.045000 6.825929 0.045000 9.889560 0.045000 9.776574 0.045000 7.103305 0.045000 7.254069 0.045000 1.670905 0.045000 1.544351 0.225000
7.091591 0.045000 6.869077 0.045000 9.890069 0.045000 9.787227 0.045000 6.982272 0.045000 7.195629 0.045000 1.658628 0.045000 1.981047 0.225000
7.105246 0.045000 7.003225 0.045000 9.795588 0.045000 9.901207 0.045000 6.929320 0.045000 7.104741 0.045000 2.055351 0.225000 1.676490 0.045000
7.159781 0.045000 7.022465 0.045000 9.703302 0.045000 9.807296 0.045000 6.784140 0.045000 6.934629 0.045000 1.883575 0.045000 1.740625 0.045000
7.275348 0.045000 7.243359 0.225000 9.644320 0.045000 9.671536 0.045000 6.625630 0.045000 6.850093 0.045000 2.277456 0.225000 1.776191 0.045000
7.229418 0.045000 7.108962 0.045000 9.549278 0.045000 9.690441 0.045000 6.523235 0.045000 6.766522 0.045000 1.971819 0.045000 1.904988 0.045000
7.432726 0.225000 7.116881 0.045000 9.415005 0.045000 9.622510 0.045000 6.428595 0.045000 6.638828 0.045000 2.130682 0.045000 1.981923 0.045000
7.215962 0.045000 7.283857 0.045000 9.349324 0.045000 9.477190 0.045000 6.332072 0.045000 6.553635 0.045000 2.213996 0.045000 2.153299 0.045000
7.418637 0.045000 7.240215 0.045000 9.258897 0.045000 9.495453 0.045000 6.439241 0.225000 6.412519 0.045000 2.322223 0.045000 2.189155 0.045000
7.383774 0.045000 7.337688 0.045000 9.249270 0.045000 9.249737 0.045000 5.992669 0.045000 6.171888 0.045000 2.486094 0.045000 2.247698 0.045000
7.413406 0.045000 7.448130 0.045000 9.149097 0.045000 9.249766 0.045000 5.922692 0.045000 6.217461 0.045000 2.583439 0.045000 2.406514 0.045000
7.516277 0.045000 7.694598 0.225000 9.152233 0.045000 9.170624 0.045000 5.904009 0.045000 5.985393 0.045000 2.610785 0.045000 2.513562 0.045000
7.505676 0.045000 7.433924 0.045000 8.973831 0.045000 9.193516 0.045000 6.291431 0.225000 5.937945 0.045000 2.755730 0.045000 3.202265 0.225000
7.518647 0.045000 7.453072 0.045000 8.903563 0.045000 9.037013 0.045000 5.645795 0.045000 6.397592 0.225000 2.890832 0.045000 2.658150 0.045000
7.580336 0.045000 7.433232 0.045000 8.964780 0.045000 9.058857 0.045000 5.808796 0.225000 6.139765 0.225000 2.949206 0.045000 2.768081 0.045000
7.610544 0.045000 7.519022 0.045000 9.064786 0.225000 8.943436 0.045000 5.467051 0.045000 5.768249 0.045000 3.049755 0.045000 2.783894 0.045000
7.672999 0.045000 7.813758 0.225000 8.787619 0.045000 9.575888 0.225000 5.418478 0.045000 5.645063 0.045000 2.967898 0.045000 2.897443 0.045000
7.586232 0.045000 7.577196 0.045000 9.065096 0.225000 8.892589 0.045000 5.407903 0.045000 5.590508 0.045000 3.008936 0.045000 2.854426 0.045000
7.523298 0.045000 7.488096 0.045000 8.793557 0.045000 8.921202 0.045000 5.399324 0.045000 5.552283 0.045000 3.293967 0.225000 2.911109 0.045000
7.519831 0.045000 7.591459 0.045000 8.769634 0.045000 9.108522 0.225000 5.397080 0.045000 5.523155 0.045000 3.007786 0.045000 2.890431 0.045000
7.961279 0.225000 7.610227 0.045000 9.446679 0.225000 8.942752 0.045000 5.325826 0.045000 5.565618 0.045000 3.196096 0.045000 2.937859 0.045000
7.479213 0.045000 7.559490 0.045000 9.108491 0.225000 8.820514 0.045000 5.421124 0.045000 5.387108 0.045000 3.152665 0.045000 3.071351 0.045000
7.855324 0.225000 7.547375 0.045000 8.586270 0.045000 8.825889 0.045000 5.314345 0.045000 5.361717 0.045000 3.389740 0.045000 3.116488 0.225000
7.278603 0.045000 7.455130 0.045000 8.410632 0.045000 8.560251 0.045000 5.407059 0.045000 5.366945 0.045000 3.271090 0.045000 3.260483 0.045000
7.269094 0.045000 7.358635 0.045000 8.324469 0.045000 8.555814 0.045000 5.456409 0.045000 5.377260 0.225000 3.337094 0.045000 3.368746 0.045000
7.114668 0.045000 7.236794 0.045000 8.157635 0.045000 8.362821 0.045000 5.425785 0.045000 5.309482 0.045000 3.448810 0.045000 3.332208 0.045000
7.115013 0.045000 7.501355 0.225000 8.166369 0.045000 8.298496 0.045000 5.462699 0.045000 5.495573 0.045000 3.530495 0.045000 3.398258 0.045000
6.869160 0.045000 6.995255 0.045000 8.067737 0.045000 8.166556 0.045000 5.487329 0.045000 5.491774 0.045000 3.528946 0.045000 3.472299 0.045000
6.822660 0.045000 7.242725 0.225000 7.964483 0.045000 8.305157 0.225000 6.033489 0.225000 5.504731 0.045000 3.657692 0.045000 3.521897 0.045000
6.629805 0.045000 7.325976 0.225000 7.860284 0.045000 8.757785 0.225000 5.594174 0.045000 5.555668 0.045000 3.673968 0.045000 3.546505 0.045000
6.531421 0.045000 6.708311 0.045000 7.711621 0.045000 7.834225 0.045000 5.638952 0.045000 5.635684 0.225000 3.817922 0.045000 3.695258 0.045000
6.429834 0.045000 6.605059 0.045000 7.632318 0.045000 7.821185 0.045000 5.636270 0.045000 5.579504 0.045000 3.918560 0.045000 3.752815 0.045000
6.398723 0.045000 6.481438 0.045000 7.640695 0.045000 7.743555 0.045000 5.818816 0.045000 5.649739 0.045000 3.924708 0.045000 3.868110 0.045000
6.316160 0.045000 6.425007 0.045000 7.466052 0.045000 7.560829 0.045000 5.761096 0.045000 5.624201 0.045000 4.190888 0.225000 3.972219 0.045000
6.136395 0.045000 6.313216 0.045000 7.376195 0.045000 7.509956 0.045000 5.900461 0.045000 5.767860 0.045000 4.265076 0.225000 4.010529 0.045000
5.965026 0.045000 6.126735 0.045000 7.309454 0.045000 7.391479 0.045000 5.891962 0.045000 6.271410 0.225000 4.261873 0.045000 4.028185 0.045000
5.855485 0.045000 6.020790 0.045000 7.239345 0.045000 7.319568 0.045000 7.857800 0.225000 5.820361 0.045000 4.327461 0.045000 4.138107 0.045000
5.753762 0.225000 5.991485 0.045000 7.525107 0.225000 7.220490 0.045000 6.086893 0.045000 5.882729 0.045000 4.508693 0.045000 4.225577 0.045000
5.612451 0.045000 5.894537 0.045000 7.053528 0.045000 7.186812 0.045000 6.108537 0.045000 6.027877 0.045000 4.487577 0.045000 4.318700 0.045000
5.536030 0.045000 5.763108 0.045000 6.978822 0.045000 7.047203 0.045000 6.226982 0.045000 6.101438 0.045000 4.661239 0.225000 4.348766 0.045000
5.416073 0.045000 5.649425 0.045000 6.810123 0.045000 7.072479 0.045000 6.239574 0.045000 6.111575 0.045000 4.729758 0.045000 4.495404 0.045000
5.621180 0.225000 5.599656 0.045000 6.787379 0.045000 6.860030 0.045000 6.299726 0.045000 6.250627 0.045000 4.770464 0.045000 4.695747 0.045000
5.250802 0.045000 5.452521 0.045000 6.684667 0.045000 6.871602 0.045000 6.338739 0.225000 6.167555 0.225000 4.866457 0.045000 4.807388 0.225000
5.220669 0.045000 5.299838 0.045000 6.752908 0.225000 6.804140 0.045000 6.420704 0.045000 6.352941 0.045000 5.011938 0.045000 4.865994 0.045000
5.093903 0.045000 5.214378 0.045000 6.619906 0.045000 6.623949 0.045000 6.518213 0.045000 6.464870 0.045000 5.084741 0.045000 4.987003 0.045000
4.912928 0.045000 5.182975 0.045000 6.502559 0.045000 6.658090 0.045000 6.611499 0.045000 6.470989 0.045000 5.142837 0.045000 5.071721 0.045000
4.850705 0.045000 4.996389 0.045000 6.384541 0.045000 6.498776 0.045000 6.660855 0.045000 7.082051 0.225000 5.254235 0.045000 5.203381 0.045000
4.718147 0.045000 4.895981 0.045000 6.238382 0.225000 6.461683 0.045000 6.813600 0.045000 6.712760 0.045000 5.391541 0.045000 5.180571 0.045000
4.646904 0.045000 4.847833 0.045000 6.245971 0.045000 6.357508 0.045000 6.825194 0.045000 6.731518 0.225000 5.570871 0.045000 5.370036 0.045000
4.524761 0.045000 4.946541 0.225000 6.247554 0.045000 6.302024 0.045000 6.915817 0.045000 6.785774 0.045000 5.514999 0.045000 5.428949 0.045000
4.515558 0.045000 4.684487 0.225000 6.050682 0.045000 6.170546 0.045000 7.007855 0.045000 6.858205 0.045000 5.694802 0.045000 5.448867 0.045000
4.348225 0.045000 4.511890 0.045000 6.053069 0.045000 6.108803 0.045000 7.101693 0.045000 6.941632 0.045000 5.868326 0.045000 5.660544 0.045000
4.324039 0.045000 4.482568 0.045000 5.970382 0.045000 6.016938 0.045000 7.712496 0.225000 7.071133 0.045000 5.956800 0.045000 5.821288 0.045000
4.243465 0.045000 4.660904 0.225000 5.932066 0.045000 6.079010 0.045000 7.442794 0.225000 7.158224 0.045000 6.055272 0.045000 5.873520 0.045000
4.134111 0.045000 4.275625 0.045000 5.771012 0.045000 6.126706 0.225000 7.421873 0.045000 7.271499 0.045000 6.482156 0.225000 5.992416 0.045000
4.089174 0.045000 4.193000 0.045000 5.826467 0.045000 5.880883 0.045000 7.430187 0.045000 7.473292 0.225000 6.311186 0.045000 6.065834 0.045000
3.979804 0.045000 4.147838 0.045000 5.631730 0.045000 5.833846 0.045000 7.552572 0.045000 7.464043 0.045000 6.366347 0.045000 6.129857 0.045000
3.944470 0.045000 4.020771 0.045000 6.332699 0.225000 5.768862 0.045000 7.504553 0.045000 7.465113 0.045000 6.477326 0.225000 6.322361 0.045000
3.827992 0.045000 3.933760 0.045000 5.566791 0.045000 5.721881 0.045000 7.687268 0.045000 7.626545 0.045000 6.606351 0.045000 6.450487 0.045000
3.716475 0.045000 3.869822 0.045000 5.593232 0.045000 5.651387 0.045000 7.804985 0.045000 7.701104 0.045000 6.746350 0.045000 6.564512 0.045000
3.664074 0.045000 3.875680 0.045000 5.480707 0.045000 5.605281 0.045000 7.930250 0.045000 7.755614 0.045000 6.871918 0.045000 6.523763 0.045000
3.688946 0.045000 3.785257 0.045000 5.399534 0.045000 5.485048 0.045000 8.042129 0.045000 7.823640 0.045000 6.976665 0.045000 6.803737 0.045000
3.524509 0.045000 3.626317 0.045000 5.387072 0.045000 5.421319 0.045000 8.035619 0.045000 7.926170 0.045000 7.111770 0.045000 6.912231 0.045000
3.578511 0.045000 3.633063 0.045000 5.400299 0.045000 5.473716 0.045000 8.254009 0.045000 7.974008 0.045000 7.173051 0.045000 6.978302 0.045000
3.540964 0.045000 3.602895 0.045000 5.379153 0.045000 5.426369 0.045000 8.270605 0.045000 8.094080 0.045000 7.227284 0.045000 7.074523 0.045000
3.370156 0.045000 3.536187 0.045000 5.368012 0.045000 5.360848 0.045000 8.358801 0.045000 8.139187 0.045000 7.294297 0.045000 7.149443 0.045000
3.453261 0.045000 4.012882 0.225000 5.331087 0.045000 5.346832 0.045000 8.400595 0.045000 8.280118 0.045000 7.271416 0.045000 7.197214 0.045000
3.744400 0.225000 3.477047 0.045000 5.345032 0.045000 5.355220 0.045000 8.430668 0.045000 8.364431 0.225000 7.420903 0.045000 7.171831 0.045000
3.363820 0.045000 3.485644 0.045000 5.285613 0.045000 5.336674 0.045000 8.521697 0.225000 8.252735 0.045000 7.469870 0.045000 7.283314 0.045000
3.414020 0.045000 3.420382 0.045000 5.218482 0.045000 5.338167 0.045000 8.515705 0.045000 8.338837 0.045000 7.470049 0.045000 7.303709 0.045000
3.328708 0.045000 3.393870 0.045000 5.248255 0.045000 5.263919 0.045000 8.774765 0.225000 8.371569 0.045000 7.436527 0.045000 7.328427 0.045000
3.380054 0.045000 3.476355 0.045000 5.266643 0.045000 5.307561 0.045000 8.519797 0.045000 8.558920 0.225000 7.597658 0.045000 8.154140 0.225000
3.391976 0.045000 3.298718 0.045000 5.085951 0.045000 5.289676 0.045000 8.477965 0.045000 8.340759 0.045000 7.643146 0.045000 7.418009 0.045000
3.477800 0.045000 3.434193 0.045000 4.893658 0.225000 5.216640 0.045000 8.917191 0.225000 8.470977 0.045000 8.209923 0.225000 7.502547 0.045000
3.627129 0.045000 3.360690 0.045000 5.573317 0.225000 5.142376 0.045000 8.443650 0.045000 8.516549 0.045000 7.785484 0.045000 7.634116 0.045000
3.711003 0.045000 3.474674 0.045000 4.816859 0.045000 5.022056 0.045000 8.399217 0.045000 8.566457 0.045000 7.801778 0.045000 7.732613 0.045000
3.751303 0.045000 3.654206 0.045000 4.925819 0.225000 4.878806 0.045000 8.352246 0.045000 8.459589 0.045000 7.898774 0.045000 7.767640 0.045000
3.870359 0.045000 3.699036 0.045000 4.629962 0.045000 4.739814 0.045000 8.252849 0.225000 8.383287 0.045000 7.985891 0.045000 7.825698 0.045000
4.062237 0.045000 3.795939 0.045000 4.447291 0.045000 4.678652 0.045000 8.712944 0.225000 8.308112 0.045000 8.064587 0.045000 7.950938 0.045000
4.163215 0.045000 3.982316 0.045000 4.350354 0.045000 4.516134 0.045000 8.488699 0.225000 8.263099 0.045000 8.057262 0.045000 7.970328 0.045000
4.276292 0.045000 4.119329 0.045000 4.198175 0.045000 4.431511 0.045000 8.063297 0.045000 8.266023 0.045000 8.129441 0.045000 8.013166 0.045000
4.410486 0.045000 4.232611 0.045000 4.092839 0.045000 4.238441 0.045000 9.311625 0.225000 8.184386 0.045000 8.136313 0.045000 8.044789 0.045000
4.484450 0.045000 4.308590 0.045000 3.989696 0.045000 4.157652 0.045000 7.984359 0.045000 8.113593 0.045000 8.324430 0.045000 8.135559 0.045000
4.586839 0.045000 4.409974 0.045000 3.832237 0.045000 4.007173 0.045000 7.901675 0.045000 8.125473 0.045000 8.282774 0.045000 8.175785 0.045000
4.701161 0.045000 4.480581 0.045000 3.783926 0.045000 4.000721 0.045000 7.987379 0.045000 7.991427 0.045000 8.363124 0.045000 8.259711 0.045000
4.840757 0.045000 4.596444 0.045000 3.782417 0.045000 3.938651 0.045000 7.942496 0.045000 7.971471 0.045000 8.362957 0.045000 8.250197 0.045000
4.849997 0.045000 4.665137 0.045000 3.659664 0.045000 3.859251 0.045000 7.962150 0.045000 7.984337 0.045000 8.454568 0.045000 8.292493 0.045000
4.853665 0.045000 4.732417 0.045000 3.661117 0.045000 3.817654 0.045000 7.865798 0.045000 7.861474 0.045000 8.509461 0.045000 8.383003 0.045000
4.965922 0.045000 4.722953 0.045000 4.222489 0.225000 3.805136 0.225000 7.748148 0.045000 7.882911 0.045000 8.676851 0.225000 8.403451 0.045000
4.985176 0.045000 4.797165 0.045000 3.489055 0.045000 3.709198 0.045000 7.826106 0.045000 7.935104 0.045000 8.575789 0.045000 8.409062 0.045000
5.015815 0.045000 4.862134 0.045000 3.488162 0.045000 3.652000 0.045000 7.748413 0.045000 7.899800 0.045000 8.636954 0.045000 8.447134 0.045000
4.995136 0.045000 4.841537 0.045000 4.006968 0.225000 3.663528 0.045000 7.725324 0.225000 7.875554 0.045000 8.510079 0.045000 8.537718 0.045000
5.150698 0.225000 4.862632 0.045000 3.420217 0.045000 3.550683 0.045000 8.214019 0.225000 7.827186 0.045000 8.535796 0.045000 8.487691 0.045000
5.065617 0.045000 4.991571 0.045000 3.401119 0.045000 3.541912 0.045000 7.637692 0.045000 7.800692 0.045000 8.491508 0.045000 8.571309 0.045000
5.170442 0.045000 5.369010 0.225000 3.672897 0.225000 3.498668 0.045000 7.490485 0.045000 7.764570 0.045000 8.412522 0.045000 8.497921 0.045000
5.218948 0.225000 5.184426 0.045000 3.497197 0.045000 3.463084 0.045000 7.339130 0.045000 7.623630 0.045000 8.307695 0.045000 8.431179 0.045000
5.365482 0.045000 5.112567 0.045000 4.746409 0.225000 3.477240 0.045000 7.358912 0.225000 7.393332 0.045000 8.575007 0.225000 8.410584 0.045000
5.233750 0.045000 5.233526 0.045000 3.576305 0.045000 3.563250 0.045000 7.143977 0.045000 7.265147 0.045000 8.159896 0.045000 8.284349 0.045000
5.295838 0.045000 5.257846 0.045000 3.714464 0.045000 3.611750 0.045000 6.995681 0.045000 7.128568 0.045000 8.120593 0.045000 8.191309 0.045000
5.446224 0.045000 5.219350 0.045000 3.701762 0.045000 3.640966 0.045000 6.929682 0.045000 7.113340 0.045000 7.838061 0.045000 8.893116 0.225000
5.389599 0.045000 5.356784 0.045000 3.792639 0.045000 3.667297 0.045000 6.828177 0.045000 6.912861 0.045000 7.811728 0.045000 8.000615 0.045000
5.687076 0.225000 5.425180 0.225000 3.891024 0.045000 3.727860 0.045000 6.767022 0.045000 6.854974 0.045000 7.698430 0.045000 7.918957 0.045000
5.522370 0.045000 5.475929 0.045000 3.927149 0.045000 3.917992 0.045000 6.560513 0.045000 6.838083 0.045000 7.638239 0.045000 7.726296 0.045000
5.570226 0.045000 5.530560 0.045000 4.634202 0.225000 3.870148 0.045000 6.465279 0.045000 6.657719 0.045000 7.604940 0.045000 7.695918 0.045000
5.668522 0.045000 5.536962 0.045000 3.996942 0.045000 3.977050 0.045000 6.392074 0.045000 6.626264 0.045000 7.420775 0.045000 7.652758 0.045000
5.819912 0.045000 5.613742 0.045000 4.113518 0.045000 4.056960 0.045000 6.287698 0.045000 6.406543 0.045000 7.368709 0.045000 7.802300 0.225000
5.728519 0.045000 5.635072 0.045000 4.244476 0.045000 4.048241 0.045000 6.185112 0.045000 6.310969 0.045000 7.320472 0.045000 7.422173 0.045000
5.869321 0.045000 5.693607 0.045000 4.295619 0.045000 4.165361 0.045000 6.079102 0.045000 6.222302 0.045000 7.239601 0.045000 7.308264 0.045000
5.918708 0.045000 5.754889 0.045000 4.455289 0.045000 4.292365 0.045000 5.939731 0.045000 6.047647 0.045000 7.049333 0.045000 7.152214 0.045000
5.942301 0.045000 5.828402 0.045000 4.512355 0.045000 4.330929 0.045000 5.924878 0.045000 5.996578 0.045000 6.979728 0.045000 7.196294 0.045000
6.050523 0.045000 5.940990 0.045000 4.502113 0.045000 4.452518 0.045000 5.720509 0.045000 5.882157 0.045000 6.962527 0.045000 7.058365 0.045000
6.070381 0.045000 5.970284 0.045000 4.714235 0.045000 4.566989 0.045000 5.643066 0.045000 5.766824 0.045000 6.852759 0.045000 7.006369 0.045000
6.219205 0.045000 6.014113 0.045000 4.783495 0.045000 4.660231 0.045000 5.473197 0.045000 5.610396 0.045000 7.107858 0.225000 6.870848 0.045000
6.188585 0.045000 6.093075 0.045000 4.806675 0.045000 4.694448 0.045000 5.424715 0.045000 5.550904 0.045000 6.663682 0.045000 6.791050 0.045000
6.308498 0.045000 6.229608 0.045000 4.926752 0.045000 4.819814 0.045000 5.504991 0.225000 5.458188 0.045000 6.640756 0.045000 6.737813 0.045000
6.421270 0.045000 6.252114 0.045000 5.086893 0.045000 4.868810 0.045000 5.160732 0.045000 5.382492 0.045000 6.532143 0.045000 6.687244 0.045000
6.517923 0.045000 6.433647 0.045000 5.122394 0.045000 4.938239 0.045000 5.147559 0.045000 5.313440 0.045000 6.384398 0.045000 6.630842 0.225000
6.567296 0.045000 6.481241 0.045000 5.210113 0.045000 5.088222 0.045000 4.909489 0.045000 5.098068 0.045000 6.342185 0.045000 6.516962 0.045000
6.565018 0.045000 6.466419 0.045000 5.353547 0.045000 5.214792 0.045000 5.333132 0.225000 5.039664 0.045000 6.219877 0.045000 6.454134 0.045000
6.733864 0.045000 6.597639 0.045000 5.447920 0.045000 5.291970 0.045000 4.767036 0.045000 4.929648 0.045000 6.311862 0.045000 6.420444 0.045000
6.817443 0.045000 6.602668 0.045000 5.594802 0.225000 5.387469 0.045000 4.734501 0.045000 4.906899 0.045000 6.203069 0.045000 6.254078 0.045000
7.024514 0.225000 6.830609 0.045000 5.642895 0.045000 5.485015 0.045000 4.594783 0.045000 4.704627 0.045000 6.140493 0.045000 6.294480 0.045000
6.986146 0.045000 7.031215 0.225000 5.769683 0.045000 5.642010 0.045000 4.607730 0.225000 4.703032 0.045000 6.075469 0.045000 6.269338 0.225000
7.083719 0.045000 6.959069 0.045000 5.821494 0.045000 5.699960 0.045000 4.392782 0.045000 4.524183 0.045000 5.939755 0.045000 5.988786 0.225000
7.145916 0.045000 7.017825 0.045000 5.997952 0.045000 5.733968 0.045000 4.377417 0.045000 4.494514 0.045000 5.899759 0.045000 5.982008 0.045000
7.663915 0.225000 7.137070 0.045000 6.067651 0.045000 5.930948 0.045000 4.231348 0.045000 4.378840 0.045000 5.879770 0.045000 6.243956 0.225000
7.424827 0.045000 7.213435 0.045000 6.202130 0.045000 5.953737 0.045000 4.172497 0.045000 4.318355 0.045000 5.857702 0.045000 5.917181 0.045000
7.422310 0.045000 7.294320 0.045000 6.272714 0.045000 6.123266 0.045000 4.138504 0.045000 4.172995 0.045000 5.703296 0.045000 5.836475 0.045000
7.541470 0.045000 7.373027 0.045000 6.473152 0.045000 6.259374 0.045000 3.983657 0.045000 4.123243 0.045000 5.733398 0.045000 5.729940 0.045000
7.657519 0.045000 7.475472 0.045000 7.159972 0.225000 6.345726 0.045000 4.180972 0.225000 4.034913 0.045000 5.627930 0.045000 5.780163 0.045000
7.782267 0.045000 7.612851 0.045000 6.656926 0.045000 6.452701 0.045000 3.801441 0.045000 4.042186 0.225000 5.576655 0.045000 5.558578 0.045000
7.923155 0.045000 7.692080 0.045000 6.810706 0.045000 6.552381 0.045000 3.768396 0.045000 3.751964 0.045000 5.520266 0.045000 5.598363 0.045000
8.015352 0.045000 7.823191 0.045000 6.806431 0.045000 6.730161 0.045000 3.738289 0.045000 3.816973 0.045000 5.486342 0.045000 5.595730 0.045000
8.171136 0.045000 7.906095 0.045000 6.933881 0.045000 6.822945 0.045000 3.605135 0.045000 3.921364 0.225000 5.389519 0.045000 5.937473 0.225000
8.085093 0.045000 7.944970 0.045000 7.030206 0.045000 6.827145 0.045000 3.640845 0.045000 3.613228 0.045000 5.338988 0.045000 5.471164 0.045000
8.168442 0.045000 8.064762 0.045000 7.045697 0.045000 6.895045 0.045000 3.522784 0.045000 3.654801 0.045000 5.427057 0.045000 5.395396 0.045000
8.212316 0.045000 8.129408 0.045000 7.279696 0.045000 7.007875 0.045000 4.240832 0.225000 3.532236 0.045000 5.400893 0.045000 5.404782 0.045000
8.327295 0.045000 8.303198 0.225000 7.297130 0.045000 7.066251 0.045000 3.878628 0.225000 3.520121 0.045000 5.265483 0.045000 5.465678 0.045000
8.417205 0.045000 8.204698 0.045000 7.349860 0.045000 7.180488 0.045000 3.450319 0.045000 3.466354 0.045000 5.278855 0.045000 5.423997 0.045000
8.403559 0.045000 8.282663 0.045000 8.148983 0.225000 7.277698 0.045000 3.406270 0.045000 3.488333 0.045000 5.296103 0.045000 5.270541 0.045000
8.479866 0.045000 8.314303 0.045000 7.433571 0.045000 7.248496 0.045000 3.337209 0.045000 3.749760 0.225000 5.299379 0.045000 5.307988 0.045000
8.448774 0.045000 8.337139 0.045000 7.447600 0.045000 7.281046 0.045000 3.376061 0.225000 3.479793 0.045000 5.298931 0.045000 5.321833 0.045000
8.617391 0.045000 8.366997 0.045000 7.626455 0.225000 7.344024 0.045000 3.277398 0.045000 3.340706 0.045000 5.737906 0.225000 5.349760 0.045000
8.574931 0.045000 8.395773 0.045000 7.472953 0.045000 7.409990 0.045000 3.250519 0.045000 3.402996 0.045000 5.326079 0.045000 5.244831 0.045000
8.864626 0.225000 8.459533 0.045000 7.564261 0.045000 7.410080 0.045000 3.188669 0.045000 3.401227 0.045000 5.367323 0.045000 5.199150 0.045000
8.720410 0.045000 8.528771 0.045000 7.621602 0.045000 7.521998 0.045000 3.122407 0.045000 3.288654 0.045000 5.435924 0.045000 5.218365 0.045000
8.872571 0.045000 8.635221 0.045000 7.533982 0.045000 7.545536 0.045000 2.969195 0.045000 3.169212 0.045000 5.430901 0.225000 5.374889 0.045000
8.894148 0.045000 8.753792 0.045000 7.480740 0.045000 7.538331 0.045000 2.861122 0.045000 3.041270 0.045000 5.698304 0.045000 5.547296 0.225000
9.043853 0.045000 8.862687 0.045000 7.524336 0.045000 7.484993 0.045000 2.736410 0.045000 2.996743 0.045000 6.795529 0.225000 5.651953 0.045000
9.105605 0.045000 8.939191 0.045000 7.451158 0.045000 7.480997 0.045000 2.677868 0.045000 2.837804 0.045000 5.879495 0.045000 5.651308 0.045000
9.253861 0.045000 9.007500 0.045000 7.377712 0.045000 7.458018 0.045000 2.525984 0.045000 2.721144 0.045000 6.036442 0.045000 5.772711 0.045000
9.140755 0.045000 9.665268 0.225000 7.361082 0.045000 7.402583 0.045000 2.416865 0.045000 2.762761 0.225000 6.051413 0.045000 5.915479 0.045000
9.304996 0.045000 9.246138 0.045000 7.382668 0.045000 7.368136 0.045000 2.284539 0.045000 2.420327 0.045000 6.214582 0.045000 6.035260 0.225000
9.479840 0.045000 9.312891 0.045000 7.298331 0.045000 7.379070 0.045000 2.140219 0.045000 2.325761 0.045000 6.350211 0.045000 6.072142 0.045000
9.588362 0.045000 9.358073 0.045000 7.402154 0.045000 7.315296 0.225000 2.123041 0.045000 2.290831 0.045000 6.625685 0.225000 6.313274 0.045000
9.491227 0.045000 9.413402 0.045000 7.266125 0.045000 7.269864 0.045000 2.032372 0.045000 2.147950 0.045000 6.614704 0.045000 6.592305 0.225000
9.630952 0.045000 9.478673 0.045000 7.240961 0.045000 7.276868 0.045000 1.955569 0.045000 2.048961 0.045000 6.608488 0.045000 7.696161 0.225000
9.696579 0.045000 9.476050 0.045000 7.224935 0.045000 7.277627 0.045000 2.371890 0.225000 2.047480 0.045000 6.675150 0.045000 6.537585 0.045000
9.713205 0.045000 9.619510 0.045000 7.244097 0.045000 7.205506 0.045000 1.807349 0.045000 1.914805 0.045000 6.862791 0.045000 6.588390 0.045000
9.744468 0.045000 9.582560 0.045000 7.153223 0.045000 7.183395 0.045000 1.815414 0.045000 1.893218 0.045000 6.873079 0.045000 6.656524 0.045000
9.760665 0.045000 9.673856 0.045000 7.162979 0.045000 7.215660 0.045000 1.676767 0.045000 1.906390 0.045000 6.927764 0.045000 6.769540 0.045000
9.840842 0.045000 9.661490 0.045000 7.904851 0.225000 7.270596 0.045000 1.665471 0.045000 1.832295 0.045000 6.959605 0.045000 6.737974 0.045000
9.826256 0.045000 9.750402 0.045000 7.160933 0.045000 7.310434 0.045000 1.686804 0.045000 1.785469 0.045000 7.040361 0.045000 6.794486 0.045000
9.928345 0.045000 9.687437 0.045000 7.444486 0.225000 7.208695 0.045000 1.700232 0.045000 1.749762 0.045000 7.057518 0.045000 6.820072 0.045000
9.811155 0.045000 9.830910 0.045000 7.167696 0.045000 7.560301 0.225000 1.758390 0.225000 1.662588 0.045000 7.060101 0.045000 6.893889 0.045000
9.771420 0.045000 9.864673 0.045000 7.023481 0.045000 7.192464 0.045000 1.662400 0.045000 1.750200 0.045000 7.067230 0.045000 7.016289 0.045000
9.779562 0.045000 9.861637 0.045000 6.912245 0.045000 7.070767 0.045000 1.818699 0.045000 1.680432 0.045000 7.117258 0.045000 7.110746 0.045000
9.604178 0.045000 9.768243 0.045000 6.746736 0.045000 6.968025 0.045000 1.828818 0.045000 1.790070 0.045000 7.201949 0.045000 7.217618 0.045000
9.623128 0.045000 9.658686 0.045000 6.604231 0.045000 6.885552 0.045000 1.915152 0.045000 1.826043 0.045000 7.124497 0.045000 6.868474 0.225000
9.438821 0.045000 9.600627 0.045000 6.545530 0.045000 6.715809 0.045000 2.083095 0.045000 2.231641 0.225000 7.257776 0.045000 7.181974 0.045000
9.404582 0.045000 9.536972 0.045000 6.344160 0.045000 6.569067 0.045000 2.187436 0.045000 2.044335 0.045000 7.351104 0.045000 7.196344 0.045000
9.238485 0.045000 9.472914 0.045000 6.271449 0.045000 6.445569 0.045000 2.292542 0.045000 3.565598 0.225000 7.229730 0.045000 7.282474 0.225000
9.176958 0.045000 9.320569 0.045000 6.161844 0.045000 6.376451 0.045000 2.471128 0.045000 2.261483 0.045000 7.291284 0.045000 7.214747 0.045000
9.116602 0.045000 9.234407 0.045000 6.047417 0.045000 6.196883 0.045000 2.536201 0.045000 2.335885 0.045000 7.347895 0.045000 7.302865 0.045000
9.095677 0.045000 9.112440 0.045000 5.897926 0.045000 6.161543 0.045000 2.620898 0.045000 2.419665 0.045000 7.413365 0.045000 7.352947 0.045000
8.941654 0.045000 9.112755 0.045000 5.733938 0.045000 5.980258 0.045000 2.709503 0.045000 2.593065 0.045000 7.427281 0.045000 7.429208 0.045000
8.891605 0.045000 8.973549 0.045000 5.747220 0.045000 5.871675 0.045000 2.854002 0.045000 2.756296 0.045000 7.523761 0.045000 7.386185 0.045000
8.818444 0.045000 8.965514 0.045000 5.519332 0.045000 5.688633 0.045000 2.952395 0.045000 2.751001 0.045000 7.557268 0.045000 7.478582 0.045000
8.751166 0.045000 8.892950 0.045000 5.407557 0.045000 5.617766 0.045000 3.147287 0.045000 2.853699 0.045000 7.635643 0.045000 7.483595 0.045000
8.766208 0.045000 8.872031 0.045000 5.299597 0.045000 5.405813 0.045000 3.166097 0.045000 3.749977 0.225000 7.612247 0.045000 7.579832 0.045000
9.150021 0.225000 8.775453 0.045000 5.495392 0.225000 5.339061 0.045000 3.249583 0.045000 3.104102 0.045000 7.714003 0.045000 7.624369 0.045000
8.554288 0.045000 8.625634 0.045000 5.032205 0.045000 5.235878 0.045000 3.466982 0.045000 3.275516 0.045000 7.738583 0.045000 7.701550 0.045000
8.501636 0.045000 8.549425 0.045000 4.901752 0.045000 5.093367 0.045000 3.595318 0.045000 3.408651 0.045000 7.787062 0.045000 7.695491 0.045000
8.902306 0.225000 8.500510 0.045000 4.828583 0.045000 4.988064 0.045000 3.688473 0.045000 3.972048 0.225000 7.864674 0.045000 7.788797 0.045000
8.367823 0.045000 8.480231 0.045000 4.769945 0.045000 4.825631 0.045000 3.797441 0.045000 3.566689 0.045000 7.880780 0.045000 7.869214 0.045000
8.344490 0.045000 8.346352 0.045000 4.559419 0.045000 4.745362 0.045000 3.912487 0.045000 3.716210 0.045000 7.953772 0.045000 7.868418 0.045000
8.510440 0.225000 8.323458 0.045000 4.420663 0.045000 4.648731 0.045000 4.047645 0.045000 3.896024 0.045000 8.059668 0.045000 7.948333 0.045000
8.183843 0.045000 8.221643 0.045000 4.350297 0.045000 4.485103 0.045000 4.219110 0.045000 3.969658 0.045000 8.119916 0.045000 8.036434 0.045000
8.064938 0.045000 8.416435 0.225000 4.178549 0.045000 4.388921 0.045000 4.277488 0.045000 4.138392 0.045000 8.572682 0.225000 7.992052 0.045000
8.388589 0.225000 8.148432 0.045000 4.114928 0.045000 4.239609 0.045000 4.422073 0.045000 4.221508 0.045000 8.211360 0.045000 8.096089 0.045000
7.966865 0.045000 8.080285 0.045000 3.876223 0.045000 4.152684 0.045000 4.534535 0.045000 4.322115 0.045000 8.238517 0.045000 8.211912 0.045000
7.867267 0.045000 8.000011 0.045000 3.748985 0.045000 3.989180 0.045000 4.633001 0.045000 4.434806 0.045000 8.387782 0.045000 8.266797 0.045000
7.860234 0.045000 7.871964 0.045000 3.749760 0.045000 3.962729 0.045000 4.745188 0.045000 4.582731 0.045000 8.349640 0.045000 8.320275 0.045000
7.810297 0.045000 7.929638 0.045000 3.582087 0.045000 3.779190 0.045000 4.807882 0.045000 5.402754 0.225000 8.497148 0.045000 8.310550 0.045000
7.667690 0.045000 7.782868 0.045000 3.471040 0.045000 3.627934 0.045000 4.949663 0.045000 4.804962 0.045000 8.527189 0.045000 8.513507 0.045000
7.680080 0.045000 7.828938 0.045000 3.653451 0.225000 3.543785 0.045000 5.132055 0.045000 4.947892 0.045000 8.607531 0.045000 8.550778 0.045000
7.615601 0.045000 7.743821 0.045000 3.243567 0.045000 3.977426 0.225000 5.234427 0.045000 5.107530 0.045000 8.614046 0.225000 8.664922 0.045000
7.625403 0.045000 7.690487 0.045000 3.163021 0.045000 3.278802 0.045000 5.309802 0.045000 5.242230 0.045000 8.816355 0.045000 8.752690 0.045000
7.575146 0.045000 7.580934 0.045000 2.922645 0.045000 3.225660 0.045000 5.544203 0.045000 5.294513 0.045000 8.865228 0.045000 8.726055 0.045000
7.822672 0.225000 7.540442 0.045000 2.919375 0.045000 3.256687 0.225000 5.606659 0.045000 5.387471 0.045000 8.994421 0.045000 8.752791 0.045000
7.507775 0.045000 7.761065 0.225000 2.715618 0.045000 3.173335 0.225000 5.745152 0.045000 5.542398 0.045000 9.015048 0.045000 8.944801 0.045000
7.451285 0.045000 7.494988 0.045000 2.556658 0.045000 2.814930 0.045000 5.907697 0.045000 5.662476 0.045000 9.080985 0.045000 8.972588 0.045000
7.515181 0.045000 7.485786 0.045000 2.536585 0.045000 2.688325 0.045000 5.969965 0.045000 5.815349 0.045000 9.191590 0.045000 9.128653 0.045000
7.326470 0.045000 7.431911 0.045000 2.524650 0.225000 2.598588 0.045000 6.955351 0.225000 5.892020 0.045000 9.315138 0.045000 9.131271 0.045000
7.446362 0.045000 7.322033 0.045000 2.344485 0.045000 2.473490 0.045000 6.275123 0.045000 6.214732 0.225000 9.332099 0.045000 9.197895 0.045000
7.370218 0.045000 7.392288 0.045000 2.189680 0.045000 2.369787 0.045000 6.353649 0.045000 6.210237 0.045000 9.382931 0.045000 9.304138 0.045000
7.378320 0.045000 7.464528 0.045000 2.087655 0.045000 2.235374 0.045000 6.470897 0.045000 6.305550 0.045000 11.334382 0.225000 9.660377 0.225000
7.357061 0.045000 7.247160 0.045000 1.909837 0.045000 2.228661 0.045000 6.507440 0.045000 6.372198 0.045000 9.962350 0.225000 9.482042 0.045000
7.281360 0.045000 7.346651 0.045000 1.984241 0.045000 2.066536 0.045000 6.600009 0.045000 6.409675 0.045000 9.592300 0.045000 10.050264 0.225000
7.923778 0.225000 7.278865 0.045000 1.898592 0.045000 2.073977 0.045000 6.604906 0.045000 6.492956 0.045000 9.664135 0.045000 9.532916 0.045000
7.228083 0.045000 7.293801 0.045000 1.792591 0.045000 1.947332 0.045000 6.794554 0.045000 6.570199 0.045000 9.695838 0.045000 9.539331 0.045000
7.147802 0.045000 7.295238 0.045000 1.795445 0.045000 1.916172 0.045000 6.861543 0.225000 6.651514 0.045000 9.803348 0.045000 9.617037 0.045000
7.177151 0.045000 7.282505 0.045000 1.774962 0.045000 1.924382 0.045000 6.836499 0.045000 6.760590 0.045000 9.699760 0.045000 9.623827 0.045000
7.209211 0.045000 7.223870 0.045000 1.753474 0.045000 1.862821 0.045000 6.885719 0.045000 7.168166 0.225000 9.802906 0.045000 9.734241 0.045000
