1.487391 0.030000 1.375222 0.030000 7.049481 0.030000 7.058466 0.030000 9.747389 0.030000 9.915707 0.030000 6.911763 0.030000 7.151895 0.030000 4.096983 0.030000 4.272294 0.030000 3.241502 0.030000 3.268461 0.150000 7.463281 0.030000 7.711369 0.030000 3.076864 0.030000 3.289257 0.030000 7.573660 0.030000 7.623640 0.030000
1.606456 0.030000 1.477107 0.030000 7.072021 0.030000 7.058859 0.030000 9.735583 0.030000 9.876817 0.030000 6.860342 0.030000 7.091832 0.030000 4.113741 0.030000 4.280870 0.030000 3.234512 0.030000 3.145423 0.030000 8.067196 0.150000 7.596539 0.030000 2.958007 0.030000 3.172643 0.030000 7.523648 0.030000 7.568649 0.030000
1.645387 0.030000 1.502281 0.030000 7.092245 0.030000 7.441296 0.150000 9.690731 0.030000 9.792699 0.030000 6.736642 0.030000 6.918612 0.030000 4.005220 0.030000 4.122355 0.030000 3.263799 0.030000 3.185037 0.030000 7.247973 0.030000 7.476180 0.030000 2.861130 0.030000 3.044862 0.030000 7.488812 0.030000 7.535797 0.030000
1.753375 0.030000 1.618518 0.030000 7.134901 0.030000 7.028489 0.030000 9.595972 0.030000 9.740298 0.030000 6.619650 0.030000 6.809474 0.030000 3.931589 0.030000 4.614260 0.150000 3.359098 0.030000 3.237111 0.030000 7.154554 0.030000 7.099654 0.150000 2.775129 0.030000 2.924054 0.030000 7.420089 0.030000 7.538442 0.030000
1.888434 0.030000 1.693495 0.030000 7.186013 0.030000 7.100532 0.030000 9.469001 0.030000 9.600338 0.030000 6.545480 0.030000 6.643284 0.030000 3.870862 0.030000 4.020029 0.030000 3.375298 0.030000 3.284774 0.030000 7.064463 0.030000 7.227357 0.030000 2.611147 0.030000 2.774520 0.030000 7.414370 0.030000 7.460493 0.030000
2.245495 0.150000 1.722158 0.150000 7.240523 0.030000 7.199307 0.030000 9.447387 0.030000 9.548239 0.030000 6.379352 0.030000 6.594843 0.030000 3.816232 0.030000 3.891494 0.030000 3.475834 0.030000 3.327215 0.030000 6.982560 0.030000 7.115434 0.030000 2.519290 0.030000 2.910757 0.150000 7.373965 0.030000 7.434370 0.150000
2.117153 0.030000 1.930271 0.030000 7.209155 0.030000 7.108704 0.030000 9.320398 0.030000 9.447959 0.030000 6.237316 0.030000 6.408712 0.030000 3.742746 0.030000 3.834349 0.030000 3.593780 0.150000 3.413172 0.030000 6.858839 0.030000 7.063512 0.030000 2.410151 0.030000 2.610292 0.030000 7.294088 0.030000 7.392980 0.030000
2.223178 0.030000 2.002101 0.030000 7.258577 0.030000 7.229189 0.030000 9.250081 0.030000 9.384543 0.030000 6.124540 0.030000 6.326952 0.030000 3.588157 0.150000 3.764692 0.030000 3.545891 0.030000 3.441594 0.030000 6.762240 0.030000 6.939203 0.030000 2.257088 0.030000 2.457093 0.030000 7.309365 0.030000 7.375440 0.030000
2.346049 0.030000 2.129466 0.030000 7.252254 0.030000 7.304292 0.030000 9.170445 0.030000 9.291133 0.030000 5.983308 0.030000 6.183358 0.030000 3.596507 0.030000 3.679422 0.030000 3.597791 0.030000 3.538144 0.030000 6.585190 0.030000 6.823872 0.030000 2.187582 0.030000 2.320415 0.030000 7.300018 0.030000 7.281859 0.030000
2.379202 0.030000 2.370224 0.150000 7.323026 0.030000 7.258532 0.030000 9.071957 0.030000 9.196169 0.030000 5.863407 0.030000 6.079933 0.030000 3.506389 0.030000 3.628492 0.030000 3.684601 0.030000 3.545465 0.030000 6.506169 0.030000 6.675583 0.030000 2.039277 0.030000 2.260017 0.030000 7.146495 0.150000 7.247708 0.030000
3.111477 0.150000 2.359085 0.030000 7.388571 0.030000 7.247281 0.030000 8.962866 0.030000 9.085969 0.030000 5.790692 0.030000 5.933420 0.030000 3.417196 0.030000 3.528427 0.030000 3.811690 0.030000 3.429756 0.150000 6.392277 0.030000 7.167536 0.150000 1.983035 0.030000 2.133540 0.030000 7.252564 0.030000 7.271189 0.030000
2.621758 0.030000 2.467022 0.030000 7.388556 0.030000 7.330236 0.030000 8.904231 0.030000 9.017463 0.030000 5.621965 0.030000 5.820970 0.030000 3.374096 0.150000 3.492745 0.030000 3.864977 0.030000 3.760688 0.030000 6.342221 0.030000 7.047950 0.150000 1.836461 0.030000 2.015495 0.030000 7.745498 0.150000 7.233768 0.030000
2.734700 0.030000 2.550728 0.030000 7.433174 0.030000 7.370012 0.030000 8.862548 0.030000 8.987286 0.030000 5.607695 0.150000 5.711285 0.030000 3.312210 0.030000 3.412146 0.030000 3.954543 0.030000 3.843838 0.030000 6.172879 0.030000 6.383879 0.150000 1.762088 0.030000 1.914620 0.030000 7.093095 0.030000 7.348156 0.150000
2.858449 0.030000 2.697541 0.030000 7.508709 0.030000 7.422204 0.030000 8.749274 0.030000 8.873761 0.030000 5.396278 0.030000 5.586919 0.030000 3.730569 0.150000 3.386277 0.030000 4.033526 0.030000 3.905299 0.030000 6.030980 0.030000 6.272562 0.030000 1.685255 0.030000 1.800799 0.030000 7.104167 0.030000 7.168764 0.030000
2.972745 0.030000 2.825657 0.030000 7.505840 0.030000 7.471239 0.030000 8.875314 0.150000 8.843176 0.030000 5.240603 0.030000 5.504970 0.030000 3.250326 0.030000 3.289696 0.030000 4.129355 0.030000 4.111319 0.150000 5.989649 0.030000 6.122096 0.030000 1.570251 0.030000 1.610182 0.030000 7.082395 0.030000 7.163730 0.030000
3.152021 0.030000 2.925944 0.030000 7.601245 0.030000 7.492738 0.030000 8.574553 0.030000 8.774843 0.030000 5.141413 0.030000 5.338021 0.030000 3.220021 0.030000 3.250946 0.030000 4.198549 0.030000 4.049994 0.030000 5.899881 0.030000 6.012355 0.030000 1.733644 0.150000 1.566534 0.030000 7.067917 0.030000 7.099114 0.030000
3.530583 0.150000 3.425605 0.150000 7.619549 0.030000 7.511366 0.030000 8.485605 0.030000 8.652603 0.030000 4.998187 0.030000 5.220095 0.030000 3.154293 0.030000 3.243345 0.030000 4.252653 0.030000 4.096179 0.030000 5.721171 0.030000 5.952651 0.030000 1.422958 0.030000 1.520646 0.030000 7.395143 0.150000 7.095690 0.030000
3.359041 0.030000 3.213179 0.030000 7.645829 0.030000 7.588261 0.030000 8.471436 0.030000 8.637384 0.030000 4.857275 0.030000 5.138138 0.030000 3.172583 0.030000 3.164775 0.030000 4.467728 0.030000 4.218542 0.030000 5.653023 0.030000 5.758025 0.030000 1.247189 0.030000 1.426008 0.030000 7.061915 0.030000 7.353290 0.150000
3.475774 0.030000 3.892437 0.150000 7.883969 0.150000 7.675330 0.030000 8.386655 0.030000 8.574448 0.030000 4.681521 0.030000 4.931681 0.030000 3.109586 0.030000 3.405442 0.150000 4.525731 0.030000 4.359939 0.030000 5.505772 0.030000 5.676773 0.030000 1.250746 0.030000 1.326821 0.030000 7.020551 0.030000 7.094561 0.030000
3.707855 0.150000 3.351844 0.030000 7.779681 0.030000 7.743497 0.030000 8.323102 0.030000 8.435047 0.030000 4.648047 0.030000 4.816788 0.030000 3.051172 0.030000 3.204504 0.150000 5.508775 0.150000 4.415845 0.030000 5.509643 0.030000 5.616489 0.030000 1.199832 0.030000 1.254844 0.030000 7.051866 0.030000 7.002166 0.150000
3.723717 0.030000 3.546316 0.030000 7.850407 0.030000 7.781452 0.030000 8.309105 0.030000 8.387554 0.030000 4.487361 0.030000 4.699487 0.030000 3.066313 0.030000 3.043427 0.030000 5.510639 0.150000 4.542368 0.030000 5.339410 0.030000 5.465099 0.030000 3.328074 0.150000 1.228119 0.030000 7.082870 0.030000 7.025338 0.030000
3.827013 0.030000 3.641948 0.030000 7.894366 0.030000 7.767520 0.030000 8.251250 0.030000 8.287553 0.030000 5.456085 0.150000 4.541369 0.030000 3.053045 0.030000 2.989816 0.030000 4.741377 0.030000 4.626540 0.030000 5.217980 0.030000 5.376720 0.030000 1.014987 0.030000 1.106763 0.030000 7.308817 0.150000 7.041997 0.030000
3.950090 0.030000 3.784303 0.030000 7.908300 0.030000 7.851499 0.030000 8.125521 0.030000 8.229558 0.030000 4.248276 0.030000 4.492149 0.030000 2.995075 0.030000 4.126418 0.150000 4.881345 0.030000 4.718488 0.030000 5.081648 0.030000 5.275243 0.030000 1.006295 0.030000 1.074424 0.030000 7.060127 0.030000 7.017091 0.030000
4.032383 0.030000 3.850866 0.030000 8.027563 0.030000 7.971211 0.030000 8.053783 0.030000 8.218613 0.030000 4.194457 0.030000 4.398354 0.030000 3.014910 0.030000 3.021263 0.030000 5.042359 0.030000 4.851538 0.030000 5.047577 0.030000 5.186170 0.030000 1.006063 0.030000 0.967832 0.150000 7.087301 0.030000 7.019345 0.030000
4.189914 0.030000 3.942240 0.030000 8.716976 0.150000 7.971408 0.030000 7.958229 0.030000 8.431280 0.150000 4.065642 0.030000 4.213112 0.030000 2.982410 0.030000 3.357320 0.150000 5.055968 0.030000 5.161475 0.150000 4.931987 0.030000 5.066279 0.030000 1.012653 0.030000 0.972588 0.030000 7.291726 0.150000 7.022858 0.030000
4.275902 0.030000 4.107988 0.030000 8.181993 0.030000 8.056874 0.030000 7.934054 0.030000 8.050648 0.030000 4.676525 0.150000 4.165841 0.030000 3.054317 0.030000 3.020699 0.030000 5.195056 0.030000 5.038947 0.030000 4.830009 0.030000 5.007113 0.030000 1.021279 0.030000 1.039263 0.030000 6.978939 0.030000 7.034425 0.030000
4.357184 0.030000 4.250773 0.030000 8.184342 0.030000 8.530986 0.150000 7.905068 0.030000 8.020083 0.030000 3.872467 0.030000 4.008033 0.150000 3.016790 0.030000 3.050807 0.030000 5.284367 0.030000 5.087911 0.030000 4.792777 0.030000 4.886472 0.030000 1.031977 0.030000 1.026137 0.030000 7.009415 0.030000 7.037303 0.030000
4.511557 0.030000 4.324730 0.030000 8.258444 0.030000 8.181724 0.030000 7.857830 0.030000 7.992599 0.030000 3.700862 0.030000 4.381461 0.150000 3.014490 0.030000 3.383374 0.150000 5.354201 0.030000 5.202155 0.030000 4.638173 0.030000 4.740468 0.030000 1.102077 0.030000 1.019776 0.030000 7.063996 0.030000 7.003861 0.030000
4.946993 0.150000 4.482226 0.030000 8.370871 0.030000 8.218935 0.030000 7.772052 0.030000 7.899293 0.030000 3.542101 0.030000 3.721279 0.030000 3.060918 0.030000 3.048278 0.030000 5.477092 0.030000 5.366704 0.030000 4.506445 0.030000 4.822767 0.150000 1.156336 0.030000 1.072750 0.030000 7.035780 0.030000 6.975771 0.030000
4.823140 0.030000 4.574369 0.030000 8.407856 0.030000 8.284041 0.030000 7.458729 0.150000 7.819828 0.030000 3.455311 0.030000 3.628598 0.030000 3.043214 0.030000 3.302748 0.150000 5.606448 0.030000 5.421717 0.030000 4.433158 0.030000 4.602993 0.030000 1.213027 0.030000 1.060226 0.030000 7.104679 0.030000 7.019896 0.030000
4.896856 0.030000 4.661655 0.030000 8.519809 0.030000 8.682587 0.150000 7.660857 0.030000 7.828587 0.030000 3.346875 0.030000 3.539488 0.030000 3.106010 0.030000 3.084041 0.030000 5.641540 0.030000 5.515035 0.030000 4.325774 0.030000 4.529818 0.030000 1.261824 0.030000 1.169749 0.030000 7.087581 0.030000 7.085664 0.030000
5.017115 0.030000 4.845207 0.030000 8.560093 0.030000 8.428415 0.030000 7.641232 0.030000 7.723130 0.150000 3.242907 0.030000 3.454989 0.030000 3.138519 0.030000 3.058201 0.030000 5.820290 0.030000 5.638096 0.030000 4.273776 0.030000 4.420433 0.030000 1.359256 0.030000 1.256612 0.030000 7.101874 0.030000 7.064721 0.030000
5.078167 0.030000 5.054227 0.150000 8.670769 0.030000 8.550595 0.030000 7.620544 0.030000 7.686513 0.030000 3.973436 0.150000 3.292410 0.030000 3.174512 0.030000 3.169984 0.030000 5.897664 0.030000 5.764991 0.030000 4.200048 0.030000 4.309737 0.030000 1.429424 0.030000 1.317280 0.030000 7.120570 0.030000 7.164906 0.030000
5.242688 0.030000 5.081171 0.030000 8.727532 0.030000 8.565960 0.030000 7.567387 0.030000 7.626054 0.030000 2.970933 0.030000 3.103976 0.030000 3.182755 0.030000 3.179758 0.030000 6.036989 0.030000 5.858640 0.030000 4.120826 0.030000 4.179919 0.030000 1.553873 0.030000 1.437116 0.030000 7.140461 0.030000 7.086516 0.030000
5.399067 0.030000 5.188259 0.150000 8.814665 0.030000 8.614076 0.030000 7.506544 0.030000 7.600090 0.030000 2.900776 0.030000 3.012356 0.030000 3.283478 0.030000 3.945512 0.150000 6.117406 0.030000 5.909296 0.030000 3.996511 0.030000 4.137291 0.030000 1.900678 0.150000 1.536141 0.030000 7.682913 0.150000 7.134499 0.030000
5.538224 0.030000 5.321230 0.030000 8.893690 0.030000 8.847222 0.150000 7.462234 0.030000 7.537709 0.030000 2.743899 0.030000 2.924832 0.030000 3.347562 0.030000 3.300534 0.030000 6.253114 0.030000 6.053401 0.030000 3.929367 0.030000 4.017688 0.030000 1.772455 0.030000 1.690503 0.150000 7.182691 0.030000 7.144111 0.030000
5.636432 0.030000 5.487949 0.030000 8.942027 0.030000 8.807960 0.030000 7.405969 0.030000 7.502916 0.030000 2.579355 0.030000 2.842629 0.030000 3.363473 0.030000 3.317144 0.030000 6.319864 0.030000 6.129123 0.030000 3.894030 0.030000 3.957181 0.150000 1.813914 0.030000 1.722510 0.030000 7.252948 0.030000 7.426896 0.150000
5.764644 0.030000 5.569307 0.030000 9.010523 0.030000 8.838582 0.030000 7.408649 0.030000 7.399385 0.030000 2.463663 0.030000 2.671020 0.030000 3.521495 0.030000 3.362511 0.030000 6.500356 0.030000 6.268789 0.030000 3.815010 0.030000 3.899923 0.030000 1.957356 0.030000 1.727980 0.030000 7.261325 0.030000 7.199782 0.030000
5.852670 0.030000 5.702291 0.030000 9.139573 0.030000 8.983737 0.030000 7.327831 0.030000 7.525860 0.150000 2.403015 0.030000 2.569118 0.030000 3.490038 0.030000 3.811657 0.150000 6.517550 0.030000 6.385263 0.030000 3.748119 0.030000 3.844076 0.030000 2.024022 0.030000 1.898597 0.030000 7.266906 0.030000 7.194864 0.030000
5.936394 0.030000 5.802533 0.030000 9.166608 0.030000 9.059308 0.150000 7.285279 0.030000 7.366478 0.030000 2.299731 0.030000 2.474135 0.030000 3.516952 0.030000 3.485638 0.030000 6.724497 0.030000 6.500111 0.030000 3.647185 0.030000 3.743975 0.030000 2.159205 0.030000 1.999763 0.030000 7.295005 0.030000 7.247204 0.030000
6.314189 0.150000 6.488409 0.150000 9.337178 0.030000 9.156262 0.150000 7.263424 0.030000 7.457723 0.150000 2.155034 0.030000 2.351070 0.030000 3.643031 0.030000 3.566102 0.030000 6.766436 0.030000 6.630640 0.030000 3.573324 0.030000 3.647929 0.030000 2.347385 0.030000 2.174747 0.030000 7.380318 0.030000 7.250509 0.030000
6.359688 0.150000 6.086804 0.030000 9.307994 0.030000 9.189248 0.030000 7.246448 0.030000 7.560997 0.150000 2.087741 0.030000 2.200341 0.030000 3.729255 0.030000 3.640478 0.030000 6.927193 0.030000 6.694915 0.150000 3.499652 0.030000 3.604029 0.030000 2.440557 0.030000 2.205937 0.030000 7.370471 0.030000 7.345398 0.030000
6.721144 0.150000 6.143302 0.030000 9.433884 0.030000 9.321594 0.030000 7.220678 0.030000 9.237057 0.150000 1.994952 0.030000 2.081982 0.030000 3.769491 0.030000 3.980428 0.150000 7.033444 0.030000 6.838808 0.150000 3.468817 0.030000 3.547071 0.030000 2.443820 0.030000 2.336823 0.030000 7.386141 0.030000 7.381918 0.030000
6.440568 0.030000 6.286874 0.030000 9.527207 0.030000 9.381936 0.030000 7.180837 0.030000 7.239247 0.030000 1.891329 0.030000 2.677369 0.150000 5.233042 0.150000 3.749848 0.030000 7.054023 0.030000 6.940049 0.030000 3.397530 0.030000 3.441177 0.030000 2.623866 0.030000 2.400752 0.030000 7.457251 0.030000 7.381638 0.030000
6.592856 0.030000 6.365776 0.030000 9.617176 0.030000 9.605952 0.150000 7.176065 0.030000 7.405848 0.150000 1.842121 0.030000 1.990057 0.030000 3.872075 0.030000 3.795351 0.030000 7.164865 0.030000 7.036176 0.030000 3.403161 0.030000 3.473200 0.030000 2.638256 0.030000 2.491169 0.030000 7.512792 0.030000 7.441701 0.030000
6.582828 0.030000 6.427703 0.030000 9.694310 0.150000 9.456122 0.030000 7.128996 0.030000 7.148635 0.030000 1.779993 0.030000 1.920435 0.030000 3.988495 0.030000 3.855572 0.030000 7.187066 0.030000 7.098252 0.030000 3.323764 0.030000 3.443197 0.030000 2.725991 0.030000 2.525451 0.030000 7.457719 0.030000 7.415860 0.030000
6.698998 0.030000 6.572506 0.150000 9.618559 0.030000 9.445076 0.030000 7.171129 0.030000 7.169876 0.030000 1.661694 0.030000 1.818247 0.030000 4.022680 0.030000 3.930312 0.030000 7.285815 0.030000 7.115913 0.030000 3.322728 0.030000 3.401449 0.030000 2.837882 0.030000 2.627449 0.030000 7.506194 0.030000 7.800629 0.150000
6.710457 0.030000 6.521076 0.030000 9.671444 0.030000 9.591811 0.030000 7.131534 0.030000 7.189808 0.030000 1.621454 0.030000 1.817297 0.030000 4.019048 0.030000 3.899813 0.030000 7.321565 0.030000 7.149874 0.030000 3.270438 0.030000 3.372064 0.030000 2.881789 0.030000 2.709106 0.150000 7.520001 0.030000 7.472801 0.150000
6.814140 0.030000 6.535826 0.030000 9.734930 0.030000 9.604958 0.030000 7.133422 0.030000 7.125786 0.030000 1.618957 0.030000 1.736513 0.030000 4.124123 0.150000 3.882786 0.030000 7.427204 0.030000 7.227640 0.030000 3.440531 0.150000 3.377917 0.030000 2.905128 0.030000 2.727590 0.030000 7.573168 0.030000 7.481583 0.030000
6.756977 0.030000 6.584600 0.030000 9.757249 0.030000 9.604015 0.030000 7.106131 0.030000 7.125712 0.030000 1.542653 0.030000 1.779482 0.030000 4.106288 0.030000 3.979807 0.030000 7.945485 0.150000 7.235750 0.030000 3.294400 0.030000 3.361557 0.030000 2.937880 0.030000 2.792135 0.030000 7.585683 0.030000 7.569297 0.030000
6.858418 0.030000 6.570569 0.030000 9.778849 0.030000 10.068448 0.150000 7.135048 0.030000 7.206719 0.030000 1.685192 0.150000 1.739640 0.030000 4.129431 0.030000 3.916863 0.030000 7.433521 0.030000 7.299041 0.030000 3.221176 0.030000 3.349786 0.030000 2.990053 0.150000 2.802030 0.030000 7.580989 0.030000 7.553592 0.030000
6.885021 0.030000 6.692294 0.030000 9.742468 0.030000 9.675042 0.030000 7.089107 0.030000 7.253808 0.030000 1.571256 0.030000 1.683803 0.030000 4.101088 0.030000 3.997062 0.030000 7.522831 0.030000 7.364406 0.030000 3.186121 0.030000 3.302830 0.030000 2.999310 0.030000 2.758328 0.030000 7.559956 0.030000 7.604230 0.030000
6.982219 0.030000 6.769001 0.030000 9.689693 0.030000 9.727196 0.030000 7.021536 0.030000 7.135300 0.030000 1.695120 0.150000 1.663538 0.030000 4.097707 0.030000 4.029113 0.030000 7.471491 0.030000 7.427578 0.030000 3.098772 0.030000 3.500406 0.150000 3.047464 0.030000 2.840504 0.030000 7.525468 0.030000 7.550644 0.030000
7.156329 0.150000 6.857830 0.030000 9.737218 0.030000 9.717171 0.030000 6.943121 0.030000 7.026608 0.030000 1.615045 0.030000 1.511436 0.030000 4.053673 0.030000 4.082133 0.030000 7.434756 0.030000 7.510763 0.150000 3.039824 0.030000 3.180688 0.030000 3.171259 0.030000 2.982390 0.030000 7.645172 0.150000 7.513163 0.030000
7.042063 0.030000 6.949681 0.030000 9.683848 0.030000 9.749573 0.030000 6.768664 0.030000 7.064270 0.030000 1.553947 0.150000 1.728615 0.150000 3.961105 0.030000 4.088378 0.030000 7.407040 0.030000 7.513408 0.030000 2.914870 0.030000 3.097611 0.030000 3.224841 0.030000 3.103529 0.030000 7.353926 0.030000 7.496839 0.030000
7.046454 0.030000 7.031800 0.030000 9.595308 0.030000 9.713446 0.030000 6.664126 0.030000 6.801043 0.030000 1.766170 0.030000 1.613813 0.030000 3.987287 0.030000 4.080243 0.030000 7.455924 0.030000 7.425546 0.030000 2.781568 0.030000 2.975984 0.030000 3.268361 0.030000 3.156196 0.030000 7.235312 0.030000 7.383535 0.030000
7.081431 0.030000 7.007536 0.030000 9.534895 0.030000 9.618842 0.030000 6.660389 0.150000 6.764491 0.030000 1.878402 0.030000 1.737773 0.030000 3.855908 0.030000 3.931800 0.030000 7.404772 0.030000 7.364385 0.030000 2.625207 0.030000 2.797227 0.030000 3.333822 0.030000 3.197469 0.030000 7.097080 0.030000 7.337769 0.030000
7.156461 0.030000 7.061004 0.030000 10.120209 0.150000 9.548794 0.030000 6.386310 0.030000 6.636072 0.030000 1.969675 0.030000 1.761147 0.030000 3.816598 0.030000 3.863677 0.030000 7.405446 0.030000 7.404340 0.030000 2.541905 0.030000 2.747401 0.030000 3.418806 0.030000 3.223906 0.030000 7.007217 0.030000 7.253511 0.030000
7.189317 0.030000 7.109167 0.030000 9.342437 0.030000 9.430555 0.030000 6.328141 0.030000 6.480162 0.030000 2.171230 0.030000 1.923347 0.030000 3.637429 0.030000 3.792650 0.030000 7.330426 0.030000 7.383330 0.030000 2.572927 0.150000 2.424093 0.150000 3.456164 0.030000 3.336123 0.030000 6.926459 0.030000 7.095085 0.030000
7.212597 0.030000 7.511679 0.150000 9.265444 0.030000 9.381083 0.030000 6.175667 0.150000 6.262950 0.030000 2.188903 0.030000 2.037261 0.030000 3.581107 0.030000 3.707714 0.030000 7.241548 0.030000 7.354955 0.030000 2.293219 0.030000 2.489785 0.030000 3.539066 0.030000 3.398876 0.030000 6.719276 0.030000 6.936474 0.030000
7.229520 0.030000 7.150758 0.030000 9.179801 0.030000 9.310564 0.030000 6.091170 0.150000 6.229293 0.030000 2.287743 0.030000 2.123564 0.030000 3.542052 0.030000 3.612600 0.030000 7.253480 0.030000 7.292365 0.030000 2.204645 0.030000 2.353444 0.030000 3.605780 0.030000 3.489976 0.030000 6.651062 0.030000 6.841196 0.030000
7.316994 0.030000 7.240092 0.030000 9.084222 0.030000 9.180595 0.030000 6.689613 0.150000 6.097862 0.030000 2.464877 0.030000 2.232104 0.030000 3.507560 0.030000 3.551753 0.030000 7.204472 0.030000 7.272368 0.030000 2.122630 0.030000 2.283932 0.030000 3.662673 0.030000 3.576495 0.030000 6.591773 0.030000 6.754560 0.030000
7.331684 0.030000 7.186222 0.030000 9.292247 0.150000 9.160652 0.030000 5.834459 0.030000 5.976346 0.030000 2.464320 0.150000 2.291082 0.030000 3.381997 0.030000 3.564150 0.030000 7.260508 0.030000 7.277030 0.030000 2.189636 0.150000 2.193017 0.030000 3.716305 0.030000 3.611433 0.030000 6.542235 0.150000 6.655052 0.030000
7.323889 0.030000 7.243697 0.030000 8.962419 0.030000 9.109008 0.030000 5.683293 0.030000 5.943066 0.030000 2.612146 0.150000 2.716309 0.150000 3.418576 0.030000 3.472299 0.030000 7.136641 0.030000 7.206700 0.030000 2.009217 0.150000 2.083690 0.030000 3.796868 0.030000 3.689566 0.030000 6.403957 0.030000 6.597976 0.030000
7.377705 0.030000 7.334248 0.030000 8.891335 0.030000 9.053578 0.030000 5.586548 0.030000 5.821062 0.030000 2.674350 0.030000 2.470637 0.030000 3.389103 0.030000 3.428743 0.030000 7.992635 0.150000 7.213920 0.030000 1.837583 0.030000 1.993875 0.030000 3.878393 0.030000 3.761856 0.030000 6.313362 0.030000 6.738462 0.150000
7.441250 0.030000 7.357903 0.030000 8.910523 0.030000 8.955155 0.030000 5.570615 0.030000 5.740371 0.030000 2.756179 0.030000 2.602440 0.030000 3.290141 0.030000 3.404719 0.030000 7.129908 0.030000 7.199067 0.030000 1.737818 0.030000 2.255564 0.150000 3.916068 0.030000 3.789972 0.030000 6.265064 0.030000 6.437501 0.030000
7.404148 0.030000 8.357416 0.150000 8.810001 0.030000 8.946859 0.030000 5.469188 0.030000 5.702570 0.030000 2.782099 0.030000 2.841220 0.150000 3.294767 0.030000 3.376976 0.030000 7.117595 0.030000 7.196529 0.030000 1.709756 0.030000 1.925458 0.030000 3.905276 0.030000 3.842531 0.030000 6.104303 0.030000 6.372790 0.030000
7.420878 0.030000 7.415305 0.030000 8.799601 0.030000 8.886252 0.030000 5.430483 0.030000 5.614205 0.030000 2.919397 0.030000 2.682756 0.030000 3.289166 0.030000 3.305150 0.030000 7.146039 0.030000 7.153255 0.030000 1.602036 0.030000 1.813109 0.030000 4.036979 0.030000 3.843083 0.030000 6.200237 0.030000 6.311424 0.030000
7.472644 0.030000 7.418626 0.030000 8.919295 0.150000 8.888735 0.030000 5.365332 0.030000 5.580055 0.030000 3.038041 0.150000 2.755206 0.030000 3.291843 0.030000 3.308845 0.030000 7.128041 0.030000 7.138987 0.030000 1.603556 0.030000 1.761694 0.030000 4.102144 0.030000 3.897858 0.030000 6.062572 0.030000 6.255064 0.030000
7.481385 0.030000 7.369130 0.030000 8.780334 0.030000 8.812355 0.030000 5.300255 0.030000 5.489588 0.030000 3.008850 0.030000 2.803364 0.030000 3.195029 0.030000 3.318478 0.030000 7.108446 0.030000 7.595311 0.150000 1.585980 0.030000 1.752391 0.030000 4.087964 0.030000 3.921530 0.030000 6.266902 0.150000 6.242971 0.030000
7.504270 0.030000 7.372087 0.030000 8.724732 0.030000 8.839103 0.030000 5.315057 0.030000 5.446099 0.030000 2.970632 0.030000 2.772202 0.030000 3.257946 0.030000 3.312349 0.150000 7.098629 0.030000 7.161522 0.030000 1.596956 0.030000 1.738725 0.030000 4.094709 0.030000 4.136044 0.150000 6.081339 0.030000 6.191853 0.030000
7.454369 0.030000 7.491218 0.030000 8.641085 0.030000 8.794328 0.030000 5.313973 0.030000 5.413980 0.030000 3.008794 0.030000 2.757144 0.030000 3.191743 0.030000 3.298278 0.030000 7.175802 0.150000 7.132411 0.030000 1.597827 0.030000 2.446026 0.150000 4.113720 0.030000 4.000115 0.030000 6.232184 0.150000 6.163930 0.030000
7.496172 0.030000 7.554008 0.030000 8.573150 0.030000 8.875999 0.030000 5.291489 0.030000 5.380181 0.030000 3.128643 0.030000 2.836497 0.030000 3.169670 0.030000 3.292058 0.030000 6.991278 0.030000 7.142150 0.030000 1.554254 0.030000 1.705735 0.030000 4.010994 0.030000 4.088133 0.030000 5.932515 0.030000 6.155133 0.030000
7.401230 0.030000 7.514849 0.030000 8.498476 0.030000 8.743276 0.030000 5.427075 0.150000 5.354685 0.030000 3.150156 0.030000 3.001150 0.030000 2.999027 0.030000 3.260064 0.150000 6.996857 0.150000 7.301896 0.150000 2.370557 0.150000 1.606049 0.030000 4.026519 0.030000 4.099733 0.030000 5.909818 0.030000 6.027489 0.030000
7.301049 0.150000 7.461306 0.030000 8.389125 0.030000 8.569911 0.030000 5.262863 0.030000 5.252139 0.030000 3.192171 0.030000 3.032506 0.030000 2.892064 0.030000 3.069353 0.030000 6.808777 0.030000 7.004025 0.030000 1.720461 0.030000 1.579111 0.030000 3.969170 0.030000 4.049727 0.030000 5.799251 0.030000 5.917761 0.030000
7.145826 0.030000 7.337859 0.030000 8.313795 0.030000 8.499193 0.030000 5.280890 0.030000 5.246149 0.030000 3.598754 0.150000 3.148233 0.030000 2.774862 0.030000 2.969219 0.030000 6.716432 0.030000 6.854928 0.030000 1.746099 0.030000 1.607306 0.030000 3.906204 0.030000 4.049162 0.030000 5.695055 0.030000 5.866968 0.030000
7.055682 0.030000 7.255413 0.030000 8.242013 0.030000 8.397083 0.030000 5.281316 0.030000 5.239976 0.030000 3.337731 0.150000 3.174202 0.030000 2.680052 0.030000 2.849538 0.030000 6.513004 0.030000 6.765733 0.030000 1.889159 0.030000 1.710838 0.030000 3.822082 0.030000 4.003619 0.030000 5.655420 0.030000 5.814855 0.030000
6.899405 0.030000 7.129903 0.030000 8.118231 0.030000 8.294719 0.030000 5.389530 0.030000 5.313450 0.030000 3.417197 0.030000 3.278848 0.030000 2.566087 0.030000 2.738625 0.030000 6.459195 0.030000 6.604751 0.030000 1.963520 0.030000 1.846024 0.030000 3.791621 0.030000 3.805485 0.030000 5.598367 0.030000 5.708184 0.030000
6.918639 0.030000 7.060088 0.030000 8.002141 0.030000 8.218574 0.030000 5.411095 0.030000 5.319450 0.030000 3.444780 0.030000 3.343604 0.030000 2.448004 0.030000 2.614396 0.030000 6.460719 0.150000 6.549201 0.030000 2.096327 0.030000 1.922416 0.030000 4.137077 0.150000 3.797258 0.030000 5.609045 0.030000 5.638953 0.030000
6.766232 0.030000 6.929555 0.030000 8.037854 0.150000 8.080664 0.030000 5.415242 0.030000 5.364476 0.030000 3.549508 0.030000 3.431274 0.030000 2.373566 0.030000 2.461518 0.030000 6.195503 0.030000 6.354277 0.030000 2.171807 0.030000 2.245256 0.150000 3.601345 0.030000 3.699262 0.030000 5.525096 0.030000 5.604845 0.030000
6.603056 0.030000 6.775445 0.030000 7.818289 0.030000 7.958938 0.030000 5.470840 0.030000 5.413849 0.030000 3.588939 0.030000 3.444649 0.030000 2.187031 0.030000 3.285629 0.150000 6.069606 0.030000 6.305727 0.030000 2.273505 0.030000 2.094905 0.030000 3.561917 0.030000 3.617990 0.030000 5.474322 0.030000 5.550656 0.030000
6.498181 0.030000 7.477357 0.150000 8.076563 0.150000 7.912381 0.030000 5.523057 0.030000 5.431581 0.030000 3.629113 0.030000 3.579708 0.030000 2.079170 0.030000 2.262644 0.030000 5.978828 0.030000 6.090340 0.030000 2.408302 0.030000 2.224621 0.030000 3.448983 0.030000 3.522434 0.030000 5.419010 0.030000 5.538855 0.030000
6.830026 0.150000 6.605082 0.030000 7.656757 0.030000 7.757386 0.030000 5.551012 0.030000 5.548140 0.030000 3.713738 0.030000 3.620144 0.030000 2.026221 0.030000 2.222030 0.030000 5.823332 0.030000 6.029097 0.030000 2.511629 0.030000 2.345469 0.030000 3.411181 0.030000 3.495269 0.030000 5.385334 0.030000 5.415641 0.030000
6.334685 0.030000 6.472616 0.030000 7.583968 0.030000 7.707911 0.030000 5.632598 0.030000 5.475281 0.030000 3.885012 0.030000 3.674309 0.030000 1.864451 0.030000 2.240274 0.150000 5.737916 0.030000 5.881117 0.030000 2.619874 0.030000 2.461580 0.030000 3.294829 0.030000 3.410697 0.030000 5.317024 0.030000 5.385221 0.030000
6.218741 0.030000 6.278807 0.150000 7.472478 0.030000 7.615975 0.030000 5.632861 0.030000 5.588390 0.030000 3.882104 0.030000 3.785890 0.030000 1.791742 0.030000 1.931909 0.030000 5.550987 0.030000 5.796750 0.030000 2.724481 0.030000 2.608897 0.030000 3.306670 0.030000 3.383447 0.030000 5.275272 0.030000 5.373661 0.030000
6.545066 0.150000 6.274386 0.030000 7.363001 0.030000 7.444964 0.030000 5.755251 0.030000 5.618321 0.030000 4.020734 0.030000 3.879987 0.030000 1.657357 0.030000 2.221180 0.150000 5.419854 0.030000 5.650158 0.030000 2.967336 0.030000 2.666279 0.030000 3.191505 0.030000 3.351701 0.030000 5.236048 0.030000 5.290619 0.030000
5.985356 0.030000 6.158365 0.030000 7.245403 0.030000 7.383363 0.030000 5.919734 0.150000 5.719275 0.030000 4.062191 0.030000 3.936224 0.030000 1.605099 0.030000 1.773537 0.030000 5.298680 0.030000 5.538694 0.030000 3.018817 0.030000 2.772301 0.030000 3.146036 0.030000 3.224833 0.030000 5.305339 0.030000 5.268410 0.030000
6.109692 0.150000 6.036715 0.030000 7.143099 0.030000 7.338714 0.030000 5.826898 0.030000 5.741258 0.030000 4.822149 0.150000 4.032551 0.030000 1.485111 0.030000 1.674538 0.030000 5.201544 0.030000 5.506378 0.150000 3.112824 0.030000 2.908856 0.030000 3.326760 0.150000 3.168763 0.150000 5.205135 0.030000 5.248941 0.030000
5.676927 0.030000 5.927427 0.030000 7.071942 0.030000 7.208967 0.030000 6.042705 0.150000 5.784297 0.030000 4.211958 0.030000 4.130513 0.030000 1.446971 0.030000 1.557450 0.030000 5.076904 0.030000 5.293510 0.030000 3.200675 0.030000 3.070518 0.030000 3.074537 0.150000 3.085678 0.030000 5.223592 0.030000 5.250682 0.030000
5.638430 0.030000 5.794754 0.030000 7.015061 0.030000 7.134660 0.030000 6.001240 0.030000 5.857302 0.030000 4.384490 0.030000 4.180535 0.030000 1.320278 0.030000 1.450043 0.030000 4.974448 0.030000 5.139503 0.030000 3.326337 0.030000 3.110074 0.030000 3.056076 0.030000 3.066101 0.030000 5.116982 0.150000 5.180954 0.030000
5.618766 0.030000 5.705444 0.030000 6.896956 0.030000 7.064018 0.030000 5.914273 0.150000 5.907132 0.030000 4.474981 0.030000 4.226297 0.030000 1.268477 0.030000 1.363029 0.030000 4.842849 0.030000 5.045773 0.030000 3.471518 0.030000 3.256210 0.030000 3.042446 0.030000 3.083636 0.030000 5.107283 0.030000 5.143716 0.030000
5.675090 0.150000 5.609849 0.030000 6.961700 0.150000 6.961246 0.030000 6.127389 0.030000 5.978388 0.030000 4.504012 0.030000 4.376855 0.030000 1.152979 0.030000 1.281279 0.030000 4.765535 0.030000 4.929603 0.030000 3.547599 0.030000 3.365122 0.030000 3.041567 0.030000 3.058097 0.030000 5.145455 0.030000 5.164262 0.150000
5.308964 0.030000 5.425829 0.030000 6.714387 0.030000 7.740666 0.150000 6.188449 0.030000 6.055485 0.030000 4.632368 0.030000 4.430663 0.030000 1.115104 0.030000 1.230829 0.030000 4.642033 0.030000 4.803163 0.030000 3.716265 0.030000 3.536323 0.030000 2.982700 0.030000 3.021476 0.030000 5.110835 0.150000 5.074221 0.030000
5.193790 0.030000 5.384306 0.030000 6.660613 0.150000 6.761335 0.030000 6.223633 0.030000 6.772343 0.150000 4.734480 0.030000 4.584390 0.030000 1.071029 0.030000 1.257518 0.030000 4.431348 0.030000 4.664991 0.030000 3.849827 0.030000 3.573021 0.030000 2.983877 0.030000 2.986897 0.030000 5.031635 0.030000 5.032905 0.030000
5.165801 0.030000 5.294573 0.030000 6.778217 0.150000 6.745815 0.030000 6.384162 0.030000 6.159529 0.030000 4.842792 0.030000 4.598392 0.030000 0.997194 0.030000 1.448678 0.150000 5.022216 0.150000 4.534925 0.030000 3.922580 0.030000 3.711347 0.030000 2.934235 0.030000 2.996316 0.030000 5.071209 0.030000 5.074551 0.030000
4.994021 0.030000 5.179815 0.030000 6.494353 0.030000 6.547425 0.030000 6.438997 0.030000 6.223516 0.030000 4.944280 0.030000 4.741402 0.030000 1.045843 0.030000 1.164242 0.030000 4.225923 0.030000 4.422887 0.030000 4.064392 0.030000 3.844926 0.030000 2.946477 0.030000 3.011376 0.030000 5.043585 0.030000 5.092296 0.030000
4.936835 0.030000 5.131652 0.030000 6.374025 0.030000 6.564667 0.030000 6.403926 0.030000 6.356816 0.030000 5.091771 0.030000 4.862656 0.030000 1.130986 0.030000 1.064692 0.030000 4.098668 0.030000 4.705240 0.150000 4.171433 0.030000 3.924960 0.030000 2.978358 0.030000 2.993195 0.030000 5.052242 0.030000 5.080748 0.030000
4.826702 0.030000 4.986722 0.030000 6.301590 0.030000 6.652063 0.150000 6.554048 0.030000 6.401106 0.030000 5.123744 0.030000 4.962722 0.030000 1.071822 0.030000 1.036443 0.030000 3.945463 0.030000 4.163883 0.030000 4.266847 0.030000 4.555066 0.150000 2.998701 0.030000 2.928883 0.150000 5.093054 0.030000 5.047448 0.030000
4.720213 0.030000 4.932791 0.030000 6.227594 0.030000 6.388314 0.030000 6.440922 0.150000 6.479903 0.030000 5.326209 0.150000 5.055486 0.030000 1.122134 0.030000 1.302407 0.150000 3.887646 0.030000 4.064098 0.030000 4.389016 0.030000 4.132840 0.030000 2.945780 0.030000 2.959448 0.030000 5.059788 0.030000 5.061506 0.030000
4.521773 0.150000 4.779650 0.030000 6.160462 0.030000 6.266044 0.030000 6.679171 0.030000 6.518508 0.030000 5.336128 0.030000 5.138970 0.030000 1.243800 0.150000 1.102206 0.030000 3.726373 0.030000 3.932383 0.030000 4.539041 0.030000 4.314901 0.030000 3.045141 0.030000 2.898647 0.030000 5.099608 0.030000 5.074423 0.030000
4.687661 0.150000 4.729803 0.030000 6.123618 0.030000 6.182167 0.030000 6.754571 0.030000 6.599911 0.030000 5.373970 0.030000 5.267836 0.030000 1.187669 0.030000 1.123197 0.030000 4.822441 0.150000 3.823625 0.030000 4.643464 0.030000 4.495389 0.030000 3.057212 0.030000 2.953185 0.030000 5.111829 0.030000 5.022986 0.030000
4.440477 0.030000 4.608698 0.030000 6.027262 0.030000 6.164744 0.030000 6.836850 0.030000 6.701211 0.030000 5.551701 0.030000 5.356509 0.030000 1.220183 0.030000 1.142280 0.030000 3.498826 0.030000 3.715485 0.030000 4.823044 0.030000 4.585370 0.030000 3.105744 0.030000 3.006891 0.030000 5.106098 0.030000 5.092094 0.030000
4.412654 0.030000 4.535708 0.030000 5.943295 0.030000 6.067557 0.030000 6.895556 0.030000 6.788032 0.030000 5.633047 0.030000 5.495732 0.030000 1.285514 0.030000 1.207198 0.030000 3.363126 0.030000 3.548413 0.030000 4.914097 0.030000 4.638588 0.030000 3.116810 0.030000 2.999847 0.030000 5.071911 0.030000 5.108646 0.030000
4.270117 0.030000 4.401965 0.030000 5.828314 0.030000 6.038722 0.030000 7.024366 0.030000 6.906617 0.030000 5.715369 0.030000 5.568356 0.030000 1.395634 0.030000 1.282714 0.030000 3.268786 0.030000 3.437695 0.030000 5.038692 0.030000 4.825486 0.030000 3.105492 0.030000 3.107266 0.030000 5.109918 0.030000 5.147852 0.030000
4.134090 0.030000 4.362740 0.030000 5.818358 0.030000 5.958249 0.030000 7.082433 0.030000 6.936147 0.030000 5.859289 0.030000 5.711612 0.030000 1.489648 0.030000 1.406162 0.030000 3.137641 0.030000 4.141368 0.150000 5.612964 0.150000 4.976012 0.030000 3.133781 0.030000 3.061510 0.030000 5.165488 0.030000 5.064720 0.030000
4.088487 0.030000 4.229555 0.030000 5.761206 0.030000 5.906430 0.030000 7.207376 0.030000 7.094117 0.030000 5.981067 0.030000 5.819256 0.030000 1.570390 0.030000 1.410199 0.030000 3.075418 0.030000 3.236526 0.030000 5.275182 0.030000 5.049095 0.030000 3.211686 0.030000 3.167931 0.030000 5.186005 0.030000 5.104379 0.030000
4.035388 0.030000 4.137240 0.030000 5.662067 0.030000 5.827917 0.030000 7.338178 0.030000 7.149534 0.030000 6.044443 0.030000 5.872699 0.030000 1.704176 0.030000 1.483909 0.030000 2.894135 0.030000 3.094175 0.030000 5.409528 0.030000 5.144922 0.030000 3.273034 0.030000 3.174910 0.030000 5.191833 0.030000 5.088281 0.030000
3.958919 0.030000 4.053752 0.030000 5.610761 0.030000 5.739126 0.030000 7.661941 0.150000 7.235352 0.030000 6.236155 0.030000 5.979350 0.030000 1.752510 0.030000 1.663844 0.030000 2.771870 0.030000 2.964258 0.030000 5.487720 0.030000 5.288080 0.030000 3.546078 0.150000 3.240304 0.030000 5.231542 0.030000 5.210582 0.030000
4.117136 0.150000 3.957466 0.030000 5.593822 0.030000 5.697151 0.030000 7.473061 0.030000 7.289859 0.030000 6.307366 0.030000 6.051127 0.030000 1.855730 0.030000 1.934345 0.150000 3.001840 0.150000 2.887395 0.030000 5.618859 0.030000 5.431901 0.030000 3.354426 0.030000 3.395781 0.150000 5.295695 0.030000 5.239317 0.030000
3.835328 0.030000 3.927379 0.030000 5.521142 0.150000 5.666354 0.030000 7.549381 0.030000 7.402692 0.030000 6.482613 0.030000 6.254814 0.030000 2.233055 0.150000 2.279470 0.150000 2.549579 0.030000 2.771649 0.030000 5.791142 0.030000 5.510332 0.030000 3.420759 0.030000 3.358211 0.030000 5.313590 0.030000 5.249216 0.030000
3.649163 0.030000 3.831302 0.030000 5.444979 0.030000 5.552104 0.030000 7.699712 0.030000 7.529078 0.030000 6.553240 0.030000 6.345733 0.030000 2.024153 0.030000 1.920934 0.030000 2.359443 0.030000 2.577920 0.030000 5.855887 0.030000 5.689566 0.030000 3.440864 0.030000 3.365936 0.030000 5.323281 0.030000 5.259636 0.030000
3.664021 0.030000 3.765957 0.030000 5.409691 0.030000 5.498239 0.030000 7.766344 0.030000 7.593419 0.030000 6.646339 0.030000 6.418886 0.030000 2.136972 0.030000 2.194202 0.150000 2.341639 0.030000 2.681656 0.150000 5.982888 0.030000 5.776718 0.030000 3.600492 0.030000 3.467910 0.030000 5.396466 0.030000 5.353849 0.030000
3.580029 0.030000 3.667727 0.030000 5.306085 0.030000 5.467969 0.030000 8.488721 0.150000 7.695498 0.030000 6.756162 0.030000 7.001656 0.150000 2.470885 0.150000 2.155013 0.030000 2.257831 0.030000 2.372146 0.030000 6.142546 0.030000 5.935409 0.030000 3.550837 0.030000 3.523237 0.030000 5.442264 0.030000 5.577048 0.150000
3.458326 0.030000 3.584521 0.030000 5.414178 0.150000 5.393887 0.030000 7.942182 0.030000 7.764845 0.030000 6.820641 0.030000 6.705015 0.030000 2.378802 0.030000 2.256766 0.030000 2.841117 0.150000 2.217064 0.030000 6.958669 0.150000 6.052210 0.030000 3.678756 0.150000 3.447127 0.150000 5.462059 0.030000 5.366436 0.030000
3.504419 0.030000 3.591521 0.030000 5.286869 0.030000 6.282586 0.150000 8.001940 0.030000 7.871691 0.030000 6.935098 0.030000 6.776606 0.030000 2.505788 0.030000 2.310043 0.030000 2.004539 0.030000 2.169137 0.030000 6.364217 0.030000 6.147417 0.030000 3.737407 0.030000 3.607639 0.030000 5.505271 0.030000 5.456497 0.030000
3.437242 0.030000 3.545080 0.030000 5.267732 0.030000 5.320779 0.030000 8.138611 0.030000 7.957707 0.030000 7.071731 0.030000 6.899966 0.030000 2.553733 0.030000 2.407182 0.030000 1.970431 0.030000 2.080982 0.030000 6.438302 0.030000 6.292681 0.030000 3.917023 0.150000 3.684189 0.030000 5.883209 0.150000 5.478399 0.030000
3.383571 0.030000 4.467331 0.150000 5.237042 0.030000 5.287306 0.030000 8.196943 0.030000 7.984490 0.030000 7.127281 0.030000 6.956053 0.030000 2.672077 0.030000 2.484396 0.030000 1.850743 0.030000 2.010723 0.030000 6.546441 0.030000 6.344443 0.030000 3.941148 0.030000 3.792294 0.030000 5.573680 0.030000 5.560500 0.030000
3.370884 0.030000 3.387894 0.030000 5.231295 0.030000 5.225250 0.030000 8.233599 0.030000 8.029918 0.030000 7.141453 0.030000 7.007010 0.030000 2.699564 0.030000 2.627801 0.030000 2.007312 0.150000 2.071940 0.150000 6.599885 0.030000 6.420566 0.030000 3.958325 0.030000 3.809287 0.030000 5.623941 0.030000 5.571473 0.030000
3.338379 0.030000 3.408226 0.030000 5.220466 0.030000 5.213112 0.030000 8.274752 0.030000 8.096401 0.030000 7.223009 0.030000 7.122386 0.030000 2.797815 0.030000 2.627856 0.030000 1.919206 0.150000 1.908772 0.030000 6.668265 0.030000 6.476140 0.030000 4.012275 0.030000 3.866544 0.030000 5.639804 0.030000 5.562891 0.030000
3.255226 0.030000 3.783253 0.150000 5.181900 0.150000 5.250794 0.030000 8.284616 0.030000 8.164776 0.030000 7.325772 0.030000 7.432281 0.150000 2.816544 0.030000 2.696597 0.030000 1.643016 0.030000 1.835542 0.030000 6.786447 0.030000 6.544637 0.030000 4.048753 0.030000 3.888992 0.030000 5.681061 0.030000 5.610528 0.030000
3.431000 0.150000 3.354039 0.030000 5.134177 0.030000 5.247439 0.030000 8.381300 0.030000 8.192600 0.030000 7.353869 0.030000 7.367281 0.150000 2.944629 0.030000 2.712541 0.030000 1.615869 0.030000 1.819256 0.030000 6.841183 0.030000 6.637253 0.030000 4.041338 0.030000 3.957254 0.030000 5.700253 0.030000 5.658613 0.030000
3.258221 0.030000 3.389834 0.030000 5.125568 0.030000 5.135891 0.030000 8.418966 0.030000 8.247471 0.030000 7.419488 0.030000 7.234246 0.030000 2.933553 0.030000 2.783696 0.030000 1.612018 0.030000 1.784679 0.030000 6.762592 0.030000 6.619753 0.030000 4.090319 0.030000 3.934017 0.030000 5.730947 0.030000 5.666991 0.030000
3.252186 0.030000 3.327448 0.030000 5.150509 0.030000 5.212887 0.030000 8.396479 0.030000 8.295880 0.030000 7.446986 0.030000 7.254243 0.030000 2.759081 0.150000 2.789230 0.030000 1.614222 0.030000 1.753436 0.030000 6.845643 0.030000 6.610066 0.030000 4.095369 0.150000 3.916094 0.030000 5.725472 0.030000 5.630895 0.030000
3.347864 0.030000 3.290928 0.030000 5.039131 0.030000 5.204379 0.030000 8.442751 0.030000 8.305167 0.030000 7.436460 0.030000 7.260132 0.030000 2.996186 0.030000 2.871935 0.030000 1.538726 0.030000 1.649071 0.030000 6.891740 0.030000 6.711118 0.030000 4.135876 0.030000 3.965779 0.030000 5.700169 0.030000 5.637352 0.030000
3.328962 0.030000 3.196425 0.030000 5.400986 0.150000 5.187616 0.030000 8.442353 0.030000 8.369729 0.030000 7.469807 0.030000 7.362846 0.030000 2.994222 0.030000 2.898501 0.030000 1.453950 0.030000 1.663708 0.030000 6.850483 0.030000 6.753713 0.030000 4.257974 0.030000 4.033689 0.030000 5.644650 0.030000 5.737011 0.030000
3.379776 0.030000 3.229334 0.150000 4.970860 0.030000 5.106574 0.030000 8.427196 0.030000 8.420913 0.030000 7.669485 0.030000 7.471840 0.030000 3.009175 0.030000 2.976325 0.030000 1.371289 0.030000 1.568268 0.030000 6.930840 0.030000 6.861351 0.030000 4.287331 0.030000 4.113375 0.030000 5.659538 0.030000 5.693882 0.030000
3.542277 0.030000 3.314214 0.030000 4.816236 0.030000 5.013767 0.030000 8.358261 0.030000 8.429840 0.030000 7.713957 0.030000 7.530805 0.030000 3.028192 0.030000 3.033444 0.030000 1.288822 0.030000 1.445286 0.030000 6.967550 0.030000 6.907063 0.030000 4.456984 0.030000 4.187030 0.030000 5.527190 0.030000 5.684840 0.030000
3.571560 0.030000 3.442102 0.030000 4.671020 0.030000 4.871434 0.030000 8.312183 0.030000 8.368920 0.030000 7.838648 0.030000 7.636719 0.030000 2.965325 0.030000 3.000055 0.030000 1.161129 0.030000 1.387394 0.030000 6.954485 0.030000 6.969315 0.030000 4.528731 0.030000 4.323050 0.030000 5.410584 0.030000 5.640833 0.030000
3.709427 0.030000 3.590428 0.030000 4.581722 0.030000 4.760446 0.030000 8.241269 0.030000 8.285161 0.030000 7.857707 0.030000 7.657132 0.030000 3.391854 0.150000 3.037313 0.030000 1.156247 0.030000 1.237252 0.030000 7.013027 0.030000 6.897946 0.030000 4.639702 0.030000 4.499680 0.030000 5.284920 0.030000 5.497519 0.030000
3.921800 0.150000 3.660351 0.030000 4.428149 0.030000 4.577124 0.030000 8.213345 0.030000 8.288143 0.030000 7.914368 0.030000 7.752635 0.030000 2.994924 0.030000 3.029994 0.030000 1.670904 0.150000 1.198240 0.030000 6.958826 0.030000 6.957046 0.030000 4.754927 0.030000 4.594698 0.030000 5.227307 0.030000 5.311631 0.030000
3.978850 0.030000 4.074401 0.150000 4.331683 0.030000 4.456317 0.030000 8.103911 0.030000 8.154798 0.030000 7.922417 0.030000 7.818033 0.030000 2.992168 0.030000 3.010513 0.030000 1.076698 0.030000 1.163007 0.030000 7.005283 0.030000 6.917754 0.030000 4.860503 0.030000 4.658321 0.030000 5.058226 0.030000 5.298395 0.030000
4.060403 0.030000 3.853651 0.030000 4.203833 0.030000 4.373999 0.030000 8.036683 0.030000 8.153901 0.030000 7.950713 0.030000 7.960562 0.030000 2.947580 0.030000 2.948364 0.030000 1.075802 0.030000 1.016477 0.030000 7.025893 0.030000 7.093665 0.150000 4.922395 0.030000 4.743203 0.030000 4.994117 0.030000 5.217501 0.030000
4.201609 0.030000 4.047461 0.030000 4.095463 0.030000 4.233075 0.030000 7.975548 0.030000 8.121135 0.030000 8.069410 0.030000 7.978367 0.030000 3.018199 0.030000 2.989480 0.030000 1.377940 0.150000 1.012495 0.030000 7.038705 0.030000 6.975287 0.030000 5.019933 0.030000 4.888079 0.030000 4.960397 0.030000 5.088993 0.030000
4.342391 0.030000 4.136944 0.030000 3.920405 0.030000 4.182146 0.030000 7.985404 0.030000 8.027019 0.030000 8.195009 0.150000 8.000575 0.030000 3.017707 0.030000 3.012970 0.150000 1.763774 0.150000 1.024926 0.030000 7.044164 0.030000 6.992041 0.030000 5.110116 0.150000 4.959243 0.030000 4.821738 0.030000 5.298381 0.150000
4.417423 0.030000 4.248359 0.030000 3.864976 0.030000 3.980687 0.030000 7.955446 0.030000 7.990896 0.030000 8.220512 0.030000 8.127664 0.030000 3.019180 0.030000 2.969299 0.030000 1.102624 0.030000 1.065089 0.030000 7.019135 0.030000 6.939539 0.030000 5.220323 0.030000 5.033024 0.030000 4.784113 0.030000 4.951714 0.030000
4.568849 0.030000 4.319628 0.030000 3.723805 0.030000 3.927048 0.030000 7.876925 0.030000 7.943020 0.030000 8.238818 0.030000 8.112686 0.030000 3.040693 0.030000 2.982800 0.030000 1.102478 0.030000 1.090004 0.030000 6.939566 0.030000 7.017134 0.030000 5.320041 0.030000 5.139814 0.030000 4.672387 0.030000 4.572818 0.150000
4.613703 0.030000 4.454879 0.150000 3.647436 0.030000 3.888121 0.030000 7.736276 0.030000 7.871772 0.030000 8.292586 0.030000 8.535523 0.150000 3.074601 0.030000 3.043295 0.030000 1.131107 0.030000 1.011023 0.150000 6.960111 0.030000 6.921036 0.030000 5.370017 0.030000 5.206584 0.030000 4.558554 0.030000 4.809924 0.030000
4.667150 0.030000 4.446791 0.030000 3.565082 0.030000 3.792666 0.030000 7.826667 0.030000 7.848203 0.030000 8.566255 0.150000 8.220969 0.030000 3.052839 0.030000 2.967650 0.030000 1.202284 0.030000 1.111275 0.030000 6.973160 0.030000 6.995622 0.030000 5.800312 0.150000 5.293193 0.030000 4.583081 0.030000 4.697361 0.030000
4.717059 0.030000 4.554496 0.030000 3.559217 0.030000 3.691297 0.030000 7.773763 0.030000 7.792283 0.030000 8.353595 0.030000 8.435200 0.150000 3.103775 0.030000 3.019228 0.030000 1.140010 0.030000 1.146475 0.030000 7.011592 0.030000 6.995023 0.030000 5.496069 0.030000 5.370853 0.030000 4.523701 0.030000 4.656063 0.030000
4.738586 0.030000 4.621063 0.030000 3.480579 0.030000 3.718649 0.030000 7.812082 0.030000 7.829239 0.030000 8.435082 0.030000 8.295924 0.030000 3.053895 0.030000 3.070838 0.030000 1.239241 0.030000 0.964828 0.150000 7.034956 0.030000 6.970737 0.030000 5.519821 0.030000 5.373473 0.030000 4.448631 0.030000 4.691070 0.030000
5.082135 0.150000 4.627576 0.030000 3.404399 0.030000 3.608721 0.030000 7.697758 0.030000 7.822418 0.150000 8.435886 0.030000 8.309132 0.030000 3.098096 0.030000 3.034282 0.030000 1.286403 0.030000 1.171862 0.030000 7.003960 0.030000 7.017964 0.030000 5.647984 0.030000 5.436325 0.030000 4.475926 0.030000 4.552547 0.030000
4.909621 0.030000 4.721417 0.030000 3.332309 0.030000 3.591012 0.030000 7.688322 0.030000 8.058916 0.150000 8.467735 0.030000 8.353923 0.030000 3.108912 0.030000 3.045395 0.030000 1.297611 0.030000 1.257503 0.030000 7.056090 0.030000 7.015708 0.030000 6.641280 0.150000 5.449180 0.030000 4.374963 0.030000 4.539302 0.030000
4.904204 0.030000 4.704760 0.030000 3.347166 0.030000 3.564680 0.030000 7.690997 0.030000 7.785613 0.030000 8.515272 0.030000 8.376660 0.030000 3.092235 0.030000 3.039567 0.030000 1.305851 0.030000 1.171626 0.030000 7.012114 0.030000 7.059189 0.030000 5.579656 0.030000 5.544869 0.030000 4.399811 0.030000 4.497072 0.150000
4.940220 0.030000 4.690890 0.030000 3.350542 0.030000 3.569369 0.030000 7.696321 0.030000 7.780481 0.030000 8.434130 0.030000 8.412068 0.030000 3.078329 0.030000 3.103802 0.030000 1.331829 0.030000 1.157835 0.030000 7.052576 0.030000 7.006688 0.030000 5.630968 0.030000 5.475512 0.030000 4.325385 0.030000 4.536530 0.030000
5.008157 0.030000 4.827142 0.030000 3.371900 0.030000 3.478033 0.030000 7.570586 0.030000 7.747047 0.030000 8.424434 0.030000 9.058095 0.150000 2.991254 0.030000 3.119623 0.030000 1.404954 0.030000 1.187662 0.030000 6.975006 0.030000 7.065321 0.030000 5.701483 0.030000 5.569720 0.030000 4.294369 0.030000 4.491528 0.030000
5.063752 0.030000 4.891105 0.150000 3.710046 0.150000 3.370001 0.030000 7.520066 0.030000 7.629864 0.030000 8.348798 0.030000 8.490333 0.030000 3.008448 0.030000 3.074401 0.030000 1.469820 0.030000 1.287677 0.030000 6.878611 0.030000 7.188622 0.150000 5.619848 0.030000 5.617058 0.030000 4.174776 0.030000 4.374719 0.030000
5.057293 0.030000 5.007188 0.030000 3.363719 0.030000 3.349376 0.030000 7.423140 0.030000 7.507794 0.030000 8.251069 0.030000 8.322042 0.150000 2.943476 0.030000 2.983672 0.030000 1.592442 0.030000 1.426871 0.030000 6.747941 0.030000 6.924273 0.030000 5.636164 0.030000 5.666698 0.030000 4.080549 0.030000 4.322319 0.030000
5.127568 0.030000 5.040888 0.150000 3.407478 0.030000 3.777733 0.150000 7.228862 0.030000 7.442717 0.030000 8.196134 0.030000 8.350532 0.030000 2.749908 0.030000 3.585311 0.150000 1.715927 0.030000 1.545297 0.030000 6.870953 0.150000 6.807234 0.030000 5.550383 0.030000 5.617971 0.030000 4.036969 0.030000 3.964652 0.150000
5.120035 0.030000 5.057761 0.030000 3.456520 0.030000 3.398694 0.030000 7.136102 0.030000 7.601365 0.150000 8.129028 0.030000 8.295426 0.030000 2.599995 0.030000 2.813501 0.030000 1.788872 0.030000 1.636518 0.030000 6.486767 0.030000 6.689887 0.030000 5.459526 0.030000 5.621701 0.030000 4.012171 0.030000 4.039852 0.030000
5.243523 0.030000 5.080225 0.030000 3.541452 0.030000 3.421745 0.030000 7.012117 0.030000 7.225227 0.030000 8.003472 0.030000 8.174729 0.150000 2.434850 0.030000 2.728980 0.030000 1.958045 0.030000 1.826903 0.030000 6.388796 0.030000 6.558212 0.030000 5.429816 0.030000 5.525856 0.030000 3.848838 0.030000 4.034282 0.030000
5.200699 0.030000 5.171673 0.030000 3.604161 0.030000 3.439899 0.030000 6.894584 0.030000 7.109004 0.030000 8.815232 0.150000 8.104365 0.030000 2.348292 0.030000 2.578300 0.030000 2.019128 0.030000 1.903214 0.030000 6.244349 0.150000 6.454913 0.030000 5.389219 0.030000 5.428807 0.030000 3.770242 0.030000 3.896308 0.030000
5.599315 0.150000 5.250633 0.030000 3.599395 0.150000 3.522309 0.030000 6.781635 0.030000 6.978091 0.030000 7.792564 0.030000 7.960936 0.030000 2.196901 0.150000 2.468175 0.030000 2.152191 0.030000 1.910229 0.030000 6.161412 0.030000 6.331446 0.030000 5.367823 0.030000 5.589558 0.150000 3.739037 0.030000 3.830374 0.030000
5.330584 0.030000 5.255807 0.030000 3.695551 0.030000 3.602910 0.030000 6.682516 0.030000 6.900536 0.030000 7.710850 0.030000 7.927549 0.030000 2.177504 0.030000 2.392386 0.030000 2.267687 0.030000 2.082661 0.030000 6.025147 0.030000 6.231878 0.030000 5.297308 0.030000 5.408360 0.030000 3.970263 0.150000 3.746422 0.030000
5.363335 0.030000 5.313372 0.030000 3.756089 0.030000 3.624344 0.030000 6.579408 0.030000 6.796895 0.030000 7.614387 0.030000 7.775422 0.030000 2.066708 0.030000 2.198836 0.030000 2.381044 0.030000 2.227930 0.030000 5.893922 0.030000 6.124683 0.030000 5.236898 0.030000 5.356787 0.030000 3.545752 0.030000 3.728401 0.030000
5.460949 0.030000 5.395704 0.030000 3.824767 0.030000 3.747790 0.030000 7.448601 0.150000 6.650862 0.030000 7.533925 0.030000 7.687167 0.030000 1.956531 0.030000 2.074578 0.030000 2.493103 0.030000 2.253563 0.030000 5.707591 0.030000 5.972761 0.030000 5.226323 0.030000 5.264877 0.030000 3.533029 0.030000 3.647495 0.030000
5.519665 0.030000 5.408544 0.030000 3.936839 0.030000 3.748959 0.030000 6.348230 0.030000 6.529338 0.030000 7.458245 0.030000 8.517061 0.150000 1.817014 0.030000 1.912909 0.150000 2.624108 0.030000 2.413335 0.030000 5.641529 0.030000 5.760952 0.030000 5.204644 0.030000 5.265011 0.030000 3.478931 0.030000 3.575475 0.030000
5.555499 0.150000 6.389821 0.150000 4.022364 0.030000 3.823451 0.030000 6.269828 0.030000 6.382804 0.030000 7.334617 0.030000 7.509387 0.030000 1.700477 0.030000 1.896262 0.030000 2.778776 0.030000 2.557240 0.030000 6.062561 0.150000 5.743065 0.030000 5.185485 0.030000 5.159898 0.030000 3.402404 0.030000 3.524306 0.030000
5.597996 0.030000 5.552865 0.030000 4.059647 0.030000 3.895112 0.030000 6.076647 0.030000 6.331330 0.030000 7.198947 0.150000 7.376378 0.030000 1.570990 0.030000 1.772078 0.030000 2.814712 0.030000 2.716834 0.030000 5.388386 0.030000 5.611821 0.030000 5.066315 0.030000 5.819199 0.150000 3.417417 0.030000 3.440537 0.030000
5.650971 0.030000 5.616811 0.030000 4.226192 0.030000 4.046837 0.030000 6.053110 0.030000 6.210082 0.030000 7.184462 0.030000 7.281579 0.030000 1.277198 0.150000 1.724131 0.030000 3.008831 0.030000 2.793352 0.030000 5.257141 0.150000 5.933156 0.150000 5.048871 0.030000 5.177812 0.030000 3.338043 0.030000 3.418132 0.030000
5.711803 0.030000 5.637175 0.030000 4.313439 0.030000 4.113153 0.030000 5.916661 0.030000 5.822033 0.150000 7.143089 0.030000 7.225154 0.030000 1.424751 0.030000 1.585805 0.030000 3.103077 0.030000 2.959668 0.030000 5.176597 0.030000 5.364182 0.030000 4.975907 0.030000 5.105809 0.030000 3.244329 0.030000 3.284315 0.030000
5.838521 0.030000 5.715511 0.030000 4.346485 0.030000 4.225659 0.030000 5.861727 0.030000 5.965330 0.030000 6.992297 0.030000 7.146898 0.030000 1.360262 0.030000 1.452982 0.030000 3.224401 0.030000 3.036034 0.030000 5.058073 0.030000 5.188409 0.030000 4.962661 0.150000 5.368364 0.150000 3.222421 0.030000 3.255940 0.030000
5.873576 0.030000 5.719325 0.030000 4.366026 0.030000 4.268894 0.030000 5.758139 0.030000 5.819174 0.030000 6.889362 0.030000 7.035311 0.030000 1.272027 0.030000 1.376437 0.030000 3.376153 0.030000 3.097756 0.030000 4.861610 0.030000 5.164464 0.030000 4.978170 0.030000 5.075326 0.030000 3.203105 0.030000 3.233420 0.030000
5.949443 0.030000 6.283753 0.150000 4.520694 0.030000 4.360978 0.030000 5.559625 0.030000 5.783259 0.030000 6.832291 0.030000 6.941527 0.030000 1.250719 0.150000 1.299360 0.030000 3.487760 0.030000 3.228236 0.030000 4.714485 0.030000 4.970189 0.030000 4.931309 0.030000 5.013642 0.030000 3.166534 0.030000 3.245525 0.030000
6.069116 0.030000 5.695200 0.150000 4.595616 0.030000 4.465610 0.030000 5.520761 0.030000 5.662524 0.030000 6.745496 0.030000 6.862070 0.030000 1.132965 0.030000 1.180108 0.030000 3.531500 0.030000 3.376788 0.030000 4.656167 0.030000 4.843906 0.030000 4.974525 0.030000 4.973257 0.030000 3.170248 0.030000 3.172958 0.030000
6.088323 0.030000 6.261574 0.150000 4.695146 0.030000 4.495129 0.030000 5.422649 0.030000 5.545607 0.030000 6.705230 0.030000 6.795341 0.030000 1.624177 0.150000 1.137468 0.030000 3.672995 0.030000 3.499264 0.030000 4.491371 0.030000 4.742607 0.030000 4.918805 0.030000 4.983848 0.030000 3.099959 0.150000 3.115300 0.030000
6.135070 0.030000 6.077120 0.030000 4.735029 0.030000 5.010243 0.150000 5.290347 0.030000 5.509978 0.030000 6.577334 0.030000 6.634530 0.030000 0.954791 0.030000 1.086561 0.030000 3.774491 0.030000 3.622887 0.030000 4.453245 0.030000 4.607353 0.030000 5.010419 0.030000 4.960070 0.030000 3.046259 0.030000 3.134529 0.030000
6.255829 0.030000 6.156333 0.030000 5.806693 0.150000 4.793050 0.150000 5.207554 0.030000 5.310267 0.030000 6.678310 0.150000 6.623093 0.030000 0.977154 0.030000 1.080645 0.030000 3.885629 0.030000 3.752160 0.030000 4.274069 0.030000 4.516275 0.030000 4.958682 0.030000 4.995458 0.030000 3.054950 0.030000 3.080507 0.030000
6.322446 0.030000 6.186778 0.030000 4.923746 0.030000 4.897254 0.030000 5.139758 0.030000 5.225339 0.030000 6.412768 0.030000 6.490658 0.030000 0.948163 0.030000 0.990572 0.030000 4.024044 0.030000 3.905108 0.030000 4.170730 0.030000 4.383499 0.030000 4.968395 0.030000 4.901800 0.030000 3.089986 0.030000 3.085959 0.030000
6.417705 0.150000 6.253229 0.030000 5.075561 0.030000 4.932377 0.030000 5.015272 0.030000 5.125760 0.030000 6.344591 0.030000 6.447502 0.030000 0.935809 0.030000 0.924313 0.030000 4.238157 0.030000 4.168883 0.150000 4.039670 0.030000 4.220393 0.030000 4.907546 0.030000 4.958068 0.030000 3.039890 0.030000 3.046062 0.030000
6.474086 0.030000 6.319279 0.030000 5.140462 0.030000 4.989205 0.030000 5.021776 0.150000 5.023078 0.030000 6.717009 0.150000 6.400462 0.030000 0.906547 0.030000 0.927208 0.030000 4.322069 0.030000 4.097814 0.030000 3.972270 0.030000 4.095165 0.030000 4.948497 0.150000 4.989660 0.030000 3.123502 0.030000 3.092139 0.030000
6.526227 0.030000 6.455333 0.030000 5.256837 0.030000 5.120030 0.030000 4.796445 0.030000 4.900300 0.030000 6.167067 0.030000 6.315237 0.030000 0.999161 0.030000 0.970224 0.030000 4.430275 0.030000 4.592974 0.150000 3.772329 0.030000 4.031541 0.030000 4.995810 0.030000 4.938763 0.030000 3.077221 0.030000 3.386299 0.150000
6.661674 0.030000 6.544632 0.030000 5.396343 0.030000 5.243227 0.030000 4.659143 0.030000 4.845336 0.030000 6.112963 0.030000 6.258331 0.030000 1.000659 0.030000 0.999019 0.030000 4.543458 0.030000 4.391194 0.030000 3.649668 0.030000 3.942274 0.030000 5.962647 0.150000 4.939854 0.030000 3.103981 0.030000 3.092851 0.030000
6.785481 0.030000 6.667737 0.030000 5.540868 0.030000 5.321539 0.030000 4.557533 0.030000 4.721294 0.030000 6.082310 0.030000 6.178024 0.030000 1.102795 0.030000 1.027623 0.030000 4.659741 0.030000 4.472043 0.030000 3.579699 0.030000 3.780834 0.030000 4.973570 0.030000 4.937486 0.030000 3.224219 0.150000 3.133524 0.030000
6.777660 0.030000 6.738722 0.030000 5.618685 0.030000 5.407199 0.030000 4.490341 0.030000 4.639404 0.030000 5.977776 0.030000 6.060907 0.030000 1.151551 0.030000 1.018241 0.030000 4.790203 0.030000 4.627367 0.030000 3.457403 0.030000 3.597961 0.030000 5.067263 0.030000 5.030948 0.030000 3.134533 0.030000 3.119053 0.030000
6.956737 0.030000 6.721181 0.030000 5.672098 0.030000 5.526521 0.030000 4.411737 0.030000 5.086317 0.150000 5.927956 0.030000 6.258176 0.150000 1.269418 0.030000 1.133823 0.030000 4.923515 0.030000 4.761630 0.030000 3.780676 0.150000 3.501565 0.030000 5.047473 0.030000 4.951514 0.030000 3.132562 0.030000 3.179024 0.030000
6.980266 0.030000 6.859751 0.030000 5.820224 0.030000 5.589049 0.030000 4.240617 0.150000 4.493941 0.030000 5.881657 0.150000 6.391103 0.150000 1.346927 0.030000 1.172066 0.030000 5.057307 0.150000 4.882327 0.030000 3.297265 0.030000 3.442653 0.030000 5.155172 0.150000 5.049163 0.030000 3.198198 0.030000 3.168440 0.030000
7.107679 0.030000 6.950308 0.030000 5.886296 0.030000 5.768501 0.030000 4.266685 0.030000 4.344205 0.030000 5.818666 0.030000 5.855677 0.030000 1.415405 0.030000 1.876618 0.150000 5.194220 0.030000 4.978400 0.030000 3.070906 0.030000 3.225758 0.030000 5.125165 0.030000 5.063499 0.030000 3.463119 0.150000 3.169914 0.030000
7.173678 0.030000 7.070524 0.030000 5.934392 0.030000 6.191360 0.150000 4.083959 0.030000 4.267106 0.030000 5.706386 0.030000 5.827722 0.030000 1.509737 0.030000 1.339457 0.030000 5.288572 0.030000 5.126028 0.030000 3.450994 0.150000 3.156584 0.030000 5.106980 0.030000 5.098277 0.030000 3.252902 0.030000 3.171464 0.030000
7.245390 0.030000 7.153169 0.030000 6.106042 0.030000 5.911204 0.030000 4.088258 0.030000 4.222767 0.030000 5.639825 0.030000 5.783790 0.030000 1.633203 0.030000 1.477394 0.150000 5.439357 0.030000 5.185424 0.030000 2.855094 0.030000 3.020047 0.030000 5.151563 0.030000 5.096214 0.030000 3.359925 0.030000 3.200976 0.030000
7.364218 0.030000 7.191439 0.030000 6.224846 0.030000 6.011164 0.030000 3.978697 0.030000 4.073939 0.030000 5.673055 0.030000 5.700036 0.030000 1.695149 0.030000 1.517005 0.030000 5.584885 0.030000 5.318331 0.030000 3.460821 0.150000 2.927084 0.030000 5.170631 0.030000 5.110638 0.030000 3.411552 0.030000 3.281242 0.030000
7.508774 0.030000 7.299564 0.030000 6.357632 0.030000 6.134291 0.030000 4.628589 0.150000 3.976273 0.030000 5.574384 0.030000 5.679011 0.030000 1.790984 0.030000 1.628976 0.030000 5.637168 0.030000 5.513252 0.030000 2.692004 0.030000 2.837168 0.030000 5.579725 0.150000 5.156701 0.030000 3.429490 0.030000 3.344092 0.030000
7.565084 0.030000 7.410766 0.030000 6.358526 0.030000 6.302790 0.030000 3.822897 0.030000 3.917264 0.030000 5.495919 0.030000 5.767251 0.150000 1.872874 0.030000 1.789757 0.030000 5.728866 0.030000 5.609381 0.030000 2.510501 0.030000 2.699063 0.030000 5.312574 0.030000 5.196678 0.030000 3.475227 0.030000 3.438357 0.030000
7.583461 0.030000 7.516163 0.030000 6.538130 0.030000 6.378034 0.030000 3.746406 0.030000 3.805996 0.030000 5.442441 0.030000 5.571573 0.030000 2.075486 0.030000 1.853874 0.030000 5.969333 0.030000 5.718115 0.030000 2.422117 0.030000 2.564893 0.030000 5.315002 0.030000 5.177921 0.030000 3.565829 0.030000 3.390300 0.150000
7.738633 0.030000 7.614361 0.030000 6.651511 0.030000 6.505483 0.030000 3.646635 0.030000 3.763300 0.030000 5.427815 0.030000 5.467066 0.030000 2.148398 0.030000 2.001030 0.150000 5.984537 0.030000 5.857341 0.030000 2.276645 0.030000 2.490115 0.030000 5.360643 0.030000 5.285629 0.030000 3.579653 0.030000 3.827156 0.150000
8.221459 0.150000 7.669577 0.030000 6.768034 0.030000 6.582895 0.030000 3.594609 0.030000 3.724855 0.030000 5.377465 0.030000 5.458100 0.030000 2.308813 0.030000 2.159248 0.030000 6.143220 0.030000 5.998337 0.030000 2.146056 0.030000 2.320923 0.030000 5.341147 0.030000 5.342320 0.030000 3.666732 0.030000 3.569737 0.030000
7.951996 0.030000 8.239575 0.150000 6.839047 0.030000 6.687818 0.030000 4.078012 0.150000 3.609622 0.030000 5.286013 0.030000 5.408753 0.030000 2.412329 0.030000 2.197197 0.030000 6.268723 0.030000 6.089531 0.030000 2.067947 0.030000 2.655923 0.150000 5.420240 0.030000 5.322920 0.030000 4.000378 0.150000 3.702411 0.030000
7.983759 0.030000 7.857509 0.030000 6.985058 0.030000 6.721601 0.030000 3.437473 0.030000 3.556823 0.030000 5.281153 0.030000 5.371445 0.030000 2.468950 0.030000 2.604487 0.150000 6.368600 0.030000 6.178915 0.030000 1.992046 0.030000 2.147492 0.030000 5.514576 0.030000 5.406890 0.030000 3.839200 0.030000 3.471504 0.150000
8.128959 0.030000 7.960838 0.030000 7.051961 0.030000 6.863108 0.030000 3.421990 0.030000 3.515253 0.030000 5.275591 0.030000 5.260174 0.030000 2.541438 0.030000 2.388865 0.030000 6.431047 0.030000 6.283495 0.030000 1.860719 0.030000 2.050681 0.030000 5.602041 0.030000 5.453752 0.030000 3.844950 0.030000 3.802741 0.030000
8.163304 0.030000 8.003911 0.030000 7.110311 0.030000 6.978205 0.030000 3.422251 0.030000 3.454157 0.030000 5.303229 0.030000 5.354331 0.030000 2.598866 0.150000 2.465972 0.030000 6.737953 0.150000 6.316800 0.150000 1.841274 0.030000 2.538707 0.150000 5.607816 0.030000 5.649685 0.150000 3.877219 0.030000 3.770074 0.030000
8.228824 0.030000 8.075989 0.030000 7.215771 0.030000 6.955200 0.030000 3.382920 0.030000 3.395280 0.030000 5.955948 0.150000 5.273263 0.030000 2.723509 0.030000 2.508252 0.030000 6.615665 0.030000 6.627275 0.150000 1.828197 0.150000 1.963335 0.030000 5.655158 0.030000 5.487055 0.030000 3.967410 0.030000 3.866923 0.030000
8.303093 0.030000 8.182355 0.030000 7.306981 0.030000 7.075030 0.030000 3.311221 0.030000 3.469029 0.030000 5.240136 0.030000 5.294750 0.030000 2.729489 0.030000 2.506575 0.030000 6.667220 0.030000 6.478286 0.030000 1.665003 0.030000 1.866275 0.030000 5.669245 0.030000 5.534806 0.030000 4.032473 0.030000 3.912681 0.030000
8.301956 0.030000 8.155635 0.030000 7.897605 0.150000 7.082107 0.030000 3.359186 0.030000 3.320846 0.030000 5.164429 0.030000 5.229055 0.030000 2.802915 0.030000 2.668043 0.030000 6.713383 0.030000 6.596938 0.030000 1.681514 0.030000 1.815947 0.030000 5.669576 0.030000 5.972284 0.150000 4.117953 0.030000 3.927185 0.030000
8.342156 0.030000 8.200842 0.030000 7.367171 0.030000 7.232737 0.030000 3.264337 0.030000 3.371549 0.030000 5.147265 0.030000 5.208213 0.030000 2.783808 0.030000 2.697072 0.030000 6.802875 0.030000 6.597554 0.030000 1.641211 0.030000 1.830278 0.030000 5.684823 0.030000 5.526427 0.030000 4.057382 0.030000 3.911795 0.030000
8.408713 0.030000 8.236409 0.030000 7.359382 0.030000 7.220783 0.030000 3.236494 0.030000 3.382767 0.030000 5.105954 0.030000 5.237783 0.030000 2.883453 0.030000 3.030729 0.150000 6.865223 0.030000 6.632321 0.030000 1.604221 0.030000 1.800079 0.030000 5.741610 0.030000 5.629249 0.030000 4.105687 0.030000 4.028724 0.030000
8.364417 0.030000 8.281689 0.030000 7.405557 0.030000 7.233981 0.030000 3.235158 0.030000 3.309090 0.030000 5.179187 0.030000 5.194676 0.030000 2.917768 0.030000 2.757514 0.030000 8.055303 0.150000 6.697344 0.030000 1.534576 0.030000 1.718045 0.030000 5.738131 0.030000 5.634304 0.030000 4.122548 0.030000 3.983113 0.030000
8.471146 0.030000 8.295183 0.030000 7.415172 0.030000 7.294333 0.030000 3.128605 0.030000 3.545893 0.150000 5.172552 0.030000 5.221829 0.030000 3.000136 0.030000 2.430959 0.150000 6.934220 0.030000 6.705881 0.030000 1.624318 0.030000 1.656806 0.030000 5.746289 0.030000 5.684820 0.030000 4.088389 0.030000 4.034510 0.030000
8.572890 0.030000 8.384606 0.030000 7.402056 0.030000 7.401378 0.030000 3.109669 0.030000 3.257377 0.030000 5.243127 0.150000 5.120277 0.030000 3.068299 0.030000 2.890632 0.030000 7.864725 0.150000 6.793474 0.030000 1.596555 0.030000 1.656422 0.030000 5.856128 0.030000 5.652885 0.030000 4.122362 0.030000 4.112544 0.030000
8.645789 0.030000 8.430957 0.030000 7.424781 0.030000 7.428326 0.030000 3.026271 0.030000 3.190218 0.030000 5.343316 0.030000 5.209262 0.030000 3.149478 0.030000 3.004882 0.030000 7.056043 0.030000 6.880943 0.030000 1.614300 0.030000 1.567124 0.030000 6.025663 0.030000 5.762419 0.030000 4.053365 0.030000 4.128305 0.030000
8.694764 0.030000 8.567115 0.030000 7.407322 0.030000 7.474160 0.030000 2.869458 0.030000 3.077660 0.030000 5.458591 0.030000 5.244112 0.030000 3.216330 0.030000 3.065051 0.030000 7.065033 0.030000 6.994995 0.030000 1.730063 0.030000 1.573499 0.030000 6.084924 0.030000 5.883103 0.030000 3.975425 0.030000 4.072976 0.030000
9.161028 0.150000 8.717528 0.030000 7.394705 0.030000 7.445894 0.030000 2.745798 0.030000 2.939856 0.030000 5.582989 0.030000 5.367385 0.030000 3.259740 0.030000 3.131028 0.030000 7.104999 0.030000 7.088106 0.030000 1.828991 0.030000 1.644870 0.030000 6.244207 0.030000 6.004835 0.030000 3.932370 0.030000 4.024397 0.030000
8.929245 0.030000 8.779903 0.030000 7.384428 0.030000 7.378750 0.030000 2.623032 0.030000 2.813826 0.030000 5.694344 0.030000 5.512779 0.030000 3.361280 0.030000 3.238461 0.030000 7.133016 0.030000 7.044593 0.030000 1.948484 0.030000 1.744886 0.030000 6.330855 0.030000 6.122145 0.030000 3.899116 0.030000 3.924147 0.030000
9.007103 0.030000 8.885273 0.030000 7.302322 0.030000 7.390338 0.030000 2.537737 0.030000 2.688111 0.030000 5.772275 0.030000 5.631759 0.030000 3.431477 0.030000 3.268823 0.030000 7.172688 0.030000 7.123752 0.030000 2.066711 0.030000 1.893447 0.150000 6.495460 0.030000 6.240354 0.030000 3.800922 0.030000 3.913205 0.030000
9.123818 0.030000 9.147769 0.150000 7.221373 0.030000 7.373686 0.030000 2.418993 0.030000 2.519009 0.150000 5.944523 0.030000 5.726801 0.030000 3.439194 0.030000 3.367589 0.030000 7.234677 0.030000 7.212381 0.030000 2.101249 0.030000 1.960303 0.030000 6.505763 0.030000 6.353465 0.030000 3.712647 0.030000 3.809622 0.150000
9.132485 0.030000 9.043084 0.030000 7.238321 0.030000 7.321624 0.030000 2.766336 0.150000 2.416198 0.030000 6.033240 0.030000 5.855933 0.030000 4.234871 0.150000 3.362606 0.030000 7.249437 0.030000 7.359194 0.150000 2.225744 0.030000 2.085230 0.030000 6.691520 0.030000 6.498638 0.030000 3.646573 0.030000 4.114664 0.150000
9.242313 0.030000 9.141321 0.030000 7.255395 0.030000 7.314435 0.030000 2.272680 0.150000 2.355408 0.030000 6.214050 0.030000 5.971333 0.030000 3.604086 0.030000 3.522183 0.030000 7.308974 0.030000 7.237345 0.030000 2.297122 0.030000 2.129640 0.030000 6.752155 0.030000 6.582053 0.030000 3.557605 0.030000 3.670992 0.030000
9.304042 0.030000 9.178253 0.030000 7.181168 0.030000 7.210532 0.030000 2.050609 0.030000 2.265817 0.030000 6.349772 0.030000 6.122610 0.030000 3.657313 0.030000 3.532330 0.030000 7.279523 0.030000 7.310463 0.030000 2.502319 0.030000 2.293503 0.030000 6.889610 0.030000 7.282285 0.150000 3.520128 0.030000 3.562840 0.030000
9.407998 0.030000 9.316485 0.030000 7.158587 0.030000 7.212104 0.030000 1.988753 0.030000 2.213223 0.030000 6.376312 0.030000 6.241860 0.030000 3.744562 0.030000 3.584494 0.030000 7.370167 0.030000 7.306686 0.030000 2.500882 0.030000 2.390108 0.030000 6.928291 0.030000 6.813396 0.030000 3.487847 0.030000 3.601789 0.030000
9.427335 0.030000 9.557381 0.150000 7.164442 0.030000 7.222933 0.030000 1.900108 0.030000 2.052870 0.030000 6.564889 0.030000 6.311012 0.030000 3.817764 0.030000 3.669763 0.030000 7.408427 0.030000 7.351458 0.030000 2.618450 0.030000 2.384247 0.030000 7.031863 0.030000 6.892053 0.030000 3.404866 0.030000 3.432843 0.030000
9.526646 0.030000 9.382151 0.030000 7.158931 0.030000 7.194036 0.030000 1.809585 0.030000 2.009466 0.030000 6.517200 0.030000 6.423787 0.030000 3.825506 0.030000 3.735454 0.030000 7.450219 0.030000 7.332711 0.030000 2.656783 0.030000 2.530046 0.030000 7.120216 0.030000 7.361912 0.150000 3.360242 0.030000 3.475129 0.030000
9.580342 0.030000 9.426706 0.030000 7.153674 0.030000 7.174925 0.030000 1.774054 0.030000 1.912096 0.030000 6.684040 0.030000 6.464447 0.030000 3.924206 0.030000 3.786161 0.030000 7.445232 0.030000 7.415106 0.030000 2.783828 0.030000 2.503179 0.030000 7.206198 0.030000 7.048221 0.030000 3.345089 0.030000 3.442243 0.030000
9.621653 0.030000 9.473616 0.030000 7.751223 0.150000 7.254627 0.150000 1.687817 0.030000 1.898165 0.030000 6.706164 0.030000 6.522004 0.030000 3.951127 0.030000 3.820247 0.030000 7.505826 0.030000 7.394018 0.030000 2.794052 0.030000 2.608517 0.030000 7.243207 0.030000 7.098654 0.030000 3.308291 0.030000 3.412866 0.030000
9.656770 0.030000 9.547590 0.030000 7.047470 0.030000 7.146578 0.030000 1.688369 0.030000 1.829167 0.030000 6.763421 0.030000 6.681436 0.150000 4.032921 0.030000 3.872596 0.030000 7.547628 0.030000 7.431613 0.030000 2.830814 0.030000 2.653349 0.030000 7.343880 0.030000 7.125191 0.030000 3.344164 0.030000 3.346183 0.030000
9.701340 0.030000 9.574810 0.030000 7.085245 0.030000 7.201588 0.030000 1.620582 0.030000 1.775664 0.030000 6.879662 0.030000 6.651052 0.030000 4.009076 0.030000 3.867528 0.030000 7.520324 0.030000 7.466796 0.030000 2.917258 0.030000 2.670653 0.030000 7.381641 0.030000 7.218528 0.030000 3.272506 0.030000 3.354848 0.030000
9.711360 0.030000 9.540592 0.030000 7.111653 0.030000 7.119439 0.030000 1.623937 0.030000 1.757026 0.030000 6.834955 0.030000 6.680474 0.030000 3.893577 0.150000 3.950583 0.030000 7.646172 0.150000 7.444378 0.030000 2.932522 0.030000 2.781637 0.030000 7.411866 0.030000 7.218714 0.030000 3.262369 0.030000 3.352365 0.030000
9.819956 0.030000 9.939159 0.150000 7.112523 0.030000 7.124587 0.030000 1.646887 0.150000 1.701838 0.030000 6.853291 0.030000 6.651838 0.030000 4.062156 0.030000 3.968098 0.030000 7.504048 0.030000 7.489960 0.030000 3.031537 0.030000 2.801444 0.030000 7.399003 0.030000 7.288319 0.150000 3.249127 0.030000 3.328673 0.030000
9.757254 0.030000 9.716925 0.150000 7.059751 0.030000 7.142335 0.030000 1.597518 0.030000 1.627571 0.030000 6.914348 0.030000 6.698296 0.030000 4.018547 0.030000 3.980507 0.030000 7.497691 0.030000 7.487901 0.030000 2.951203 0.030000 2.841178 0.030000 7.521119 0.150000 7.359349 0.030000 3.233260 0.030000 3.318547 0.030000
9.676481 0.030000 9.656616 0.030000 6.989475 0.030000 7.151094 0.030000 1.615161 0.030000 1.615248 0.030000 6.977126 0.030000 6.818450 0.030000 4.055432 0.030000 4.014344 0.030000 7.477692 0.030000 7.920022 0.150000 3.041896 0.030000 2.857588 0.030000 7.450199 0.030000 7.395054 0.030000 3.095396 0.030000 3.649206 0.150000
9.671615 0.030000 9.698043 0.030000 6.870913 0.030000 7.088578 0.030000 1.619296 0.030000 1.609103 0.030000 6.997784 0.030000 6.908062 0.030000 3.994064 0.030000 4.099738 0.030000 7.382433 0.030000 7.512394 0.030000 3.111691 0.030000 2.966276 0.030000 7.761402 0.150000 7.412420 0.030000 3.013880 0.030000 4.023711 0.150000
9.555757 0.150000 9.693954 0.030000 6.768101 0.030000 6.977098 0.030000 2.003245 0.150000 1.694816 0.150000 7.048074 0.030000 6.961103 0.030000 4.024945 0.150000 4.001094 0.030000 7.292260 0.030000 7.437930 0.030000 3.203457 0.030000 3.100624 0.030000 7.371654 0.030000 7.483734 0.030000 2.897783 0.030000 3.535899 0.150000
9.436550 0.030000 9.753020 0.150000 6.678404 0.030000 7.020011 0.150000 1.798548 0.030000 1.661577 0.030000 7.049142 0.030000 7.245297 0.150000 3.902374 0.030000 3.909804 0.030000 7.237530 0.030000 7.384681 0.030000 3.243618 0.030000 3.108259 0.030000 7.370524 0.030000 7.411354 0.030000 2.795091 0.030000 2.976221 0.030000
9.518378 0.150000 9.572131 0.030000 6.732469 0.150000 6.715482 0.030000 1.912274 0.030000 1.806412 0.030000 7.036771 0.030000 7.026926 0.030000 3.750724 0.030000 3.875363 0.030000 7.130069 0.030000 7.218753 0.030000 3.328585 0.030000 3.190929 0.030000 7.310933 0.030000 7.409997 0.030000 2.719764 0.030000 2.790102 0.030000
9.390402 0.030000 9.397120 0.030000 6.390651 0.030000 6.583139 0.030000 2.025858 0.030000 1.881949 0.030000 7.102265 0.030000 7.043111 0.030000 3.699274 0.030000 3.813724 0.030000 6.961372 0.030000 7.134423 0.030000 3.353733 0.030000 3.226663 0.030000 7.362971 0.030000 7.347369 0.030000 2.689491 0.150000 2.712694 0.030000
9.305528 0.030000 9.366878 0.030000 6.178346 0.030000 6.408577 0.030000 2.125139 0.030000 1.982400 0.030000 7.161498 0.030000 7.090349 0.030000 3.624193 0.030000 3.736347 0.030000 6.809103 0.030000 7.033107 0.030000 3.414209 0.030000 3.296124 0.030000 7.218461 0.030000 8.148084 0.150000 2.473582 0.030000 2.630035 0.030000
9.185752 0.030000 9.282317 0.030000 6.095518 0.030000 6.378127 0.030000 2.280578 0.030000 2.059369 0.030000 7.192308 0.030000 7.150325 0.030000 3.525849 0.030000 3.626201 0.030000 6.672302 0.030000 6.996008 0.150000 3.449744 0.150000 3.485467 0.150000 7.244199 0.030000 7.251911 0.030000 2.353108 0.030000 2.541654 0.030000
9.103121 0.030000 9.186252 0.030000 6.019430 0.030000 6.185351 0.030000 2.342596 0.030000 2.166928 0.030000 7.211448 0.030000 7.186611 0.030000 3.458891 0.030000 3.602642 0.030000 6.634916 0.030000 6.855309 0.030000 3.569740 0.030000 3.474717 0.030000 7.153385 0.030000 7.237689 0.030000 2.264669 0.030000 2.446364 0.030000
9.001105 0.030000 9.124078 0.030000 5.854490 0.030000 6.104220 0.030000 2.463446 0.030000 2.229299 0.030000 7.277330 0.030000 7.169328 0.030000 3.386847 0.030000 3.704609 0.150000 6.538471 0.030000 6.674883 0.030000 3.690147 0.030000 3.452784 0.030000 7.337241 0.150000 7.224322 0.030000 2.130506 0.030000 2.303702 0.030000
8.884412 0.030000 9.064414 0.030000 5.815974 0.030000 6.390876 0.150000 2.573058 0.030000 2.331859 0.030000 7.336339 0.030000 7.254041 0.030000 3.334620 0.030000 3.558064 0.150000 6.398672 0.030000 6.557486 0.030000 3.970692 0.150000 3.543191 0.030000 7.062583 0.030000 7.189959 0.030000 1.988430 0.030000 2.169116 0.030000
8.821277 0.030000 8.996494 0.030000 5.645645 0.030000 5.856760 0.030000 2.738949 0.030000 2.542984 0.030000 7.339817 0.030000 7.233069 0.030000 3.291441 0.030000 3.353793 0.030000 6.432141 0.150000 6.469919 0.030000 3.820741 0.030000 3.668903 0.030000 7.088049 0.030000 7.066464 0.030000 1.921124 0.030000 2.040638 0.030000
9.099400 0.150000 8.916973 0.030000 5.515437 0.030000 5.754511 0.030000 3.138932 0.150000 2.623896 0.030000 7.402435 0.030000 7.482792 0.150000 3.199335 0.030000 3.329372 0.030000 6.139441 0.030000 6.314851 0.030000 3.897388 0.030000 3.804288 0.030000 7.109994 0.030000 7.130027 0.030000 1.779475 0.030000 2.012339 0.030000
8.763054 0.030000 8.829013 0.030000 5.375345 0.030000 5.661175 0.030000 2.898457 0.030000 2.658910 0.030000 7.401787 0.030000 7.365357 0.030000 3.175299 0.030000 3.266183 0.030000 6.043806 0.030000 6.231049 0.030000 3.959494 0.030000 3.868062 0.030000 7.055378 0.030000 7.084173 0.030000 1.692437 0.030000 1.900261 0.030000
8.638238 0.030000 8.707973 0.030000 5.312106 0.030000 5.481261 0.030000 3.025314 0.030000 2.793657 0.030000 7.489176 0.030000 7.344340 0.030000 3.122679 0.030000 3.189353 0.030000 5.959050 0.030000 6.146044 0.030000 4.124793 0.030000 3.929622 0.030000 7.023762 0.030000 7.080479 0.030000 1.631221 0.030000 1.751234 0.030000
8.554081 0.030000 8.708209 0.030000 5.166294 0.030000 5.354008 0.030000 3.117164 0.030000 2.927912 0.030000 7.548879 0.030000 7.470998 0.030000 3.123924 0.030000 3.734182 0.150000 5.834078 0.030000 5.992964 0.030000 4.181817 0.030000 4.036312 0.030000 7.022727 0.030000 7.028370 0.030000 1.510369 0.030000 1.698492 0.030000
8.503588 0.030000 8.674872 0.030000 5.191690 0.150000 5.228175 0.030000 3.237186 0.030000 3.079445 0.030000 7.608576 0.030000 7.604580 0.030000 3.083025 0.030000 3.132832 0.030000 5.750376 0.030000 5.763682 0.150000 4.246049 0.030000 4.115083 0.030000 7.054346 0.150000 6.984173 0.030000 1.447864 0.030000 1.564835 0.030000
8.437610 0.030000 8.502723 0.030000 4.890423 0.030000 5.120353 0.030000 3.731412 0.150000 3.172213 0.030000 7.648228 0.030000 7.590945 0.030000 3.043959 0.030000 3.677185 0.150000 6.474828 0.150000 5.866960 0.030000 4.328223 0.030000 4.172006 0.030000 7.005768 0.030000 6.915790 0.030000 1.602475 0.150000 1.454019 0.030000
8.350717 0.030000 9.214559 0.150000 4.770649 0.030000 4.965231 0.030000 3.438992 0.030000 3.318045 0.030000 7.668253 0.030000 7.594640 0.030000 2.974742 0.030000 3.025153 0.030000 5.531065 0.030000 5.711981 0.030000 4.417612 0.030000 4.295543 0.150000 7.266284 0.150000 7.918902 0.150000 1.314349 0.030000 1.437096 0.030000
8.304120 0.030000 8.387183 0.030000 4.687510 0.030000 4.866032 0.030000 3.570203 0.030000 3.406204 0.030000 7.726289 0.030000 7.721453 0.030000 3.028030 0.030000 3.014063 0.030000 5.452342 0.030000 5.585428 0.030000 4.513165 0.030000 4.424755 0.030000 7.107915 0.150000 6.955754 0.030000 1.220763 0.030000 1.316973 0.030000
8.262706 0.030000 8.291160 0.030000 4.633384 0.150000 4.704371 0.030000 3.733573 0.030000 3.517849 0.030000 7.760162 0.030000 7.867146 0.150000 2.984441 0.030000 2.972275 0.030000 5.358296 0.030000 5.511092 0.030000 4.661736 0.030000 4.488144 0.030000 6.965952 0.030000 6.958802 0.030000 1.152864 0.030000 1.201248 0.030000
8.154991 0.030000 8.268408 0.030000 4.379459 0.030000 4.664143 0.030000 3.858265 0.030000 3.641300 0.030000 7.901025 0.030000 7.754372 0.030000 2.949895 0.030000 2.993707 0.030000 5.217050 0.030000 5.411445 0.030000 4.688955 0.030000 4.579325 0.030000 6.983966 0.030000 6.995109 0.030000 1.156730 0.030000 1.251618 0.030000
8.089608 0.030000 8.167243 0.030000 4.310534 0.030000 4.451166 0.030000 4.008144 0.030000 3.727447 0.030000 7.925727 0.030000 7.838237 0.030000 2.870290 0.030000 2.982501 0.030000 5.136867 0.030000 5.320262 0.030000 4.805822 0.030000 4.666116 0.030000 6.992309 0.030000 6.936472 0.030000 1.128449 0.030000 1.171412 0.030000
8.022595 0.030000 8.470817 0.150000 4.192605 0.030000 4.429194 0.030000 4.097278 0.030000 3.957786 0.030000 7.944797 0.030000 7.894166 0.030000 2.928004 0.030000 2.940593 0.030000 4.924405 0.030000 5.173272 0.030000 4.898800 0.030000 4.782053 0.030000 6.795590 0.150000 6.922018 0.030000 1.144604 0.030000 1.101882 0.030000
7.943067 0.030000 8.071062 0.030000 4.040592 0.030000 4.223803 0.030000 4.417295 0.150000 3.976303 0.030000 8.011720 0.030000 7.995002 0.030000 2.919837 0.030000 3.153623 0.150000 4.909225 0.030000 5.062741 0.030000 5.050713 0.030000 4.835936 0.030000 6.949367 0.030000 6.922322 0.030000 1.086362 0.030000 1.075033 0.030000
7.887828 0.030000 8.041171 0.030000 3.902241 0.150000 4.256541 0.150000 4.365176 0.030000 4.136185 0.030000 8.101201 0.030000 8.168006 0.150000 2.970749 0.030000 2.959724 0.030000 4.882373 0.030000 4.966348 0.030000 5.090910 0.030000 4.997371 0.030000 6.949919 0.030000 6.918528 0.030000 1.077213 0.030000 1.064563 0.030000
7.829931 0.030000 7.964194 0.030000 3.814650 0.030000 4.052796 0.030000 4.392932 0.030000 4.298129 0.030000 8.223248 0.030000 8.050447 0.030000 2.964984 0.030000 2.891741 0.030000 4.692524 0.030000 4.901184 0.030000 5.199122 0.030000 5.065749 0.030000 6.989477 0.030000 6.904132 0.030000 1.066918 0.030000 1.045784 0.030000
7.829849 0.030000 7.930688 0.030000 3.663867 0.030000 3.913762 0.030000 4.611959 0.030000 4.398383 0.030000 8.245062 0.030000 8.146249 0.030000 2.949855 0.030000 2.931811 0.030000 4.608862 0.030000 4.768390 0.030000 6.327079 0.150000 5.075460 0.150000 6.951390 0.030000 6.993659 0.030000 1.181108 0.030000 1.087560 0.030000
7.752888 0.030000 7.855777 0.030000 3.584960 0.030000 3.756457 0.030000 4.690017 0.030000 4.511098 0.030000 8.348781 0.030000 8.228961 0.030000 2.974258 0.030000 2.956262 0.030000 4.524676 0.030000 4.659236 0.030000 5.433278 0.030000 5.273851 0.030000 6.992559 0.030000 6.980346 0.030000 1.182362 0.030000 1.184834 0.030000
7.682081 0.030000 7.748104 0.030000 3.478764 0.030000 3.681336 0.150000 4.825076 0.030000 4.570878 0.030000 8.451540 0.030000 8.302632 0.030000 3.889388 0.150000 2.982046 0.030000 4.469497 0.030000 4.584736 0.030000 5.520787 0.030000 5.383881 0.030000 7.186022 0.150000 6.987756 0.030000 1.238041 0.030000 1.145087 0.030000
7.680715 0.030000 7.702710 0.030000 3.338966 0.030000 3.538065 0.030000 4.969065 0.030000 4.840794 0.150000 8.432757 0.030000 8.412331 0.030000 3.678547 0.150000 2.938193 0.150000 4.371773 0.030000 4.480110 0.030000 5.683691 0.030000 5.503611 0.030000 7.014059 0.030000 7.065023 0.030000 1.697478 0.150000 1.235670 0.030000
7.587705 0.030000 7.617626 0.030000 3.239243 0.030000 3.381111 0.030000 5.044632 0.030000 4.866047 0.030000 8.523886 0.030000 8.443273 0.030000 3.040462 0.030000 3.105227 0.030000 4.259717 0.030000 4.321887 0.150000 5.771146 0.030000 5.613654 0.030000 7.024075 0.030000 6.978961 0.030000 1.421889 0.030000 1.289080 0.030000
7.745580 0.150000 7.613229 0.030000 3.157493 0.030000 3.278280 0.030000 5.143606 0.030000 4.971231 0.030000 8.644159 0.030000 8.535892 0.030000 3.287951 0.150000 3.074948 0.030000 4.157031 0.030000 4.318019 0.030000 6.756370 0.150000 5.746279 0.030000 7.078792 0.030000 7.015655 0.030000 1.521237 0.030000 1.409308 0.030000
7.515964 0.030000 7.637647 0.030000 3.022894 0.030000 3.138523 0.030000 5.439906 0.150000 5.130227 0.030000 8.743178 0.030000 8.569994 0.030000 3.146233 0.030000 3.086580 0.030000 4.105112 0.030000 4.217790 0.030000 6.008390 0.030000 5.855366 0.030000 7.035389 0.030000 7.026470 0.030000 1.577684 0.030000 1.485634 0.030000
7.467309 0.030000 7.694855 0.150000 2.830931 0.030000 3.046781 0.030000 5.426126 0.030000 5.209340 0.030000 8.816383 0.030000 8.659306 0.030000 3.259933 0.030000 3.184075 0.030000 3.954635 0.150000 4.160137 0.030000 6.086141 0.030000 5.920695 0.150000 7.089102 0.030000 7.077711 0.030000 1.666790 0.030000 1.502828 0.030000
7.426761 0.030000 7.506016 0.030000 2.747236 0.030000 3.255227 0.150000 5.546430 0.030000 5.340913 0.030000 8.960510 0.030000 8.760739 0.030000 3.262036 0.030000 3.216253 0.030000 3.841017 0.030000 4.057154 0.030000 6.239530 0.030000 6.052434 0.030000 7.117557 0.030000 7.160038 0.030000 1.793085 0.030000 1.583677 0.030000
7.383697 0.030000 7.396586 0.030000 2.614375 0.030000 2.830968 0.030000 5.627209 0.150000 5.449745 0.030000 8.896542 0.030000 8.843858 0.030000 3.359158 0.030000 3.274551 0.030000 3.836518 0.030000 4.304281 0.150000 6.337146 0.030000 6.436279 0.150000 7.196644 0.030000 7.163896 0.030000 1.947344 0.030000 1.761994 0.030000
7.401586 0.030000 7.421948 0.030000 2.540086 0.030000 2.724204 0.030000 5.815332 0.030000 5.533203 0.030000 9.066383 0.030000 8.914105 0.030000 3.375969 0.030000 3.362346 0.030000 3.822865 0.030000 3.899101 0.030000 6.433092 0.030000 6.240428 0.030000 7.366844 0.150000 7.149221 0.030000 2.041266 0.030000 1.793646 0.030000
7.326672 0.030000 7.383435 0.030000 2.371554 0.030000 2.608371 0.030000 5.955201 0.030000 5.721071 0.030000 9.091078 0.030000 8.962657 0.030000 3.388933 0.030000 4.193150 0.150000 3.694611 0.030000 4.182625 0.150000 6.588656 0.030000 6.350230 0.030000 7.222800 0.030000 7.192845 0.030000 2.108763 0.030000 1.969711 0.030000
7.294272 0.030000 7.349037 0.030000 2.272162 0.030000 2.471301 0.030000 6.015894 0.030000 6.200642 0.150000 9.184727 0.030000 9.054131 0.030000 3.567056 0.030000 3.432511 0.030000 3.615938 0.030000 3.749456 0.030000 6.644365 0.030000 6.506340 0.030000 7.751837 0.150000 7.192958 0.030000 2.344292 0.150000 2.047877 0.030000
7.236712 0.030000 7.275348 0.030000 2.140478 0.030000 2.421810 0.030000 6.217244 0.030000 5.988473 0.030000 9.617972 0.150000 9.169013 0.030000 3.877914 0.150000 3.626328 0.150000 3.599874 0.030000 3.693432 0.030000 6.765360 0.030000 6.577462 0.030000 7.261251 0.030000 7.269693 0.030000 2.284926 0.030000 2.120468 0.030000
7.219190 0.030000 7.197500 0.030000 2.149134 0.030000 2.265789 0.030000 6.317983 0.030000 6.087968 0.030000 9.315110 0.030000 9.155368 0.030000 3.724622 0.030000 3.584119 0.030000 3.466548 0.030000 3.607319 0.030000 6.909819 0.030000 6.733294 0.030000 7.388401 0.030000 7.309868 0.030000 2.396394 0.030000 2.278846 0.030000
7.263341 0.030000 7.248370 0.030000 1.966043 0.030000 2.191131 0.150000 6.376722 0.030000 6.184986 0.030000 9.721198 0.150000 9.277132 0.030000 3.743576 0.030000 3.648491 0.030000 3.476615 0.030000 3.792791 0.150000 6.958660 0.030000 6.812825 0.030000 7.356819 0.030000 7.773030 0.150000 2.784574 0.150000 2.312687 0.030000
7.184231 0.030000 7.243748 0.030000 1.997272 0.150000 2.071824 0.030000 6.480510 0.030000 6.272129 0.030000 9.501641 0.030000 9.384072 0.030000 4.307470 0.150000 3.686608 0.030000 3.460961 0.030000 3.434835 0.030000 7.067655 0.030000 6.879011 0.030000 7.381033 0.030000 7.268761 0.030000 2.576229 0.030000 2.414963 0.030000
7.159484 0.030000 7.154677 0.030000 1.855160 0.030000 1.694466 0.150000 6.531796 0.030000 6.395645 0.030000 9.528825 0.030000 9.376717 0.030000 3.901302 0.030000 3.705813 0.030000 3.380388 0.030000 3.439114 0.030000 7.151249 0.030000 6.924668 0.030000 7.416371 0.030000 7.430762 0.150000 2.652866 0.030000 3.030440 0.150000
7.176358 0.030000 7.157919 0.030000 1.758161 0.030000 1.925261 0.030000 6.620178 0.030000 6.396026 0.030000 9.553401 0.030000 9.446103 0.030000 3.900221 0.030000 3.816564 0.030000 3.317051 0.030000 3.447551 0.030000 7.186654 0.030000 7.012374 0.030000 7.445430 0.030000 7.343290 0.030000 2.794815 0.030000 2.837222 0.150000
7.068695 0.030000 7.170270 0.030000 1.740232 0.030000 1.868153 0.030000 6.710937 0.030000 6.905951 0.150000 9.632673 0.030000 9.900998 0.150000 3.986880 0.030000 3.836976 0.030000 3.344543 0.030000 3.343886 0.030000 7.232673 0.030000 7.104454 0.030000 7.465537 0.030000 7.901691 0.150000 2.797824 0.030000 2.654475 0.030000
7.099988 0.030000 7.161668 0.030000 1.700694 0.030000 1.802299 0.030000 6.771565 0.030000 6.515737 0.030000 9.642352 0.030000 9.514452 0.030000 4.016209 0.150000 3.878317 0.030000 3.288818 0.030000 3.341115 0.030000 7.241453 0.030000 7.118620 0.030000 7.480634 0.030000 7.397827 0.030000 2.850654 0.030000 2.685265 0.030000
7.138957 0.030000 7.154685 0.030000 1.643981 0.030000 1.836216 0.030000 6.758289 0.030000 6.615384 0.030000 9.690213 0.030000 9.531158 0.030000 4.044239 0.030000 3.890260 0.030000 3.232314 0.030000 3.322789 0.030000 7.406278 0.030000 7.164578 0.030000 7.427925 0.030000 7.377519 0.030000 2.891713 0.030000 2.711185 0.030000
