1.526381 0.030000 1.397612 0.030000 7.072970 0.030000 7.356678 0.150000 9.816310 0.030000 9.885911 0.030000 7.039543 0.030000 7.145786 0.150000 6.986621 0.030000 7.214719 0.030000
1.544518 0.030000 1.543551 0.150000 7.070100 0.030000 7.027147 0.030000 9.678287 0.030000 9.880029 0.030000 7.038791 0.030000 6.997370 0.030000 6.813107 0.030000 7.015341 0.030000
1.660408 0.030000 1.597171 0.150000 7.080630 0.030000 7.086378 0.030000 9.714404 0.030000 9.745290 0.030000 7.298860 0.150000 7.048656 0.030000 6.726948 0.030000 6.928436 0.030000
1.844815 0.030000 1.628938 0.030000 7.068597 0.030000 7.111109 0.030000 9.608116 0.030000 9.721325 0.030000 7.118068 0.030000 7.065920 0.030000 6.758392 0.150000 6.904524 0.030000
1.912431 0.030000 1.694331 0.030000 7.166109 0.030000 7.097924 0.030000 9.516067 0.030000 9.630152 0.030000 7.126748 0.030000 7.119457 0.150000 6.507648 0.030000 6.694161 0.030000
1.983659 0.030000 1.790487 0.030000 7.195980 0.030000 7.151044 0.030000 9.375843 0.030000 9.515347 0.030000 7.145987 0.030000 7.114746 0.030000 6.366201 0.030000 6.582484 0.030000
2.059756 0.030000 1.885927 0.030000 7.227263 0.030000 7.266139 0.150000 9.332146 0.030000 9.444589 0.030000 7.583013 0.150000 7.196751 0.030000 6.264527 0.030000 6.571191 0.030000
2.179243 0.030000 2.016275 0.030000 7.285974 0.030000 7.289040 0.150000 9.208604 0.030000 9.394444 0.030000 7.252685 0.030000 7.159222 0.030000 6.119076 0.030000 6.326829 0.030000
2.247985 0.030000 2.093164 0.030000 7.273833 0.030000 7.185859 0.030000 9.093058 0.030000 9.278991 0.030000 7.280890 0.030000 7.211439 0.030000 6.027668 0.030000 6.233897 0.030000
2.443904 0.030000 2.257192 0.030000 7.316320 0.030000 7.246835 0.030000 9.105544 0.030000 9.169569 0.030000 7.328814 0.030000 7.202584 0.030000 5.936813 0.030000 6.123514 0.030000
2.521523 0.030000 2.388276 0.030000 7.379081 0.030000 7.335279 0.030000 9.022448 0.030000 9.149681 0.030000 7.309171 0.030000 7.349383 0.150000 5.763704 0.030000 5.926465 0.030000
2.709391 0.150000 2.496348 0.030000 7.604942 0.150000 7.337849 0.030000 8.922321 0.030000 9.091358 0.030000 7.349776 0.030000 7.330884 0.030000 5.609560 0.030000 5.788113 0.030000
2.776855 0.030000 2.558980 0.030000 7.482222 0.030000 7.348905 0.030000 8.850929 0.030000 8.957592 0.030000 7.423685 0.030000 7.365102 0.030000 5.553801 0.030000 5.761351 0.030000
2.848409 0.030000 2.692645 0.030000 7.494747 0.030000 7.421782 0.030000 8.765798 0.030000 8.901877 0.030000 7.499747 0.030000 7.389102 0.030000 5.437056 0.030000 5.634395 0.030000
2.930160 0.030000 2.808169 0.030000 7.517543 0.030000 7.512253 0.030000 8.695333 0.030000 8.827969 0.030000 7.532469 0.030000 8.296937 0.150000 5.287103 0.030000 5.455038 0.030000
3.117590 0.030000 2.887440 0.030000 7.625458 0.030000 7.389582 0.150000 8.592336 0.030000 8.756070 0.030000 7.527882 0.030000 7.476577 0.030000 5.249355 0.150000 5.389166 0.030000
3.238834 0.030000 3.062032 0.030000 7.642041 0.030000 7.546632 0.030000 8.531142 0.030000 8.651966 0.030000 7.635467 0.030000 7.537846 0.030000 5.049152 0.030000 5.244127 0.030000
3.349316 0.030000 3.216460 0.030000 7.683416 0.030000 7.602660 0.030000 8.452858 0.030000 9.326486 0.150000 7.751095 0.030000 7.581849 0.030000 4.937835 0.030000 5.152428 0.030000
3.477927 0.030000 3.280965 0.030000 7.756238 0.030000 7.670230 0.030000 8.364452 0.030000 8.529576 0.030000 7.760575 0.030000 8.228199 0.150000 4.889067 0.150000 4.977601 0.030000
3.575161 0.030000 3.905273 0.150000 7.840887 0.030000 7.683365 0.030000 8.276974 0.030000 9.224256 0.150000 7.778155 0.030000 7.684457 0.030000 4.671018 0.030000 4.888741 0.030000
3.693689 0.030000 3.487475 0.030000 7.815711 0.030000 7.705643 0.030000 8.298392 0.030000 8.377900 0.030000 8.347861 0.150000 7.739514 0.030000 4.537725 0.030000 4.720144 0.030000
3.806476 0.030000 3.637664 0.030000 7.930717 0.030000 7.757043 0.030000 8.226717 0.030000 8.326160 0.030000 7.908618 0.030000 7.855673 0.030000 4.758979 0.150000 4.616767 0.030000
3.903175 0.030000 3.748347 0.030000 7.909284 0.030000 7.805807 0.030000 8.131511 0.030000 8.353013 0.030000 7.968363 0.030000 7.886738 0.030000 4.349283 0.030000 4.493885 0.030000
4.099872 0.030000 3.837588 0.030000 8.790522 0.150000 7.931942 0.030000 8.387355 0.150000 8.206023 0.030000 8.010499 0.030000 7.928737 0.030000 4.188323 0.030000 4.384318 0.030000
4.239309 0.030000 4.052009 0.030000 8.093723 0.030000 7.963633 0.030000 7.984276 0.030000 8.062920 0.030000 8.113316 0.030000 7.903198 0.030000 4.021815 0.030000 4.234658 0.030000
4.329776 0.030000 4.144967 0.030000 8.107809 0.030000 8.130301 0.030000 8.009767 0.030000 8.125642 0.150000 8.163351 0.030000 8.092564 0.030000 3.943954 0.030000 4.014488 0.150000
4.423138 0.030000 4.233509 0.030000 9.453691 0.150000 8.269343 0.150000 7.902042 0.030000 7.904236 0.030000 8.189314 0.030000 8.103556 0.030000 3.871396 0.030000 4.019476 0.030000
4.608985 0.030000 5.346609 0.150000 8.294374 0.030000 8.140826 0.030000 7.868802 0.030000 7.936336 0.030000 8.296747 0.030000 8.167963 0.030000 3.708561 0.030000 3.872927 0.030000
4.687336 0.030000 4.459054 0.030000 8.317283 0.030000 8.376199 0.150000 7.839306 0.030000 7.852514 0.030000 8.348767 0.030000 8.580602 0.150000 3.652145 0.030000 3.774835 0.030000
4.801703 0.030000 4.584335 0.030000 8.428170 0.030000 8.309409 0.030000 7.774874 0.030000 7.880036 0.030000 8.434397 0.030000 8.243531 0.030000 3.473979 0.030000 3.652310 0.030000
4.915538 0.030000 4.745860 0.030000 8.523863 0.030000 8.386940 0.030000 7.649631 0.030000 7.779957 0.030000 8.516049 0.030000 8.380392 0.030000 3.382684 0.030000 3.512786 0.030000
5.177000 0.150000 4.912207 0.030000 8.535307 0.030000 8.483618 0.030000 7.646179 0.030000 7.733430 0.150000 8.533638 0.030000 8.519036 0.030000 3.195690 0.030000 3.436266 0.030000
5.168859 0.030000 4.954298 0.030000 8.658300 0.030000 8.811008 0.150000 7.592693 0.030000 7.758826 0.150000 8.601463 0.030000 8.536236 0.030000 3.093267 0.030000 3.287115 0.030000
5.314701 0.030000 5.098033 0.030000 8.784437 0.030000 8.626244 0.030000 7.525747 0.030000 7.636498 0.030000 8.731504 0.030000 8.602358 0.030000 2.978735 0.030000 3.102598 0.030000
5.439125 0.030000 5.218020 0.030000 8.797199 0.030000 8.717385 0.030000 7.482347 0.030000 7.548092 0.030000 8.746937 0.030000 8.636103 0.030000 2.863971 0.030000 3.027018 0.030000
5.536193 0.030000 5.308980 0.030000 8.855853 0.030000 8.737278 0.030000 7.493301 0.030000 7.543954 0.030000 8.878168 0.030000 8.758183 0.030000 2.780750 0.150000 2.943181 0.030000
5.939075 0.150000 5.489824 0.030000 8.948066 0.030000 8.799025 0.030000 7.368265 0.030000 7.499746 0.030000 9.124279 0.150000 8.780644 0.030000 2.669863 0.030000 2.861802 0.030000
5.835996 0.030000 5.567504 0.030000 9.034800 0.030000 8.870038 0.030000 7.358534 0.030000 7.398635 0.030000 9.027992 0.030000 8.881012 0.030000 2.521289 0.150000 2.712316 0.030000
5.902935 0.030000 5.706921 0.150000 9.097841 0.030000 8.986346 0.030000 7.311764 0.030000 8.094585 0.150000 9.096628 0.030000 8.925411 0.150000 2.384979 0.030000 2.584400 0.030000
6.032586 0.030000 5.835411 0.030000 9.154490 0.030000 9.035638 0.030000 7.312323 0.030000 7.366009 0.030000 9.264799 0.030000 9.049860 0.030000 2.268174 0.030000 2.510031 0.030000
6.119202 0.030000 5.903197 0.030000 9.189510 0.150000 9.151831 0.030000 7.277160 0.030000 7.326147 0.030000 9.526241 0.150000 9.093410 0.030000 2.086130 0.030000 2.306595 0.030000
6.239939 0.030000 6.045042 0.030000 9.354010 0.030000 9.248190 0.030000 7.222968 0.030000 7.293746 0.030000 9.327041 0.030000 9.231615 0.030000 2.069491 0.030000 2.242442 0.030000
6.325389 0.030000 6.172062 0.030000 9.408362 0.030000 9.312890 0.030000 7.247120 0.030000 7.290636 0.030000 9.394137 0.030000 9.221190 0.030000 1.917785 0.030000 2.157166 0.030000
6.462713 0.030000 6.271178 0.030000 9.454701 0.030000 9.362013 0.030000 7.194004 0.030000 7.247839 0.030000 9.501664 0.030000 9.385698 0.030000 1.834410 0.150000 2.062753 0.030000
6.575080 0.030000 6.313052 0.030000 9.560579 0.030000 9.426178 0.030000 7.157019 0.030000 7.239313 0.030000 9.529393 0.030000 9.417696 0.030000 1.845979 0.030000 1.999061 0.030000
6.607895 0.030000 6.551625 0.150000 9.587566 0.030000 9.464358 0.030000 7.178817 0.030000 7.759286 0.150000 9.632358 0.030000 9.536064 0.030000 1.769955 0.030000 1.925867 0.030000
6.670694 0.030000 6.529419 0.030000 9.623176 0.030000 9.541178 0.030000 7.154381 0.030000 7.181614 0.030000 9.662989 0.030000 9.505808 0.030000 1.703013 0.030000 1.839023 0.030000
6.696668 0.030000 6.491400 0.030000 9.666058 0.030000 9.552352 0.030000 7.164322 0.030000 7.196944 0.030000 9.675626 0.030000 9.564178 0.030000 1.626229 0.030000 1.850170 0.030000
6.792424 0.030000 6.583824 0.030000 9.748711 0.030000 9.565333 0.150000 7.270463 0.150000 7.170229 0.030000 9.697103 0.030000 9.633636 0.150000 1.603234 0.030000 1.765281 0.030000
6.851706 0.030000 6.664338 0.030000 9.776596 0.030000 9.621746 0.030000 7.105160 0.030000 7.106786 0.030000 9.724880 0.030000 9.543582 0.030000 1.554297 0.030000 1.729351 0.030000
6.910674 0.030000 6.595706 0.030000 9.734896 0.030000 9.630713 0.030000 7.127256 0.030000 7.202860 0.030000 9.729825 0.030000 12.543626 0.150000 1.556328 0.030000 1.717291 0.030000
6.955033 0.030000 6.724980 0.030000 9.741230 0.030000 10.317407 0.150000 7.026254 0.030000 7.162476 0.030000 9.805697 0.150000 9.541435 0.150000 1.596961 0.030000 1.641066 0.030000
6.876133 0.030000 7.149641 0.150000 9.751071 0.030000 9.719122 0.030000 7.002900 0.030000 7.128355 0.030000 9.803408 0.150000 9.775011 0.030000 1.581527 0.030000 1.590602 0.030000
7.019090 0.030000 6.869605 0.030000 9.713276 0.030000 10.938867 0.150000 6.915096 0.030000 7.009950 0.030000 9.670829 0.030000 9.758013 0.030000 1.614156 0.030000 1.550306 0.030000
7.020557 0.030000 6.920339 0.030000 9.621124 0.030000 9.743911 0.030000 6.775983 0.030000 7.027077 0.030000 9.659437 0.030000 9.788843 0.030000 1.834629 0.150000 1.594943 0.030000
7.483636 0.150000 7.024972 0.030000 9.548058 0.030000 9.689087 0.030000 6.631287 0.030000 6.837001 0.030000 9.490078 0.030000 9.685061 0.030000 1.895709 0.150000 1.647240 0.030000
7.122101 0.030000 7.096732 0.030000 9.434931 0.030000 9.599402 0.030000 6.539217 0.030000 6.735981 0.030000 9.499515 0.030000 9.570302 0.030000 1.869526 0.030000 1.774680 0.030000
7.204514 0.030000 7.076454 0.030000 9.387046 0.030000 9.557746 0.030000 6.403476 0.030000 6.609078 0.030000 9.409591 0.030000 9.479551 0.030000 2.731400 0.150000 1.825236 0.030000
7.152619 0.030000 7.176471 0.030000 9.310475 0.030000 9.462268 0.030000 6.341949 0.030000 6.510067 0.030000 9.328221 0.030000 9.440195 0.030000 2.016198 0.030000 1.880526 0.030000
7.224358 0.030000 7.158268 0.150000 9.239163 0.030000 9.353312 0.030000 6.105335 0.030000 6.381750 0.030000 9.231447 0.030000 9.341746 0.030000 2.161072 0.030000 2.018139 0.030000
7.245687 0.030000 7.143041 0.030000 9.143313 0.030000 9.253027 0.030000 5.986554 0.030000 6.208135 0.030000 9.176915 0.030000 9.275350 0.030000 2.294623 0.030000 2.103989 0.030000
7.284391 0.030000 7.263081 0.030000 9.075734 0.030000 9.219966 0.030000 5.916281 0.030000 6.147788 0.030000 9.063670 0.030000 9.170211 0.030000 2.436475 0.030000 2.225791 0.030000
7.289410 0.030000 7.289251 0.030000 9.044341 0.030000 9.161198 0.030000 5.833400 0.030000 5.997244 0.030000 9.013461 0.030000 9.136386 0.030000 2.522633 0.030000 2.309116 0.030000
7.338306 0.030000 7.290115 0.030000 8.982030 0.030000 9.073994 0.030000 5.749000 0.030000 5.902972 0.030000 8.904750 0.030000 9.086419 0.030000 2.623646 0.030000 2.457502 0.030000
7.407261 0.030000 7.312721 0.030000 8.924743 0.030000 8.946091 0.030000 5.557439 0.030000 5.816742 0.030000 8.893045 0.030000 9.015289 0.030000 2.713001 0.030000 2.803239 0.150000
7.358504 0.030000 7.370286 0.030000 8.833238 0.030000 8.931909 0.150000 5.518065 0.150000 5.719246 0.030000 8.914166 0.030000 8.974219 0.030000 2.753991 0.030000 2.615380 0.030000
7.495282 0.030000 7.963322 0.150000 8.801994 0.030000 8.888671 0.030000 5.554279 0.030000 5.676662 0.030000 8.769618 0.030000 8.937358 0.030000 2.788475 0.030000 3.143779 0.150000
7.437930 0.030000 7.374299 0.030000 8.795156 0.030000 8.808931 0.150000 5.377312 0.030000 5.615246 0.030000 8.771830 0.030000 8.897840 0.030000 2.883469 0.030000 2.719240 0.030000
7.506287 0.030000 7.412346 0.030000 8.697183 0.030000 8.871994 0.030000 5.399585 0.030000 5.505920 0.030000 8.724895 0.030000 8.849643 0.030000 3.496030 0.150000 2.719650 0.030000
7.460331 0.030000 7.459181 0.030000 8.724277 0.030000 8.831597 0.030000 5.288166 0.030000 5.577887 0.030000 8.735105 0.030000 8.835498 0.030000 2.913331 0.030000 2.788955 0.030000
7.513561 0.030000 7.478195 0.030000 8.686993 0.030000 9.850596 0.150000 5.837245 0.150000 5.512373 0.030000 8.821284 0.150000 8.832454 0.030000 2.995253 0.030000 2.826957 0.030000
7.487032 0.030000 7.486360 0.030000 8.696284 0.030000 8.829553 0.030000 5.302401 0.030000 5.445119 0.150000 8.654160 0.030000 8.830875 0.030000 3.003795 0.030000 2.830679 0.030000
7.487405 0.030000 7.492727 0.030000 8.653282 0.030000 8.617713 0.150000 5.264893 0.030000 5.450550 0.030000 8.581214 0.030000 8.840415 0.030000 3.152375 0.030000 2.897346 0.030000
7.436741 0.030000 7.521839 0.030000 8.521108 0.030000 8.684311 0.030000 5.649490 0.150000 5.325321 0.030000 8.512987 0.030000 8.951236 0.150000 3.290030 0.150000 2.816610 0.150000
7.293336 0.030000 7.490918 0.030000 8.399784 0.030000 8.582482 0.030000 5.243134 0.030000 5.288061 0.030000 8.407792 0.030000 8.579152 0.030000 3.211372 0.030000 3.534113 0.150000
7.172338 0.030000 7.371489 0.030000 8.418971 0.150000 8.512778 0.030000 5.272919 0.030000 5.240614 0.030000 8.312134 0.030000 8.449551 0.030000 3.279890 0.030000 3.163524 0.030000
7.085699 0.030000 7.234546 0.030000 8.205429 0.030000 8.406254 0.030000 5.214800 0.030000 5.244338 0.030000 8.397111 0.150000 8.388360 0.030000 3.251391 0.030000 3.204453 0.030000
6.895327 0.030000 7.159343 0.030000 8.116207 0.030000 8.295345 0.030000 5.349436 0.030000 5.235156 0.030000 8.089616 0.030000 8.264502 0.030000 3.329124 0.030000 3.334704 0.150000
6.933446 0.030000 7.044559 0.030000 8.010021 0.030000 8.210385 0.030000 5.390239 0.030000 5.967570 0.150000 8.117598 0.150000 8.196737 0.030000 3.426925 0.030000 3.326073 0.030000
7.009690 0.150000 6.919063 0.030000 8.325365 0.150000 8.072580 0.030000 5.434968 0.030000 5.376644 0.030000 7.926405 0.030000 8.296845 0.150000 3.491124 0.030000 3.416656 0.030000
6.652957 0.030000 6.779644 0.030000 7.806397 0.030000 7.959930 0.030000 5.459158 0.030000 5.365961 0.030000 7.785290 0.030000 8.615001 0.150000 3.480104 0.030000 3.448545 0.030000
6.902835 0.150000 6.708128 0.030000 7.686540 0.030000 7.856992 0.030000 5.538081 0.030000 5.450805 0.030000 7.648064 0.030000 7.855154 0.030000 3.668596 0.030000 3.519743 0.030000
6.365521 0.150000 6.606563 0.030000 7.632309 0.030000 7.769134 0.030000 5.548529 0.030000 5.436827 0.030000 7.649748 0.030000 7.773569 0.030000 3.724192 0.030000 3.624420 0.030000
6.234948 0.030000 6.484870 0.030000 7.442551 0.150000 7.621378 0.030000 5.580820 0.030000 5.537788 0.030000 7.504874 0.030000 7.696195 0.030000 3.819539 0.030000 3.665466 0.030000
6.135907 0.030000 6.386241 0.030000 7.431630 0.030000 7.573049 0.030000 5.657737 0.030000 5.568338 0.030000 8.013696 0.150000 7.556567 0.030000 3.914025 0.030000 4.036703 0.150000
6.101333 0.030000 6.272844 0.030000 7.338350 0.030000 7.455859 0.030000 5.749941 0.030000 5.608758 0.030000 7.341111 0.030000 7.500520 0.030000 3.953357 0.030000 3.860213 0.030000
5.962664 0.030000 6.149949 0.030000 7.219832 0.030000 7.352793 0.030000 5.752368 0.030000 5.599648 0.030000 7.204294 0.030000 7.382295 0.030000 4.082897 0.030000 3.971596 0.030000
5.937922 0.150000 6.028526 0.030000 7.117545 0.030000 7.277983 0.030000 5.870067 0.030000 5.682081 0.030000 7.150517 0.030000 7.248726 0.030000 4.188516 0.030000 4.043394 0.030000
5.762557 0.030000 5.964176 0.030000 7.039993 0.030000 7.310048 0.030000 5.964132 0.030000 5.562217 0.150000 7.040086 0.030000 7.243226 0.030000 4.276094 0.030000 4.063869 0.030000
5.628356 0.030000 5.791449 0.030000 6.988026 0.030000 7.220826 0.150000 5.922695 0.030000 5.861749 0.150000 6.980627 0.030000 7.114072 0.030000 4.649102 0.150000 4.233321 0.030000
5.727380 0.150000 5.700276 0.030000 6.852806 0.030000 7.017776 0.030000 6.060466 0.030000 5.931701 0.030000 7.594937 0.150000 6.995122 0.030000 4.426689 0.030000 4.261866 0.030000
5.459707 0.030000 5.600791 0.030000 6.783421 0.030000 6.980903 0.030000 6.094157 0.030000 5.985862 0.030000 6.805014 0.030000 6.932346 0.030000 4.520797 0.030000 4.379905 0.030000
5.385927 0.030000 5.525285 0.030000 6.710570 0.030000 6.851251 0.030000 6.120298 0.030000 6.056014 0.030000 6.654255 0.030000 6.883821 0.030000 4.603730 0.030000 4.474924 0.030000
5.185059 0.030000 5.377490 0.030000 6.612850 0.030000 7.241678 0.150000 6.268191 0.030000 6.148012 0.030000 6.614242 0.030000 6.743587 0.030000 5.241076 0.150000 4.588653 0.030000
5.122053 0.030000 5.304332 0.030000 6.578627 0.030000 6.663871 0.030000 6.319145 0.030000 6.151159 0.030000 6.531383 0.030000 6.638135 0.030000 4.815718 0.030000 4.670547 0.030000
5.053940 0.030000 5.172489 0.030000 6.446330 0.030000 6.602331 0.030000 8.989428 0.150000 6.267458 0.030000 6.467677 0.030000 6.582577 0.030000 4.957032 0.030000 4.805754 0.150000
4.870632 0.030000 5.081977 0.030000 6.395187 0.030000 6.674310 0.150000 6.446733 0.030000 6.345181 0.030000 6.487094 0.030000 6.831549 0.150000 5.100926 0.030000 4.987280 0.150000
4.867565 0.030000 4.993283 0.030000 6.353337 0.030000 6.390782 0.030000 6.549822 0.030000 6.411584 0.030000 6.353218 0.030000 6.451546 0.030000 5.138251 0.030000 4.934874 0.030000
5.107109 0.150000 4.884044 0.030000 6.245342 0.030000 6.322565 0.030000 6.661191 0.030000 6.490905 0.030000 6.234960 0.030000 6.757656 0.150000 5.187823 0.030000 5.064957 0.030000
4.961609 0.150000 4.846841 0.030000 6.212426 0.030000 6.479634 0.150000 6.719271 0.030000 6.564876 0.030000 6.196901 0.030000 6.261646 0.030000 5.333477 0.030000 5.393520 0.150000
4.561676 0.030000 4.665806 0.030000 6.084938 0.030000 6.217058 0.030000 6.755612 0.030000 6.651852 0.030000 6.083920 0.030000 6.218886 0.030000 5.429914 0.030000 5.247818 0.030000
4.455279 0.030000 4.582783 0.030000 6.017407 0.030000 6.143152 0.030000 6.941554 0.150000 6.680455 0.030000 5.993558 0.030000 6.156260 0.030000 5.547962 0.030000 5.362718 0.030000
4.422677 0.030000 4.511864 0.030000 5.951742 0.030000 6.099030 0.030000 6.933216 0.030000 6.871893 0.030000 5.904213 0.030000 6.637347 0.150000 5.619801 0.030000 5.819981 0.150000
4.392525 0.150000 4.464491 0.030000 5.824403 0.030000 6.680227 0.150000 7.031125 0.030000 6.907860 0.030000 5.851185 0.030000 6.000334 0.030000 5.692964 0.030000 5.594749 0.030000
4.228893 0.030000 4.349475 0.030000 5.803952 0.030000 5.860664 0.030000 7.103231 0.030000 6.977037 0.030000 5.797419 0.030000 5.921921 0.030000 6.006618 0.150000 5.672324 0.030000
4.128051 0.030000 4.225863 0.030000 5.737800 0.030000 5.876422 0.030000 7.242358 0.030000 7.046831 0.030000 5.731571 0.030000 5.857247 0.030000 5.969428 0.030000 5.893017 0.030000
4.102708 0.030000 4.146655 0.030000 5.724156 0.030000 5.884676 0.150000 7.292908 0.030000 6.742261 0.150000 5.684626 0.030000 5.779944 0.030000 6.060482 0.030000 5.919426 0.030000
3.967765 0.030000 4.084900 0.030000 5.615556 0.030000 6.835452 0.150000 7.393053 0.030000 7.245665 0.030000 5.586184 0.030000 5.774959 0.030000 6.169328 0.030000 6.495768 0.150000
3.834266 0.030000 4.253532 0.150000 5.582333 0.030000 5.663924 0.030000 7.443073 0.030000 7.322353 0.030000 5.568271 0.030000 5.616651 0.030000 6.263613 0.030000 6.103426 0.030000
3.815338 0.030000 3.927043 0.030000 5.561588 0.030000 5.646489 0.030000 7.594223 0.030000 7.450507 0.030000 5.534919 0.030000 5.597891 0.030000 6.401080 0.030000 6.213289 0.030000
3.736016 0.030000 3.848139 0.030000 5.474718 0.030000 5.535586 0.030000 7.683475 0.030000 7.521927 0.030000 5.444622 0.030000 5.551351 0.030000 6.576691 0.030000 6.334002 0.030000
4.348891 0.150000 3.662440 0.030000 5.394687 0.030000 5.487019 0.030000 7.882823 0.150000 7.633837 0.030000 5.424100 0.030000 5.515075 0.030000 6.582494 0.030000 6.473866 0.030000
3.559735 0.030000 3.678922 0.030000 5.361249 0.030000 5.492430 0.030000 7.852851 0.030000 7.709750 0.030000 5.351243 0.030000 5.451348 0.030000 6.728028 0.030000 6.587234 0.030000
3.542194 0.030000 3.681850 0.030000 5.309429 0.030000 5.359735 0.030000 7.969948 0.030000 7.861890 0.030000 5.334943 0.030000 5.400911 0.030000 6.875993 0.030000 6.702562 0.030000
3.439639 0.030000 3.523498 0.030000 5.261186 0.030000 5.385264 0.030000 8.054495 0.030000 8.095215 0.150000 5.287942 0.030000 5.357665 0.030000 6.914551 0.030000 6.812227 0.030000
3.412772 0.030000 3.731652 0.150000 5.236955 0.030000 5.332828 0.030000 8.096597 0.030000 7.918723 0.030000 5.275456 0.030000 5.341394 0.030000 7.093519 0.030000 6.821681 0.030000
3.367717 0.030000 3.479801 0.030000 5.256446 0.030000 5.277717 0.030000 8.252487 0.030000 9.704030 0.150000 5.214195 0.030000 5.315316 0.030000 7.081059 0.030000 6.982778 0.030000
3.392538 0.030000 3.403494 0.030000 5.231782 0.030000 5.230102 0.030000 8.251717 0.030000 8.111651 0.030000 5.142551 0.030000 5.219284 0.030000 7.310887 0.150000 7.025582 0.030000
3.300090 0.030000 3.433658 0.030000 5.184658 0.030000 5.212062 0.030000 8.237547 0.030000 8.132406 0.030000 5.286711 0.150000 5.259984 0.030000 7.327089 0.030000 7.040545 0.030000
3.307616 0.030000 3.390846 0.030000 5.175929 0.030000 5.220631 0.030000 8.347035 0.030000 8.180731 0.030000 5.143887 0.030000 5.207563 0.030000 7.358269 0.030000 7.185979 0.150000
3.318285 0.030000 3.361766 0.030000 5.159174 0.030000 5.155306 0.030000 8.360906 0.030000 8.156718 0.030000 5.131072 0.030000 5.269591 0.030000 7.344527 0.030000 7.233355 0.030000
3.234168 0.030000 3.328156 0.030000 5.104735 0.030000 5.182298 0.030000 8.435614 0.030000 8.221853 0.030000 5.168596 0.030000 5.186346 0.030000 7.395157 0.030000 7.268223 0.030000
3.203111 0.030000 3.641286 0.150000 5.111583 0.030000 5.185649 0.030000 8.448948 0.030000 8.332116 0.030000 5.080754 0.030000 5.176122 0.030000 7.415826 0.030000 7.237845 0.030000
3.745342 0.150000 3.300452 0.030000 5.109415 0.030000 5.148917 0.030000 8.449387 0.030000 8.319313 0.030000 5.073086 0.030000 5.216418 0.030000 7.475237 0.030000 7.317508 0.030000
3.344246 0.030000 3.218950 0.030000 5.023853 0.030000 5.190104 0.030000 8.384768 0.030000 8.363069 0.030000 4.995939 0.030000 5.193375 0.030000 7.525893 0.030000 7.359422 0.030000
3.432718 0.150000 3.281907 0.030000 4.895471 0.030000 5.068265 0.030000 8.443221 0.030000 8.473413 0.030000 4.934232 0.030000 5.123874 0.030000 7.634718 0.030000 7.589689 0.150000
3.463027 0.030000 3.289862 0.030000 4.834354 0.030000 5.240045 0.150000 8.390435 0.030000 8.411748 0.030000 4.743699 0.030000 4.988652 0.030000 7.673587 0.030000 7.540075 0.030000
3.618064 0.030000 3.458323 0.030000 4.685989 0.030000 4.875893 0.030000 8.300321 0.030000 8.382352 0.030000 4.667852 0.030000 4.924247 0.030000 7.730792 0.030000 7.677191 0.030000
3.709815 0.030000 3.531542 0.030000 4.594445 0.030000 4.769019 0.030000 8.270587 0.030000 8.361676 0.030000 4.529115 0.030000 4.747561 0.030000 7.799484 0.030000 7.716057 0.030000
3.822361 0.030000 3.662891 0.030000 4.937027 0.150000 4.576720 0.030000 8.245982 0.030000 8.275026 0.030000 4.425919 0.030000 4.658808 0.030000 7.842170 0.030000 7.766453 0.030000
3.939364 0.030000 3.734033 0.030000 4.291544 0.030000 4.487814 0.030000 8.120611 0.030000 8.174912 0.030000 4.324277 0.030000 4.455688 0.030000 7.907871 0.030000 7.870661 0.030000
4.115072 0.030000 3.871389 0.030000 4.141315 0.030000 4.414732 0.030000 8.052353 0.030000 8.151582 0.030000 4.168182 0.150000 4.363170 0.030000 8.019521 0.030000 7.875182 0.030000
4.222659 0.030000 3.946536 0.030000 4.039099 0.030000 4.308801 0.030000 7.964876 0.030000 8.128199 0.030000 4.059995 0.030000 4.202234 0.030000 8.104078 0.030000 7.946146 0.030000
4.283209 0.030000 4.125560 0.030000 3.901493 0.030000 4.168570 0.030000 7.972614 0.030000 8.078481 0.030000 3.892877 0.030000 4.069476 0.030000 8.180882 0.030000 8.044702 0.030000
4.425527 0.030000 4.192361 0.030000 3.919008 0.030000 4.156840 0.150000 7.958421 0.030000 7.984404 0.030000 3.813329 0.030000 4.044376 0.030000 8.263866 0.030000 8.073006 0.030000
4.552967 0.030000 4.268775 0.030000 3.744228 0.030000 3.952399 0.030000 7.868125 0.030000 7.946806 0.030000 3.992096 0.150000 3.982417 0.030000 8.274048 0.030000 8.178878 0.030000
4.616349 0.030000 4.425436 0.030000 3.671787 0.030000 3.860814 0.030000 7.782696 0.030000 7.870582 0.030000 3.697727 0.030000 3.931612 0.150000 8.350705 0.030000 8.215039 0.030000
4.663803 0.030000 4.440857 0.030000 3.578883 0.030000 3.742221 0.030000 7.774805 0.030000 7.839148 0.030000 3.542118 0.030000 3.735930 0.030000 8.383009 0.030000 8.213582 0.030000
4.769841 0.030000 4.514316 0.030000 3.510099 0.030000 3.748836 0.030000 7.811208 0.030000 7.843681 0.030000 3.475230 0.030000 3.629574 0.030000 8.401144 0.030000 8.225055 0.030000
4.731454 0.030000 4.712135 0.150000 3.473590 0.030000 3.681426 0.030000 7.781920 0.030000 7.792523 0.030000 3.455868 0.030000 3.674360 0.030000 8.423411 0.030000 8.646612 0.150000
4.837850 0.150000 4.643268 0.030000 3.428568 0.030000 3.601569 0.030000 7.729754 0.030000 7.741551 0.030000 3.422600 0.030000 3.613165 0.030000 8.477948 0.030000 8.326372 0.030000
4.854208 0.030000 4.713143 0.030000 3.372304 0.030000 3.579249 0.030000 7.720034 0.030000 7.794750 0.030000 3.331719 0.030000 3.604062 0.030000 8.499678 0.030000 8.317602 0.030000
4.902737 0.030000 4.681020 0.030000 3.350970 0.030000 3.527924 0.030000 7.668380 0.030000 7.977044 0.150000 3.385905 0.030000 3.516566 0.030000 8.499682 0.030000 8.344023 0.030000
4.969725 0.030000 4.751451 0.030000 3.356013 0.030000 3.501270 0.030000 7.660474 0.030000 7.755604 0.030000 3.266227 0.030000 3.530269 0.030000 8.410918 0.030000 8.426833 0.030000
4.918770 0.030000 4.788733 0.030000 3.343058 0.030000 3.458794 0.030000 7.664788 0.030000 7.716261 0.030000 3.347640 0.030000 3.486584 0.030000 8.467919 0.030000 8.414770 0.030000
5.034491 0.030000 4.902357 0.030000 3.278766 0.030000 3.415516 0.030000 7.502823 0.030000 7.733045 0.030000 3.321421 0.030000 3.356195 0.030000 8.400722 0.030000 8.516033 0.030000
5.061691 0.030000 5.001370 0.030000 3.358476 0.030000 3.303577 0.030000 7.333477 0.030000 7.925339 0.150000 3.324387 0.030000 3.283896 0.030000 8.243083 0.030000 8.987411 0.150000
5.113413 0.030000 5.080108 0.030000 3.395020 0.030000 3.331618 0.030000 7.507565 0.150000 7.301480 0.150000 3.450188 0.030000 3.307810 0.030000 8.218979 0.030000 8.345482 0.030000
5.152782 0.030000 5.148183 0.150000 3.451978 0.030000 3.379849 0.150000 9.007827 0.150000 7.285065 0.030000 3.421026 0.030000 3.394155 0.030000 8.149384 0.030000 8.293406 0.030000
5.225436 0.030000 5.176251 0.030000 3.584773 0.030000 3.392095 0.030000 7.025678 0.030000 7.219556 0.030000 3.584759 0.030000 3.420156 0.030000 8.694942 0.150000 8.186308 0.030000
5.229362 0.030000 5.155845 0.030000 3.548270 0.030000 3.515629 0.030000 6.943692 0.030000 7.090008 0.030000 3.557960 0.030000 3.562577 0.030000 7.909576 0.030000 8.064962 0.030000
5.271714 0.030000 5.252816 0.030000 3.621508 0.030000 3.495574 0.030000 6.824253 0.030000 6.975849 0.030000 3.666003 0.030000 3.483323 0.030000 7.796670 0.030000 8.121253 0.150000
5.323375 0.030000 5.268408 0.030000 3.689220 0.030000 3.596003 0.030000 6.691470 0.030000 6.877412 0.030000 3.722669 0.030000 3.605839 0.030000 7.707176 0.030000 7.816022 0.030000
5.391795 0.030000 6.116341 0.150000 3.791661 0.030000 3.642210 0.030000 6.614609 0.030000 6.738264 0.030000 3.762732 0.030000 3.665161 0.030000 7.651041 0.030000 8.863284 0.150000
5.417717 0.030000 5.358971 0.150000 3.841461 0.030000 3.779155 0.030000 6.506542 0.030000 6.649586 0.030000 3.883034 0.030000 3.688210 0.030000 7.515441 0.030000 7.700909 0.030000
5.516801 0.030000 5.431107 0.030000 3.942323 0.030000 3.783819 0.030000 6.377089 0.030000 6.545037 0.030000 3.925886 0.030000 3.807643 0.030000 7.446438 0.030000 7.604194 0.030000
5.565259 0.030000 5.447228 0.030000 3.953991 0.030000 3.852543 0.030000 6.311082 0.030000 6.401066 0.030000 4.012989 0.030000 3.803277 0.030000 7.359569 0.030000 7.510764 0.030000
5.600765 0.030000 5.519204 0.030000 4.022578 0.030000 3.888679 0.030000 6.319143 0.150000 6.282894 0.030000 4.015344 0.030000 3.908909 0.030000 7.265440 0.030000 7.431572 0.030000
5.750319 0.030000 5.565198 0.030000 4.132657 0.030000 4.966718 0.150000 6.008450 0.030000 6.198050 0.030000 4.136346 0.030000 3.984871 0.030000 7.130787 0.030000 7.270842 0.030000
5.735117 0.030000 5.915590 0.150000 4.269836 0.030000 4.573573 0.150000 5.876793 0.030000 6.056493 0.030000 4.276193 0.030000 4.100039 0.030000 7.086393 0.030000 7.247963 0.030000
5.833220 0.030000 5.685892 0.030000 4.334177 0.030000 4.217438 0.030000 5.781558 0.030000 5.997579 0.030000 4.303247 0.030000 4.144361 0.030000 7.001202 0.030000 7.142107 0.030000
5.870518 0.030000 5.792247 0.030000 4.382771 0.030000 4.262822 0.030000 5.628805 0.030000 5.900306 0.030000 4.383362 0.030000 4.265757 0.030000 6.886609 0.030000 7.047734 0.030000
5.907024 0.030000 5.890109 0.030000 4.495601 0.030000 4.346857 0.030000 5.655361 0.030000 5.834563 0.030000 4.496040 0.030000 4.437837 0.030000 6.844814 0.030000 6.928755 0.030000
6.034613 0.150000 5.896546 0.030000 4.615538 0.030000 4.464062 0.030000 5.457652 0.030000 5.676128 0.030000 4.571602 0.030000 4.476469 0.030000 6.733087 0.030000 7.063577 0.150000
6.130035 0.030000 5.968865 0.030000 4.603274 0.030000 4.490422 0.030000 5.392865 0.030000 5.523596 0.030000 4.650513 0.030000 4.510846 0.030000 6.648980 0.030000 6.816971 0.030000
6.168955 0.030000 6.045443 0.030000 4.804675 0.030000 4.604218 0.030000 5.277804 0.030000 5.434260 0.030000 4.773930 0.030000 4.617895 0.030000 6.544999 0.030000 6.719539 0.030000
6.297545 0.030000 6.324643 0.150000 4.845671 0.030000 4.771858 0.030000 5.146190 0.030000 5.388766 0.030000 4.842258 0.030000 4.718876 0.030000 6.481541 0.030000 6.624470 0.030000
6.368692 0.030000 6.213699 0.030000 4.960648 0.030000 4.821479 0.030000 5.090775 0.030000 5.271162 0.030000 4.998638 0.030000 4.766676 0.030000 6.668688 0.150000 6.520990 0.030000
6.446642 0.030000 6.335093 0.030000 5.286196 0.150000 4.864637 0.030000 5.026795 0.030000 5.208074 0.030000 5.099253 0.030000 4.870337 0.030000 6.388946 0.030000 6.432514 0.030000
6.811195 0.150000 6.371907 0.030000 5.138878 0.030000 5.014279 0.030000 4.908471 0.030000 5.058516 0.030000 5.158723 0.030000 5.059273 0.030000 7.657656 0.150000 6.426489 0.030000
6.547950 0.030000 6.439520 0.030000 5.280324 0.030000 5.105544 0.030000 4.729172 0.030000 4.944988 0.030000 5.267335 0.030000 5.082698 0.030000 6.165549 0.030000 6.333716 0.030000
6.694688 0.030000 6.467124 0.030000 5.329198 0.030000 5.223277 0.030000 4.735907 0.030000 4.817036 0.030000 6.122523 0.150000 5.163272 0.030000 6.154524 0.030000 6.247613 0.030000
6.657314 0.030000 6.587145 0.030000 5.916226 0.150000 5.265966 0.030000 4.628524 0.030000 4.757292 0.030000 5.496409 0.030000 5.317173 0.030000 6.092444 0.030000 6.131111 0.030000
6.837618 0.030000 6.683124 0.030000 5.608245 0.030000 5.423158 0.030000 4.457078 0.030000 4.711279 0.150000 6.121304 0.150000 5.396519 0.030000 6.954475 0.150000 6.081206 0.150000
6.967504 0.150000 6.786683 0.030000 6.241564 0.150000 5.504498 0.030000 4.377947 0.030000 4.569753 0.030000 5.667762 0.030000 5.515023 0.030000 5.867936 0.030000 5.986961 0.030000
7.061785 0.030000 6.857670 0.030000 5.781764 0.150000 5.987316 0.150000 4.263321 0.030000 4.382829 0.030000 5.767034 0.030000 5.601939 0.030000 5.833268 0.030000 5.947663 0.030000
7.090198 0.030000 6.904668 0.030000 5.884236 0.030000 5.891660 0.150000 4.223519 0.030000 4.354156 0.030000 5.874743 0.030000 5.750268 0.030000 5.750166 0.030000 5.882651 0.030000
7.124836 0.030000 7.033932 0.030000 6.009407 0.030000 5.831095 0.030000 4.167787 0.030000 4.283429 0.030000 6.023640 0.030000 6.130592 0.150000 5.724719 0.030000 5.816509 0.030000
7.326589 0.030000 7.120125 0.030000 6.129088 0.030000 5.987610 0.030000 4.010660 0.030000 4.265778 0.150000 6.075454 0.030000 6.124414 0.150000 5.682745 0.030000 5.805315 0.030000
7.338572 0.030000 7.206602 0.030000 6.220251 0.030000 5.988015 0.030000 4.125997 0.150000 4.106616 0.030000 6.180693 0.030000 6.046642 0.030000 5.674718 0.030000 5.639961 0.030000
7.447451 0.030000 7.302628 0.030000 6.318298 0.030000 6.117342 0.030000 3.900236 0.030000 4.008479 0.030000 6.252872 0.030000 6.128455 0.030000 5.545241 0.030000 5.652308 0.030000
7.591040 0.030000 7.393698 0.030000 6.448619 0.030000 6.304329 0.030000 3.816689 0.030000 3.903587 0.030000 6.409523 0.030000 6.284377 0.030000 5.457063 0.030000 5.585847 0.030000
7.667054 0.030000 7.472887 0.030000 6.493943 0.030000 6.367550 0.030000 3.749303 0.030000 3.844057 0.030000 6.555527 0.030000 6.360888 0.030000 5.458295 0.030000 5.537627 0.030000
7.740873 0.030000 7.637779 0.030000 6.597115 0.030000 6.466744 0.030000 3.662706 0.030000 3.745998 0.030000 6.595854 0.030000 6.450127 0.030000 5.413979 0.030000 5.455538 0.030000
7.856924 0.030000 7.708294 0.030000 6.748926 0.030000 6.587617 0.030000 3.588442 0.030000 3.676095 0.030000 6.753003 0.030000 6.543772 0.030000 5.353512 0.030000 5.413016 0.030000
7.928408 0.030000 7.784297 0.030000 6.913274 0.030000 6.642446 0.030000 3.535718 0.030000 3.638402 0.030000 6.927209 0.030000 6.774721 0.030000 5.327973 0.030000 5.390808 0.030000
8.001495 0.030000 7.857923 0.030000 6.929449 0.030000 6.785749 0.150000 3.388733 0.150000 3.565560 0.030000 6.985872 0.030000 6.710612 0.030000 5.273977 0.030000 5.310803 0.030000
8.117379 0.030000 7.986917 0.030000 7.176085 0.150000 6.866322 0.030000 3.376625 0.030000 3.517544 0.030000 6.990925 0.030000 6.852786 0.030000 5.246336 0.030000 5.325187 0.030000
8.163772 0.030000 8.001026 0.030000 7.155691 0.030000 6.938923 0.030000 3.328688 0.030000 3.502213 0.030000 7.149659 0.030000 6.929484 0.030000 5.267364 0.030000 5.303525 0.030000
8.249205 0.030000 8.594824 0.150000 7.214677 0.030000 6.971483 0.030000 3.356575 0.030000 3.365034 0.030000 7.160411 0.030000 6.965693 0.030000 5.209389 0.030000 5.305978 0.030000
8.317161 0.030000 8.080824 0.030000 7.182208 0.030000 7.071830 0.030000 3.317959 0.030000 3.381606 0.030000 7.269323 0.030000 7.059702 0.030000 5.207999 0.030000 5.238654 0.030000
8.332639 0.030000 8.163340 0.030000 7.290338 0.030000 7.128338 0.030000 3.645686 0.150000 3.372628 0.030000 7.279697 0.030000 7.157542 0.030000 5.245556 0.030000 5.276904 0.030000
8.355072 0.030000 8.181381 0.030000 7.366118 0.030000 7.184269 0.030000 3.234139 0.030000 3.327939 0.030000 7.312920 0.030000 7.180783 0.030000 5.125530 0.030000 5.278330 0.030000
8.429759 0.030000 8.195399 0.030000 7.414195 0.030000 7.203221 0.030000 3.255862 0.030000 3.330810 0.030000 7.355515 0.030000 7.713687 0.150000 5.231838 0.030000 5.208350 0.030000
8.397724 0.030000 8.214921 0.030000 7.376622 0.030000 7.225466 0.030000 3.193444 0.030000 3.289488 0.030000 7.378682 0.030000 7.201715 0.030000 5.147880 0.030000 5.119490 0.030000
8.478711 0.030000 8.320449 0.150000 7.453915 0.030000 7.303416 0.030000 3.220623 0.030000 3.326156 0.030000 7.396443 0.030000 7.298232 0.030000 5.218517 0.030000 5.247219 0.150000
8.601471 0.030000 8.373314 0.030000 7.482021 0.030000 7.366439 0.030000 3.081958 0.030000 3.328973 0.030000 7.453037 0.030000 7.300634 0.030000 5.246886 0.030000 5.150628 0.030000
8.667405 0.030000 8.468142 0.030000 7.411490 0.030000 9.038508 0.150000 3.003964 0.030000 3.166975 0.030000 7.440285 0.030000 7.491724 0.030000 5.304698 0.030000 5.197912 0.030000
8.655407 0.030000 8.593659 0.030000 7.407312 0.030000 7.458496 0.030000 2.846413 0.030000 3.070093 0.030000 7.411753 0.030000 7.418843 0.030000 6.473823 0.150000 5.236866 0.030000
8.840337 0.030000 8.718018 0.030000 7.414651 0.030000 7.412602 0.030000 2.757088 0.030000 2.910710 0.030000 7.363753 0.030000 7.467957 0.030000 5.590105 0.030000 5.415082 0.030000
8.982168 0.030000 8.988067 0.150000 7.311858 0.030000 7.425488 0.030000 2.714133 0.030000 2.829575 0.030000 7.345198 0.030000 7.343822 0.030000 5.742509 0.030000 5.510473 0.030000
9.017811 0.030000 8.817389 0.030000 7.314219 0.030000 7.380000 0.030000 2.514638 0.030000 2.658990 0.030000 7.543115 0.150000 7.357615 0.030000 5.817088 0.030000 5.643669 0.030000
9.055307 0.030000 8.943659 0.030000 7.258275 0.030000 7.337855 0.030000 2.685158 0.150000 2.620034 0.030000 7.306662 0.030000 7.353250 0.030000 5.920009 0.030000 5.740788 0.030000
9.196444 0.030000 9.022993 0.030000 7.247992 0.030000 7.336773 0.030000 2.299251 0.030000 2.456631 0.030000 7.277248 0.030000 7.279302 0.030000 6.034407 0.030000 5.942336 0.030000
9.277496 0.030000 9.064160 0.030000 7.168210 0.030000 7.261554 0.030000 2.143554 0.030000 2.320559 0.030000 7.195137 0.030000 7.277258 0.030000 6.152399 0.030000 6.036077 0.030000
9.319005 0.030000 9.221221 0.030000 7.236545 0.030000 7.230180 0.030000 2.059500 0.030000 2.269900 0.030000 7.199590 0.030000 7.228209 0.030000 6.318619 0.030000 6.139640 0.030000
9.422931 0.030000 9.272225 0.030000 7.128557 0.030000 7.256999 0.030000 1.995926 0.030000 2.142352 0.030000 7.218023 0.030000 7.252391 0.030000 6.347547 0.030000 6.514143 0.150000
9.484030 0.030000 9.348573 0.030000 8.043514 0.150000 7.157512 0.030000 1.940903 0.030000 2.069336 0.030000 7.178472 0.030000 7.173498 0.030000 6.500732 0.030000 6.292962 0.030000
9.486563 0.030000 9.384980 0.030000 7.131008 0.030000 7.212294 0.030000 1.820065 0.030000 2.042937 0.030000 7.108128 0.030000 7.161273 0.030000 6.582713 0.030000 6.383150 0.030000
9.579673 0.030000 9.434347 0.030000 7.129304 0.030000 7.209086 0.030000 1.719155 0.030000 1.952146 0.030000 7.093828 0.030000 7.250380 0.030000 6.643254 0.030000 6.424216 0.030000
9.655848 0.030000 9.458875 0.030000 7.144924 0.030000 7.079920 0.150000 1.688898 0.030000 1.906021 0.030000 7.106892 0.150000 7.135424 0.030000 6.691237 0.030000 6.434327 0.030000
9.632201 0.030000 9.499882 0.030000 7.118031 0.030000 7.170528 0.030000 1.646834 0.030000 1.827373 0.030000 7.116725 0.030000 7.143195 0.030000 6.779881 0.030000 6.647780 0.150000
9.711094 0.030000 9.577904 0.030000 7.104015 0.030000 7.120379 0.030000 1.650751 0.030000 1.810185 0.030000 7.117059 0.030000 7.162154 0.030000 6.825989 0.030000 6.642888 0.030000
9.715283 0.030000 9.616669 0.030000 7.100771 0.030000 7.185404 0.030000 1.586959 0.030000 1.740904 0.030000 7.123239 0.030000 7.154580 0.030000 6.882109 0.030000 7.350492 0.150000
10.304739 0.150000 9.578508 0.030000 7.145847 0.030000 7.136908 0.030000 1.538006 0.030000 1.795921 0.030000 7.073206 0.030000 7.171978 0.030000 7.622934 0.150000 6.679753 0.030000
9.728378 0.030000 9.629653 0.030000 7.114282 0.150000 7.166071 0.030000 2.118405 0.150000 1.672425 0.030000 7.028328 0.030000 7.160606 0.030000 6.926447 0.030000 6.940424 0.150000
9.697694 0.030000 9.740615 0.030000 6.998257 0.030000 7.114386 0.030000 1.620179 0.030000 1.650619 0.030000 6.995009 0.030000 7.202232 0.030000 6.935956 0.030000 6.820171 0.030000
9.632532 0.030000 10.594561 0.150000 6.942474 0.030000 7.072080 0.030000 1.684804 0.030000 1.594503 0.030000 6.880289 0.030000 7.556407 0.150000 6.974439 0.030000 6.876835 0.030000
9.542732 0.030000 9.743233 0.030000 6.741253 0.030000 6.946687 0.030000 1.742761 0.030000 1.601536 0.030000 6.726014 0.030000 6.861722 0.030000 6.989316 0.030000 6.900646 0.030000
9.577442 0.030000 9.602042 0.150000 6.629934 0.150000 6.794828 0.030000 1.760787 0.030000 1.664590 0.030000 6.641342 0.030000 6.816222 0.030000 7.064788 0.030000 7.019372 0.030000
9.521665 0.150000 9.488920 0.030000 6.484856 0.030000 6.654514 0.030000 1.924853 0.030000 1.708197 0.030000 6.939594 0.150000 6.675584 0.030000 7.062418 0.030000 7.325696 0.150000
9.392639 0.030000 9.484770 0.030000 7.919264 0.150000 6.566156 0.030000 2.018736 0.030000 2.138526 0.150000 6.342267 0.030000 6.548575 0.030000 7.676886 0.150000 7.429208 0.150000
9.267698 0.030000 9.357840 0.030000 6.267899 0.030000 6.466875 0.030000 2.153885 0.030000 1.994360 0.150000 6.652972 0.150000 6.451239 0.030000 7.158052 0.030000 7.082597 0.030000
9.153028 0.030000 9.252967 0.030000 6.110403 0.030000 6.925584 0.150000 2.194776 0.030000 2.069807 0.030000 6.097815 0.030000 6.416170 0.150000 7.166956 0.030000 7.159948 0.030000
9.125657 0.030000 9.216167 0.030000 6.028295 0.030000 6.159659 0.030000 2.408199 0.030000 2.157244 0.030000 6.010850 0.030000 6.182650 0.030000 7.233957 0.030000 7.161447 0.030000
9.040711 0.030000 9.220278 0.030000 5.914866 0.030000 6.083003 0.030000 2.835618 0.150000 2.281967 0.030000 5.720147 0.150000 6.107208 0.030000 7.287926 0.030000 7.236900 0.030000
8.936910 0.150000 9.089170 0.030000 5.732514 0.030000 5.978103 0.030000 2.560497 0.030000 2.414589 0.030000 5.790909 0.030000 5.985030 0.030000 7.292124 0.030000 7.231070 0.030000
8.828544 0.030000 9.009831 0.030000 5.590637 0.030000 5.844297 0.030000 2.675650 0.030000 2.543270 0.030000 5.644606 0.030000 5.810358 0.030000 7.353033 0.030000 7.307180 0.030000
8.948156 0.150000 8.925477 0.030000 5.470686 0.030000 5.737298 0.030000 3.027435 0.150000 2.664492 0.030000 5.522602 0.030000 5.710359 0.030000 7.383705 0.030000 7.291353 0.030000
8.696371 0.030000 8.825060 0.030000 5.409092 0.030000 5.597010 0.030000 2.919399 0.030000 2.717624 0.030000 5.412249 0.030000 5.538855 0.030000 7.467998 0.030000 7.341951 0.030000
8.608292 0.030000 9.217930 0.150000 5.248243 0.030000 5.482391 0.030000 3.083886 0.030000 2.849432 0.150000 5.533186 0.150000 5.630027 0.150000 8.639226 0.150000 7.420516 0.030000
8.524369 0.030000 8.734299 0.030000 5.201779 0.030000 5.385436 0.030000 3.173592 0.030000 3.430793 0.150000 5.151465 0.030000 5.290382 0.030000 7.533469 0.030000 7.453525 0.030000
8.453987 0.030000 8.593397 0.030000 5.034414 0.030000 5.228515 0.030000 3.314341 0.030000 3.120667 0.030000 5.024042 0.030000 5.266819 0.030000 7.609523 0.030000 7.539517 0.030000
8.457578 0.030000 8.549425 0.030000 4.912727 0.030000 5.082459 0.030000 3.363585 0.030000 3.707094 0.150000 4.934008 0.030000 5.097115 0.030000 7.653187 0.030000 7.593838 0.030000
8.410580 0.030000 8.468852 0.030000 4.779091 0.030000 4.974761 0.030000 3.515162 0.030000 3.332463 0.030000 4.759885 0.030000 5.019189 0.030000 7.718436 0.030000 7.690868 0.030000
8.233678 0.030000 8.398526 0.030000 4.686397 0.030000 4.888331 0.030000 3.661413 0.030000 3.408116 0.030000 4.659259 0.030000 4.865521 0.030000 7.808568 0.030000 7.656806 0.030000
8.571466 0.150000 8.321283 0.030000 4.516179 0.030000 4.721694 0.030000 3.763067 0.030000 3.562490 0.030000 4.585989 0.030000 4.723574 0.030000 7.808209 0.030000 7.767386 0.030000
8.148724 0.030000 8.244614 0.030000 4.412435 0.030000 4.619227 0.030000 3.860593 0.030000 3.669024 0.030000 4.401682 0.030000 5.312989 0.150000 7.906680 0.030000 7.774914 0.030000
8.097012 0.030000 8.236035 0.030000 4.295056 0.030000 4.503331 0.030000 4.024323 0.030000 3.794384 0.030000 4.304358 0.030000 4.482746 0.030000 8.535690 0.150000 7.815249 0.030000
8.006520 0.030000 8.195571 0.030000 4.158330 0.030000 4.322842 0.030000 4.099006 0.030000 3.867136 0.030000 4.402372 0.150000 4.387083 0.030000 7.990793 0.030000 7.933268 0.030000
8.011048 0.030000 8.024944 0.030000 4.063705 0.030000 4.261685 0.030000 4.467175 0.150000 4.026210 0.030000 4.179254 0.150000 4.012425 0.150000 8.056855 0.030000 7.987252 0.030000
7.938110 0.030000 8.002062 0.030000 3.943715 0.030000 4.148643 0.030000 4.333184 0.030000 4.139038 0.030000 4.534237 0.150000 4.065888 0.030000 8.127527 0.030000 8.041761 0.030000
7.872740 0.030000 8.034149 0.030000 3.809889 0.030000 3.835204 0.150000 4.458938 0.030000 4.238501 0.030000 3.779896 0.030000 3.984676 0.030000 8.215547 0.030000 8.099820 0.030000
7.816709 0.030000 8.104715 0.150000 3.685872 0.030000 3.896394 0.030000 4.609197 0.030000 4.355508 0.030000 3.683852 0.030000 3.885513 0.030000 8.622710 0.150000 8.129825 0.030000
7.723561 0.030000 7.824169 0.030000 3.537429 0.030000 3.733802 0.030000 5.087831 0.150000 4.527038 0.150000 3.537178 0.030000 3.749938 0.030000 8.331394 0.030000 8.229194 0.030000
7.733614 0.030000 7.840635 0.030000 3.425316 0.030000 3.634247 0.030000 4.897490 0.030000 4.615427 0.030000 3.463054 0.030000 3.639652 0.030000 8.429715 0.030000 8.263935 0.030000
7.821177 0.150000 8.157035 0.150000 3.619841 0.150000 3.506571 0.030000 4.970977 0.030000 4.714451 0.030000 3.302392 0.030000 3.560225 0.030000 8.501039 0.030000 8.374465 0.030000
7.610820 0.030000 7.642348 0.030000 3.211499 0.030000 3.420134 0.030000 5.077527 0.030000 4.872410 0.030000 3.198806 0.030000 3.443515 0.030000 8.540774 0.030000 8.427415 0.030000
7.571725 0.030000 7.610471 0.030000 3.041788 0.030000 3.330854 0.030000 5.179541 0.150000 5.000252 0.030000 3.053087 0.030000 3.325534 0.030000 8.615114 0.030000 8.536569 0.030000
7.477465 0.030000 7.565423 0.030000 2.995827 0.030000 3.123057 0.030000 5.260100 0.030000 5.143080 0.030000 2.988687 0.030000 3.163735 0.030000 8.691113 0.030000 8.621512 0.150000
9.802239 0.150000 7.505346 0.030000 2.857383 0.030000 4.988006 0.150000 5.461135 0.030000 5.259255 0.030000 3.283466 0.150000 3.047624 0.030000 8.769836 0.030000 8.656095 0.030000
7.766461 0.150000 7.525195 0.030000 2.724129 0.030000 2.930936 0.030000 5.572041 0.030000 5.353670 0.030000 2.724101 0.030000 2.959558 0.030000 8.863941 0.030000 8.700211 0.030000
7.407671 0.030000 7.461395 0.030000 2.649840 0.030000 2.821156 0.030000 5.685346 0.030000 5.520684 0.030000 2.591169 0.030000 2.817537 0.030000 8.936289 0.030000 8.808209 0.030000
7.398065 0.030000 8.068997 0.150000 2.456880 0.030000 2.687770 0.030000 5.766122 0.030000 5.705908 0.150000 2.480601 0.030000 2.685064 0.030000 8.984981 0.030000 8.898724 0.030000
7.363345 0.030000 7.447057 0.030000 2.325243 0.150000 2.557854 0.030000 5.948005 0.030000 5.705191 0.030000 2.393440 0.030000 2.597168 0.030000 9.085292 0.030000 9.028033 0.030000
7.283070 0.030000 7.309452 0.030000 2.256109 0.030000 2.486812 0.030000 5.982379 0.030000 5.834682 0.030000 2.277064 0.030000 2.493924 0.150000 9.169530 0.030000 9.066241 0.030000
7.225456 0.030000 7.361169 0.150000 2.178081 0.030000 2.343407 0.030000 6.145790 0.030000 5.960438 0.030000 2.164605 0.030000 2.375704 0.030000 9.309692 0.030000 9.559685 0.150000
7.235145 0.030000 7.840388 0.150000 2.026438 0.030000 2.258615 0.030000 6.295660 0.030000 6.098548 0.030000 2.055300 0.030000 2.235450 0.030000 9.343498 0.030000 9.205387 0.030000
7.168909 0.030000 7.199444 0.030000 1.957917 0.030000 2.171953 0.030000 6.408948 0.030000 6.203838 0.030000 1.956359 0.030000 2.130005 0.030000 9.354650 0.030000 9.310684 0.030000
7.232187 0.030000 7.238207 0.030000 1.922711 0.030000 2.091041 0.030000 6.463945 0.030000 6.290971 0.030000 1.836867 0.030000 2.061109 0.030000 9.476163 0.030000 9.619276 0.150000
7.447291 0.150000 7.189441 0.030000 1.826917 0.030000 1.950610 0.030000 6.578693 0.030000 6.328259 0.030000 1.779689 0.030000 1.987638 0.030000 10.929184 0.150000 9.385374 0.030000
7.127600 0.030000 7.172719 0.030000 1.761429 0.030000 1.917253 0.030000 6.625189 0.030000 6.435877 0.030000 1.827614 0.030000 1.911506 0.030000 9.597726 0.030000 9.411480 0.030000
7.140932 0.030000 7.171128 0.030000 1.758108 0.030000 1.861227 0.030000 6.705181 0.030000 6.513183 0.030000 1.728055 0.030000 1.850470 0.030000 9.598237 0.030000 9.480879 0.030000
7.094736 0.030000 7.146398 0.030000 1.705947 0.030000 1.807017 0.030000 6.747029 0.030000 6.516380 0.030000 1.688090 0.030000 1.806205 0.030000 9.610660 0.030000 9.562151 0.030000
7.140539 0.030000 7.124344 0.030000 1.629668 0.030000 2.488622 0.150000 7.250487 0.150000 6.579744 0.030000 1.621050 0.030000 1.933371 0.150000 9.686536 0.030000 9.573243 0.030000
