1.524248 0.030000 1.412020 0.030000 7.025258 0.030000 7.068772 0.030000 9.797198 0.030000 9.960241 0.030000 6.992474 0.030000 7.500580 0.150000
1.510589 0.030000 1.429879 0.030000 7.124913 0.030000 7.042360 0.030000 9.799554 0.030000 9.854699 0.030000 6.889158 0.030000 7.043159 0.030000
1.653445 0.030000 1.515104 0.030000 7.106491 0.030000 7.010960 0.030000 9.713388 0.150000 9.833992 0.030000 6.777790 0.030000 6.949077 0.030000
1.765081 0.030000 1.602643 0.030000 7.185297 0.030000 7.082416 0.030000 9.610665 0.030000 9.687024 0.030000 6.589021 0.030000 6.814888 0.030000
1.813683 0.030000 1.807472 0.150000 7.175332 0.030000 7.106612 0.030000 9.484791 0.030000 9.583574 0.030000 6.520710 0.030000 6.740486 0.030000
2.002432 0.030000 1.780280 0.030000 7.526027 0.150000 7.117438 0.030000 9.461761 0.030000 9.583527 0.030000 6.386674 0.030000 6.559803 0.030000
2.097294 0.030000 1.927273 0.030000 7.239402 0.030000 7.166140 0.030000 9.326532 0.030000 9.482719 0.030000 6.740482 0.150000 6.432604 0.030000
2.148240 0.030000 2.068658 0.030000 7.493094 0.150000 7.295236 0.150000 9.250790 0.030000 9.390932 0.030000 6.130340 0.030000 6.279665 0.030000
2.304173 0.030000 2.117059 0.030000 7.285406 0.030000 7.607549 0.150000 9.159305 0.030000 9.351220 0.030000 5.972378 0.030000 6.182984 0.030000
2.691298 0.150000 2.301850 0.030000 7.224305 0.030000 7.288428 0.150000 9.068849 0.030000 9.358175 0.150000 5.863493 0.030000 6.081145 0.030000
2.552917 0.030000 2.329872 0.030000 7.756405 0.150000 7.852453 0.150000 9.427601 0.150000 9.456911 0.150000 5.791405 0.030000 5.975412 0.030000
2.715857 0.030000 2.403983 0.030000 7.405912 0.030000 7.361328 0.030000 8.869618 0.030000 9.080657 0.030000 5.658495 0.030000 5.831290 0.030000
2.725016 0.030000 2.577596 0.030000 7.433309 0.030000 7.355225 0.030000 8.885405 0.030000 9.025830 0.030000 5.489793 0.030000 5.723081 0.030000
3.113884 0.150000 3.293135 0.150000 7.464974 0.030000 7.607459 0.150000 8.746411 0.030000 8.888611 0.030000 5.350694 0.030000 5.629166 0.030000
3.022487 0.030000 2.822629 0.030000 7.561742 0.030000 7.501864 0.030000 8.664667 0.030000 8.841694 0.030000 5.289688 0.030000 5.441665 0.030000
3.037563 0.030000 2.933218 0.030000 7.559367 0.030000 7.516298 0.030000 8.670384 0.030000 8.735925 0.030000 5.086869 0.030000 5.321902 0.030000
3.194884 0.030000 3.069515 0.030000 7.605914 0.030000 7.539134 0.030000 8.517737 0.030000 8.648864 0.030000 5.002477 0.150000 5.211218 0.030000
3.324760 0.030000 3.112356 0.030000 7.704329 0.030000 7.592916 0.030000 8.504658 0.030000 8.586587 0.030000 4.926335 0.030000 5.086515 0.030000
3.425201 0.030000 3.224160 0.030000 7.745930 0.030000 7.625502 0.030000 8.391896 0.030000 8.521715 0.030000 4.739995 0.030000 4.957900 0.030000
3.554431 0.030000 3.425161 0.030000 7.799803 0.030000 7.763105 0.030000 8.317565 0.030000 8.429851 0.030000 4.641621 0.030000 4.844771 0.030000
3.711292 0.030000 3.749050 0.150000 7.846339 0.030000 7.773807 0.030000 8.283499 0.030000 8.328088 0.030000 4.530242 0.030000 4.705703 0.030000
3.845965 0.030000 3.607797 0.030000 7.881816 0.030000 7.786747 0.030000 8.234380 0.030000 8.862978 0.150000 4.395084 0.030000 4.611293 0.030000
3.868178 0.150000 3.756108 0.030000 7.947649 0.030000 7.913015 0.030000 8.158782 0.030000 8.226531 0.030000 4.258629 0.030000 4.445930 0.030000
4.109597 0.030000 4.098104 0.150000 8.044717 0.030000 7.958665 0.030000 8.108822 0.030000 8.119862 0.030000 4.194595 0.030000 4.405303 0.030000
4.228283 0.030000 4.803618 0.150000 8.125354 0.030000 7.992108 0.030000 7.973385 0.030000 8.124749 0.030000 4.010944 0.030000 4.231146 0.030000
4.313588 0.030000 4.065301 0.030000 8.138588 0.030000 8.034197 0.030000 7.933290 0.030000 8.066411 0.030000 3.915155 0.030000 4.170216 0.030000
4.399433 0.030000 4.224950 0.030000 8.489790 0.150000 8.758045 0.150000 7.893425 0.030000 8.009263 0.030000 3.824497 0.030000 3.983465 0.030000
4.565792 0.030000 4.317203 0.030000 8.334458 0.030000 8.221068 0.030000 7.859706 0.030000 7.922381 0.030000 3.689803 0.030000 3.880049 0.030000
4.673868 0.030000 4.497294 0.030000 8.346539 0.150000 8.708231 0.150000 8.090561 0.150000 7.842811 0.030000 3.526629 0.030000 3.741197 0.030000
5.228074 0.150000 4.615060 0.030000 8.469579 0.030000 8.336585 0.030000 7.775421 0.030000 8.134958 0.150000 3.841041 0.150000 3.601271 0.030000
4.937379 0.030000 4.806535 0.030000 8.729159 0.150000 8.383429 0.030000 7.703180 0.150000 7.807475 0.030000 3.384925 0.150000 3.537367 0.030000
5.063479 0.030000 4.788688 0.030000 9.360772 0.150000 8.463707 0.030000 7.690922 0.030000 7.732026 0.030000 3.167864 0.030000 3.425145 0.030000
5.145913 0.030000 4.971786 0.030000 8.674842 0.030000 8.568898 0.030000 7.527522 0.030000 8.179817 0.150000 3.077883 0.030000 3.274224 0.030000
5.296805 0.030000 5.135723 0.030000 8.711109 0.030000 8.601819 0.030000 7.550560 0.030000 7.648031 0.030000 2.942496 0.030000 3.104168 0.030000
5.403934 0.030000 5.239503 0.030000 8.806626 0.030000 8.606412 0.030000 7.509339 0.030000 7.611203 0.150000 2.806163 0.030000 3.022710 0.030000
5.483574 0.030000 5.383128 0.030000 8.872979 0.030000 8.753314 0.030000 7.500699 0.030000 7.564334 0.030000 2.727220 0.030000 2.897199 0.030000
5.660401 0.030000 5.461822 0.030000 8.996731 0.030000 8.819331 0.030000 7.372153 0.030000 7.535587 0.030000 3.125972 0.150000 2.802141 0.030000
5.779407 0.030000 5.569633 0.030000 9.004905 0.030000 8.933127 0.030000 7.398152 0.030000 7.431211 0.150000 2.770656 0.150000 2.681026 0.030000
5.870418 0.030000 5.681521 0.030000 9.265115 0.150000 8.985609 0.030000 7.324145 0.030000 7.373435 0.030000 2.341211 0.030000 2.562427 0.030000
6.042257 0.030000 5.831088 0.030000 9.176492 0.030000 9.381912 0.150000 7.293463 0.030000 7.346820 0.030000 2.238666 0.030000 2.477987 0.030000
6.130211 0.030000 5.879761 0.030000 9.442585 0.150000 9.106893 0.030000 7.292784 0.030000 7.328903 0.030000 2.208549 0.030000 2.333604 0.030000
6.262381 0.030000 6.053017 0.030000 9.314092 0.030000 9.347131 0.150000 7.232242 0.030000 7.268393 0.030000 2.047215 0.030000 2.231682 0.030000
6.371334 0.030000 6.149285 0.030000 9.400767 0.030000 9.331765 0.030000 7.224963 0.030000 7.270221 0.030000 1.970481 0.030000 2.134405 0.030000
6.458377 0.030000 6.259363 0.030000 9.454471 0.030000 9.403775 0.030000 7.463005 0.150000 7.460684 0.150000 1.941054 0.030000 2.084081 0.030000
6.554171 0.030000 6.312848 0.030000 9.599668 0.030000 9.402771 0.030000 7.170609 0.030000 7.634861 0.150000 1.843076 0.030000 1.974844 0.030000
6.626045 0.030000 6.418164 0.030000 9.627991 0.030000 9.475141 0.030000 8.394152 0.150000 7.243298 0.030000 1.752210 0.030000 1.930330 0.030000
6.627979 0.030000 6.470238 0.030000 9.614950 0.030000 9.547025 0.030000 7.126685 0.030000 7.251206 0.150000 1.688202 0.030000 1.889347 0.030000
6.751524 0.030000 6.604223 0.030000 9.626750 0.030000 9.557721 0.030000 7.128254 0.030000 7.136932 0.030000 1.640717 0.030000 1.787754 0.030000
6.723806 0.030000 6.609245 0.030000 9.722521 0.030000 9.589897 0.030000 7.159333 0.150000 7.202080 0.030000 1.604583 0.030000 1.717631 0.030000
6.834750 0.030000 6.637445 0.030000 9.765805 0.030000 9.626758 0.030000 7.178473 0.030000 7.198028 0.030000 1.591002 0.030000 1.719562 0.030000
7.105551 0.150000 6.698833 0.030000 9.750123 0.030000 9.660014 0.030000 7.121264 0.030000 7.134074 0.030000 1.592972 0.030000 1.693825 0.030000
6.871814 0.030000 6.650105 0.030000 9.714275 0.030000 9.709506 0.030000 7.104096 0.030000 7.157357 0.030000 1.534181 0.030000 1.678537 0.030000
6.930744 0.030000 6.800839 0.030000 9.988612 0.150000 9.764836 0.030000 7.056872 0.030000 7.225342 0.030000 1.573493 0.030000 1.592335 0.030000
7.047276 0.030000 6.804325 0.030000 9.701410 0.030000 9.718932 0.030000 6.888515 0.030000 7.043590 0.030000 2.413897 0.150000 1.566872 0.030000
7.047149 0.030000 6.941147 0.030000 9.611561 0.030000 9.715410 0.030000 6.810519 0.030000 6.958358 0.030000 1.630667 0.030000 1.630011 0.030000
7.083747 0.030000 7.018822 0.030000 9.570952 0.030000 9.733482 0.150000 6.670248 0.030000 6.869214 0.030000 1.786318 0.030000 1.632888 0.030000
7.145753 0.030000 7.373373 0.150000 9.496418 0.030000 9.571651 0.030000 6.521848 0.030000 6.884658 0.150000 1.840228 0.030000 1.683546 0.030000
7.109295 0.030000 7.103252 0.030000 9.393119 0.030000 9.568049 0.030000 6.784358 0.150000 6.661859 0.030000 1.919858 0.030000 2.263700 0.150000
7.192421 0.030000 7.141738 0.030000 9.278765 0.030000 9.408887 0.030000 6.311749 0.030000 6.491232 0.030000 2.077697 0.030000 1.951430 0.030000
7.198338 0.030000 7.122281 0.030000 9.207011 0.030000 9.326704 0.030000 6.187374 0.030000 6.342424 0.030000 2.164501 0.030000 1.998601 0.030000
7.251009 0.030000 7.132478 0.030000 9.169828 0.030000 9.544504 0.150000 6.078117 0.030000 6.196835 0.030000 2.371744 0.030000 2.144678 0.030000
7.272296 0.030000 7.219859 0.030000 9.063314 0.030000 9.282874 0.030000 5.967638 0.030000 6.504892 0.150000 2.449374 0.030000 2.256477 0.030000
7.304473 0.030000 7.273008 0.030000 9.022522 0.030000 9.101431 0.030000 5.784565 0.030000 6.029650 0.150000 2.439694 0.030000 2.370615 0.030000
7.360584 0.030000 7.849847 0.150000 8.980168 0.030000 9.096434 0.030000 5.672360 0.030000 5.882431 0.030000 2.619613 0.030000 2.458517 0.030000
7.418989 0.030000 7.343432 0.030000 8.905092 0.030000 8.970983 0.030000 5.613925 0.030000 5.819053 0.030000 2.686346 0.030000 2.504257 0.030000
7.412417 0.030000 7.338177 0.030000 8.837412 0.030000 8.960144 0.030000 5.557868 0.030000 5.744464 0.030000 2.742438 0.030000 2.575713 0.030000
7.462842 0.030000 7.355446 0.030000 8.821073 0.030000 8.961164 0.030000 5.541625 0.030000 5.673481 0.030000 2.834988 0.030000 2.576094 0.030000
7.503918 0.030000 7.329998 0.030000 8.798883 0.030000 8.789334 0.150000 5.505647 0.030000 5.585270 0.030000 2.921388 0.030000 2.712773 0.030000
7.450782 0.030000 7.413203 0.030000 8.759914 0.030000 8.873279 0.030000 6.072596 0.150000 5.559031 0.030000 2.926918 0.030000 2.756524 0.030000
7.464372 0.030000 7.393708 0.030000 8.736084 0.030000 8.850917 0.030000 5.324076 0.030000 5.529244 0.030000 2.987818 0.030000 2.967169 0.150000
7.437123 0.030000 7.474930 0.030000 8.671369 0.030000 8.880859 0.030000 5.264886 0.030000 5.506234 0.030000 2.995953 0.030000 2.785577 0.030000
7.505930 0.030000 7.516247 0.030000 8.679043 0.030000 8.761853 0.030000 5.287452 0.030000 5.521673 0.030000 3.028848 0.030000 2.835832 0.030000
7.408473 0.030000 7.484079 0.030000 8.634234 0.030000 8.803118 0.030000 5.274043 0.030000 5.426284 0.030000 3.074344 0.030000 2.839855 0.030000
7.412578 0.030000 7.513481 0.030000 8.513982 0.030000 8.672027 0.030000 5.242518 0.030000 5.292765 0.030000 3.114556 0.150000 2.981279 0.030000
7.341031 0.030000 7.448268 0.030000 8.439010 0.030000 8.553850 0.030000 5.248140 0.030000 5.276622 0.030000 3.215409 0.030000 3.094067 0.030000
7.184459 0.030000 7.355811 0.030000 8.355443 0.030000 8.484807 0.030000 5.280139 0.030000 5.260329 0.030000 3.293113 0.030000 3.163785 0.030000
7.012179 0.150000 7.171094 0.150000 8.227115 0.030000 8.348872 0.030000 5.309330 0.030000 5.226854 0.030000 3.285525 0.030000 3.237524 0.030000
7.039853 0.030000 7.091634 0.030000 8.565985 0.150000 8.328159 0.030000 5.387682 0.030000 5.275358 0.030000 3.340414 0.030000 3.223905 0.030000
6.819913 0.030000 7.064458 0.030000 7.953715 0.030000 8.252720 0.150000 5.371364 0.030000 5.311871 0.030000 3.439381 0.030000 3.372157 0.030000
6.697082 0.030000 6.877230 0.030000 7.931591 0.030000 8.084629 0.030000 5.410735 0.030000 5.355607 0.030000 3.495953 0.030000 3.443462 0.030000
6.695782 0.030000 6.775602 0.030000 7.790913 0.030000 8.024586 0.030000 5.466728 0.030000 5.435826 0.150000 3.585183 0.030000 3.499113 0.030000
7.078053 0.150000 6.721867 0.030000 7.743049 0.030000 7.885096 0.030000 6.045872 0.150000 5.435278 0.030000 4.133615 0.150000 3.873757 0.150000
6.352675 0.030000 6.615035 0.030000 7.628255 0.030000 7.808120 0.030000 5.531043 0.030000 5.458869 0.030000 3.672813 0.030000 3.618643 0.030000
6.301865 0.030000 6.476856 0.030000 7.500656 0.030000 7.753682 0.030000 5.574675 0.030000 5.569558 0.030000 3.826290 0.030000 3.694408 0.030000
6.215100 0.030000 7.903262 0.150000 7.385558 0.030000 7.598941 0.030000 5.648800 0.030000 5.600922 0.030000 3.956615 0.030000 3.774672 0.030000
6.062403 0.030000 6.242275 0.030000 7.399446 0.030000 7.511092 0.030000 5.647597 0.030000 5.691558 0.030000 3.984002 0.030000 3.851304 0.030000
5.929281 0.030000 6.051040 0.030000 7.213329 0.030000 7.453329 0.030000 5.787819 0.030000 5.694686 0.030000 4.062043 0.030000 3.946575 0.030000
5.924003 0.030000 6.028019 0.030000 7.429920 0.150000 7.302525 0.030000 5.774462 0.030000 5.771205 0.030000 4.153757 0.030000 3.982655 0.030000
5.741246 0.030000 5.906211 0.030000 7.055909 0.030000 7.347918 0.150000 5.796607 0.030000 5.832576 0.030000 4.821163 0.150000 4.085515 0.030000
5.614337 0.030000 5.807260 0.030000 6.945906 0.030000 7.090136 0.030000 5.993798 0.030000 5.877350 0.030000 4.360492 0.030000 4.165580 0.030000
5.546542 0.030000 6.014434 0.150000 6.839546 0.030000 7.020496 0.030000 5.992854 0.030000 5.951512 0.030000 4.480470 0.030000 4.273714 0.030000
5.419922 0.030000 5.601580 0.030000 7.123877 0.150000 6.957219 0.030000 6.080314 0.030000 5.946771 0.030000 4.537274 0.030000 4.407206 0.030000
5.347934 0.030000 5.504184 0.030000 6.775644 0.030000 6.867287 0.030000 6.187738 0.150000 6.036258 0.030000 4.621962 0.030000 4.487030 0.030000
5.189506 0.030000 5.650889 0.150000 6.630200 0.030000 6.802529 0.030000 6.248085 0.030000 6.107780 0.030000 4.660618 0.030000 4.542941 0.030000
5.103345 0.030000 5.300607 0.030000 6.558620 0.030000 6.652462 0.030000 6.128677 0.150000 6.498739 0.150000 4.760446 0.030000 4.602237 0.030000
5.125666 0.150000 5.173836 0.030000 6.485290 0.030000 6.592851 0.030000 6.439167 0.030000 6.246781 0.030000 4.897760 0.030000 4.753647 0.030000
4.943867 0.030000 5.115404 0.030000 6.392162 0.030000 7.074238 0.150000 6.436131 0.030000 6.341180 0.030000 5.053264 0.030000 4.847838 0.030000
4.829148 0.030000 5.015862 0.030000 6.304201 0.030000 6.441428 0.030000 6.515531 0.030000 6.683160 0.150000 5.372489 0.150000 4.916531 0.030000
4.772426 0.030000 4.874402 0.030000 6.878660 0.150000 6.337707 0.030000 6.608380 0.030000 6.440013 0.030000 5.258199 0.030000 5.107739 0.030000
4.646338 0.030000 4.780574 0.030000 6.155303 0.030000 7.228418 0.150000 6.701304 0.150000 6.608584 0.030000 5.297177 0.030000 5.164191 0.030000
4.531320 0.030000 4.733115 0.030000 6.103876 0.030000 6.217059 0.030000 6.779773 0.030000 6.631925 0.030000 5.496514 0.030000 5.363443 0.150000
4.398465 0.150000 5.008530 0.150000 6.036313 0.030000 6.177988 0.030000 6.854452 0.030000 6.712224 0.030000 5.519044 0.030000 5.297404 0.150000
4.911404 0.150000 4.494610 0.030000 5.925207 0.030000 6.084350 0.030000 6.928410 0.030000 6.813606 0.030000 5.668900 0.030000 5.509199 0.030000
4.287896 0.030000 4.412090 0.030000 5.880040 0.030000 6.034641 0.030000 6.999903 0.030000 6.884038 0.030000 5.780408 0.030000 5.624395 0.030000
4.181951 0.030000 4.409339 0.150000 5.841822 0.030000 6.005136 0.030000 7.087403 0.030000 6.987623 0.030000 5.869115 0.030000 5.652171 0.030000
4.372817 0.150000 4.246725 0.030000 5.760298 0.030000 5.888542 0.030000 7.169876 0.030000 7.056565 0.030000 5.991560 0.030000 5.792172 0.030000
4.048031 0.030000 4.137683 0.030000 5.699329 0.030000 5.855194 0.030000 7.566482 0.150000 7.151696 0.030000 6.109968 0.030000 5.895679 0.030000
3.930163 0.030000 4.065966 0.030000 5.670004 0.030000 5.740392 0.030000 7.400841 0.030000 7.834782 0.150000 6.145238 0.030000 6.059305 0.030000
3.827672 0.030000 3.981674 0.030000 5.558822 0.030000 5.700353 0.030000 7.449975 0.030000 7.315086 0.030000 6.325698 0.030000 6.068378 0.030000
3.801259 0.030000 3.943615 0.030000 5.556763 0.030000 5.624504 0.030000 7.550972 0.030000 7.406069 0.030000 6.482209 0.030000 6.184661 0.030000
3.713042 0.030000 3.887642 0.030000 5.471815 0.030000 5.554834 0.030000 7.642084 0.030000 7.536269 0.030000 6.512874 0.030000 6.331983 0.030000
3.712871 0.030000 3.715463 0.030000 5.394305 0.030000 5.491194 0.030000 7.761974 0.030000 7.546452 0.030000 6.647467 0.030000 6.470055 0.030000
3.575580 0.030000 3.681512 0.030000 5.351220 0.030000 5.457874 0.030000 7.832708 0.030000 8.049583 0.150000 6.766894 0.030000 6.610920 0.030000
3.515360 0.030000 3.626613 0.030000 5.344179 0.030000 5.409007 0.030000 7.950056 0.030000 7.779294 0.030000 6.892763 0.030000 6.605008 0.030000
3.452258 0.030000 3.620652 0.030000 5.367549 0.030000 5.345394 0.030000 8.012685 0.030000 7.853381 0.030000 6.977030 0.030000 6.785009 0.030000
3.409406 0.030000 3.529759 0.030000 5.292001 0.030000 5.345711 0.030000 8.062059 0.030000 7.954090 0.030000 7.036987 0.030000 6.889230 0.030000
3.400745 0.030000 3.500563 0.030000 5.215422 0.030000 5.354449 0.030000 8.106106 0.030000 8.005680 0.030000 7.111180 0.030000 6.921543 0.030000
3.326829 0.030000 3.406721 0.030000 5.228349 0.030000 5.287253 0.030000 8.211007 0.030000 8.072436 0.030000 7.154490 0.030000 7.045482 0.030000
3.326602 0.030000 3.367951 0.030000 5.344990 0.150000 5.242321 0.030000 8.308752 0.030000 8.108434 0.030000 7.241414 0.030000 7.101962 0.030000
3.328879 0.030000 3.380952 0.030000 5.185192 0.030000 5.298643 0.030000 8.341735 0.030000 8.180726 0.030000 7.284448 0.030000 7.180425 0.030000
4.058393 0.150000 3.368129 0.030000 5.174011 0.030000 5.231801 0.030000 8.338394 0.030000 8.151071 0.030000 7.316674 0.030000 7.155137 0.030000
3.236792 0.030000 3.301996 0.030000 5.131457 0.030000 5.575198 0.150000 8.364373 0.030000 8.231196 0.030000 7.428598 0.030000 7.188967 0.030000
3.290516 0.030000 3.557350 0.150000 5.155319 0.030000 5.212635 0.030000 8.379719 0.030000 8.436477 0.150000 7.408777 0.030000 7.228138 0.030000
3.278287 0.030000 3.257320 0.030000 5.086638 0.030000 5.200637 0.030000 8.666131 0.150000 8.332598 0.030000 7.475113 0.030000 7.246768 0.030000
3.361601 0.030000 3.099591 0.150000 5.045352 0.030000 5.157689 0.030000 8.412815 0.030000 8.393747 0.030000 7.522947 0.030000 7.357419 0.030000
3.429610 0.030000 3.252305 0.030000 4.919837 0.030000 5.103571 0.030000 8.346339 0.030000 8.424361 0.030000 7.596203 0.030000 7.465917 0.030000
4.078535 0.150000 3.342466 0.030000 4.771676 0.030000 5.017737 0.030000 8.378635 0.030000 8.389078 0.030000 7.666629 0.030000 7.573729 0.030000
3.639775 0.030000 3.267248 0.150000 4.736450 0.150000 4.882981 0.030000 8.791190 0.150000 8.604323 0.150000 7.687709 0.030000 7.633492 0.030000
3.684660 0.030000 3.568615 0.030000 4.612738 0.030000 4.723133 0.030000 8.239374 0.030000 8.390063 0.150000 7.858529 0.030000 7.683933 0.030000
3.845663 0.030000 3.668482 0.030000 4.463842 0.030000 4.653704 0.030000 8.178337 0.030000 9.797702 0.150000 7.865289 0.030000 7.804203 0.030000
4.161815 0.150000 3.773393 0.030000 4.310747 0.030000 4.592234 0.030000 8.100342 0.030000 8.196883 0.030000 8.439937 0.150000 7.886930 0.030000
4.090543 0.030000 3.909537 0.030000 4.182470 0.030000 4.334233 0.030000 8.102760 0.030000 8.226900 0.150000 8.028269 0.030000 7.915348 0.030000
4.210684 0.030000 3.978032 0.030000 4.062525 0.030000 4.301120 0.030000 8.008875 0.030000 8.115815 0.030000 8.107731 0.030000 7.976457 0.030000
4.365108 0.030000 4.146239 0.030000 3.961675 0.030000 4.152905 0.030000 7.833290 0.150000 8.078451 0.030000 8.175302 0.030000 8.371253 0.150000
4.408689 0.030000 4.230144 0.030000 3.901458 0.030000 4.058685 0.030000 7.856049 0.030000 7.959155 0.030000 8.445739 0.150000 8.062372 0.030000
4.665850 0.150000 4.337404 0.030000 3.734841 0.030000 3.889572 0.030000 7.870456 0.030000 7.944745 0.150000 8.497934 0.150000 8.179399 0.030000
4.646288 0.030000 4.377067 0.030000 3.658866 0.030000 3.804367 0.030000 7.800071 0.030000 7.927269 0.030000 8.317551 0.030000 8.224912 0.030000
4.729276 0.030000 4.466277 0.030000 3.597136 0.030000 3.791517 0.030000 7.793790 0.030000 7.837954 0.030000 8.301835 0.030000 8.178066 0.030000
4.738634 0.030000 4.552001 0.030000 4.624740 0.150000 3.741818 0.030000 7.706722 0.030000 7.810276 0.030000 8.414573 0.030000 8.241087 0.030000
4.769478 0.030000 4.576384 0.030000 3.520476 0.030000 3.725787 0.030000 7.727401 0.030000 7.804014 0.030000 8.383522 0.030000 8.267342 0.030000
4.896727 0.030000 4.647573 0.030000 4.025370 0.150000 3.647517 0.030000 7.732651 0.030000 7.767853 0.030000 8.468990 0.030000 8.358546 0.030000
4.882556 0.030000 4.655449 0.030000 3.393671 0.030000 3.578872 0.030000 7.696577 0.030000 7.804067 0.030000 8.445049 0.030000 8.314774 0.030000
4.878921 0.030000 4.681177 0.030000 3.338638 0.030000 3.564761 0.030000 7.676750 0.030000 7.784273 0.030000 8.393719 0.030000 8.347370 0.030000
4.913120 0.150000 4.961588 0.150000 3.401756 0.030000 3.507833 0.030000 7.634586 0.030000 7.721839 0.030000 8.454479 0.030000 8.398394 0.030000
4.992133 0.030000 4.825939 0.030000 3.384931 0.030000 3.602362 0.150000 7.531382 0.030000 7.756967 0.030000 8.423615 0.030000 8.409829 0.030000
5.029221 0.030000 4.901099 0.030000 3.352365 0.030000 3.369109 0.030000 7.471794 0.030000 7.675855 0.030000 8.313457 0.030000 8.514095 0.030000
5.096508 0.030000 4.973108 0.030000 3.346530 0.030000 3.364928 0.030000 7.283097 0.030000 7.548897 0.030000 8.355533 0.030000 8.435088 0.030000
5.145813 0.030000 5.102528 0.030000 3.458584 0.030000 3.347448 0.030000 7.293675 0.150000 7.942268 0.150000 8.197808 0.030000 8.340988 0.030000
5.184859 0.030000 5.071827 0.030000 3.448076 0.030000 3.351764 0.030000 6.952316 0.150000 7.324931 0.030000 8.141551 0.030000 8.204432 0.030000
5.200426 0.030000 5.122455 0.030000 3.521734 0.030000 3.446561 0.030000 6.979919 0.030000 7.215310 0.030000 8.034544 0.030000 8.158992 0.030000
5.294870 0.030000 5.175719 0.030000 3.638015 0.030000 3.484423 0.030000 7.841021 0.150000 7.058674 0.030000 7.883732 0.030000 8.133609 0.030000
5.297971 0.030000 5.239137 0.030000 3.643105 0.030000 3.565720 0.030000 6.816895 0.030000 6.942853 0.030000 7.843525 0.030000 8.008451 0.030000
5.332728 0.030000 5.258975 0.030000 3.680000 0.030000 3.628551 0.030000 6.723726 0.030000 6.882827 0.030000 8.157757 0.150000 7.860414 0.030000
5.348951 0.030000 5.359360 0.030000 3.783580 0.030000 3.728956 0.030000 6.595041 0.030000 6.735923 0.030000 7.645715 0.030000 7.791182 0.030000
5.490503 0.030000 5.313295 0.030000 3.864793 0.030000 3.715114 0.030000 6.411441 0.030000 6.673218 0.030000 7.484481 0.030000 7.699858 0.030000
5.528432 0.030000 5.374163 0.150000 3.918737 0.030000 3.817624 0.030000 6.385140 0.030000 6.496720 0.030000 7.428903 0.030000 7.591907 0.030000
5.935367 0.150000 5.438665 0.030000 3.979496 0.030000 3.865415 0.030000 6.254474 0.030000 6.363996 0.030000 7.309931 0.030000 7.516820 0.030000
5.770629 0.150000 5.514720 0.030000 4.100892 0.030000 3.919662 0.030000 6.055960 0.030000 6.983906 0.150000 7.241916 0.030000 7.370775 0.030000
5.648607 0.030000 5.592610 0.030000 4.146050 0.030000 4.181193 0.150000 6.083667 0.030000 6.202161 0.030000 7.189363 0.030000 7.329156 0.030000
5.763333 0.030000 5.671402 0.030000 4.292856 0.030000 4.129480 0.030000 5.909150 0.030000 6.087805 0.030000 7.100449 0.030000 7.148651 0.030000
5.820706 0.030000 5.762283 0.030000 4.367629 0.030000 4.190827 0.030000 5.801326 0.030000 5.995250 0.030000 6.902615 0.030000 7.196027 0.030000
5.899183 0.030000 5.753675 0.030000 4.375770 0.030000 4.291522 0.030000 6.050702 0.150000 5.870896 0.030000 6.924271 0.030000 7.066640 0.030000
5.980714 0.030000 5.882256 0.030000 4.543526 0.030000 4.370374 0.030000 5.599418 0.030000 5.750288 0.030000 6.848737 0.030000 6.999184 0.030000
6.028948 0.030000 6.580454 0.150000 4.649393 0.030000 4.429636 0.030000 5.453199 0.030000 5.666000 0.030000 6.705326 0.030000 6.929369 0.030000
6.091654 0.030000 5.979621 0.030000 4.678404 0.030000 4.523567 0.030000 5.403302 0.030000 5.563824 0.030000 6.684162 0.030000 6.750758 0.030000
6.161391 0.030000 6.033769 0.030000 4.801724 0.030000 5.394628 0.150000 5.274535 0.030000 5.466071 0.030000 6.546651 0.030000 6.708363 0.030000
6.237007 0.030000 6.125064 0.030000 4.850078 0.030000 5.447754 0.150000 5.143921 0.030000 5.370107 0.030000 6.551029 0.030000 6.677615 0.030000
6.349196 0.030000 6.180788 0.030000 4.980876 0.030000 4.778458 0.030000 5.188826 0.150000 5.258157 0.030000 6.453730 0.030000 6.534807 0.030000
6.348771 0.030000 6.373175 0.150000 5.088486 0.030000 4.971993 0.030000 4.994675 0.030000 5.147779 0.150000 6.389753 0.030000 6.498597 0.030000
6.459033 0.030000 6.379148 0.030000 5.161733 0.030000 5.038230 0.030000 4.909876 0.030000 4.994088 0.030000 6.293379 0.030000 6.369993 0.030000
6.567135 0.030000 6.435918 0.030000 5.255719 0.030000 5.160732 0.030000 4.801048 0.030000 4.927401 0.030000 6.207098 0.030000 6.317938 0.030000
6.640742 0.030000 6.511345 0.030000 5.336480 0.030000 5.226924 0.030000 4.661366 0.030000 4.820455 0.030000 6.357918 0.150000 6.532343 0.150000
6.696868 0.030000 6.603135 0.030000 5.452943 0.030000 5.269224 0.030000 4.614971 0.030000 4.783757 0.030000 6.098748 0.150000 6.173919 0.030000
6.814724 0.030000 6.695344 0.030000 5.555511 0.030000 5.383412 0.030000 4.526940 0.030000 4.605826 0.030000 5.960391 0.030000 6.165227 0.030000
6.905996 0.030000 6.744317 0.030000 6.395664 0.150000 5.484571 0.030000 4.417598 0.030000 4.551034 0.030000 5.865849 0.030000 6.003864 0.030000
7.047273 0.030000 6.873874 0.030000 5.776101 0.030000 5.631917 0.030000 4.347089 0.030000 4.474885 0.030000 5.872492 0.030000 5.955608 0.030000
7.070491 0.030000 6.958194 0.030000 5.880079 0.030000 5.734480 0.030000 4.166513 0.030000 4.372636 0.030000 6.006387 0.150000 5.900099 0.030000
7.184164 0.030000 7.057592 0.030000 6.021707 0.030000 5.845698 0.030000 4.222474 0.030000 4.418396 0.150000 5.730901 0.030000 5.823203 0.030000
7.213632 0.030000 7.100680 0.030000 6.110712 0.030000 5.904692 0.030000 4.104952 0.030000 4.202951 0.030000 5.675702 0.030000 5.720236 0.030000
7.367636 0.030000 7.222537 0.030000 6.242930 0.030000 5.992436 0.030000 3.961734 0.030000 4.110956 0.030000 5.604174 0.030000 5.730399 0.030000
7.431599 0.030000 7.290298 0.030000 6.325300 0.030000 6.381352 0.150000 3.864591 0.030000 4.062629 0.030000 5.567483 0.030000 5.653834 0.030000
7.550577 0.030000 7.399604 0.030000 6.575847 0.150000 6.272817 0.030000 3.738774 0.030000 3.933926 0.030000 5.578167 0.030000 5.637055 0.150000
7.622876 0.030000 7.523586 0.030000 6.523989 0.030000 6.385618 0.030000 3.746752 0.030000 3.876705 0.030000 5.470789 0.030000 5.585314 0.150000
7.763920 0.030000 7.621197 0.030000 6.682759 0.030000 6.463457 0.030000 3.709407 0.030000 3.792119 0.030000 5.430640 0.030000 5.491023 0.030000
7.813504 0.030000 7.713283 0.030000 6.745237 0.030000 6.606603 0.030000 3.477731 0.030000 3.661777 0.030000 5.373065 0.030000 5.467731 0.030000
7.940857 0.030000 7.758015 0.030000 6.935525 0.030000 7.152274 0.150000 3.517966 0.030000 3.600506 0.030000 5.440883 0.150000 5.424931 0.030000
8.045580 0.030000 7.830562 0.030000 6.986383 0.030000 6.816804 0.030000 3.459726 0.030000 3.560400 0.030000 5.260409 0.030000 5.398034 0.030000
8.062682 0.030000 7.955103 0.030000 7.064619 0.030000 6.849862 0.030000 3.428163 0.030000 3.543452 0.030000 5.243148 0.030000 5.324882 0.030000
8.142710 0.030000 8.003782 0.030000 7.149780 0.030000 7.664625 0.150000 3.313595 0.030000 3.572872 0.150000 5.284134 0.030000 5.304516 0.030000
8.267127 0.030000 8.120940 0.030000 7.112047 0.030000 7.009428 0.030000 3.257490 0.030000 3.390437 0.030000 5.242264 0.030000 5.259536 0.030000
8.299411 0.030000 8.086677 0.030000 7.227821 0.030000 7.103656 0.030000 3.295754 0.030000 3.414576 0.030000 5.222463 0.030000 5.291935 0.030000
8.317606 0.030000 8.193893 0.030000 7.231986 0.030000 7.528396 0.150000 3.282667 0.030000 3.394066 0.030000 5.248760 0.030000 5.251730 0.030000
8.402875 0.030000 8.221583 0.030000 7.297257 0.030000 7.161971 0.030000 3.218788 0.030000 3.382559 0.030000 5.166218 0.030000 5.224561 0.030000
8.434172 0.030000 8.236334 0.030000 7.345979 0.030000 7.216040 0.030000 3.218252 0.030000 3.335806 0.030000 5.103242 0.030000 5.234517 0.030000
8.466922 0.030000 8.261042 0.030000 7.444347 0.030000 7.261430 0.030000 3.272881 0.030000 3.890367 0.150000 5.159153 0.030000 5.186523 0.030000
8.447783 0.030000 8.345117 0.030000 7.440093 0.030000 7.282743 0.030000 3.180489 0.030000 3.337075 0.030000 5.231291 0.030000 5.123327 0.030000
8.572515 0.030000 8.388722 0.030000 7.470211 0.030000 7.351946 0.030000 3.089909 0.030000 3.310363 0.030000 5.204799 0.030000 5.166446 0.030000
8.641051 0.030000 8.422234 0.030000 7.485849 0.030000 7.422186 0.030000 3.140588 0.150000 3.225749 0.030000 5.357142 0.030000 5.154882 0.030000
8.709895 0.030000 8.564366 0.030000 7.449090 0.030000 7.482195 0.030000 2.900589 0.030000 3.026958 0.030000 6.715452 0.150000 5.256686 0.030000
8.763856 0.030000 8.670909 0.030000 7.426411 0.030000 7.434918 0.030000 2.713214 0.030000 2.968203 0.030000 5.558976 0.030000 5.378975 0.030000
8.927293 0.030000 8.757088 0.030000 7.426167 0.030000 7.430684 0.030000 2.643629 0.150000 2.828290 0.030000 5.648269 0.030000 5.524405 0.030000
8.982883 0.030000 8.899404 0.030000 7.276685 0.030000 7.341305 0.030000 2.512389 0.030000 2.749626 0.030000 5.816625 0.030000 5.618328 0.030000
9.080533 0.030000 8.904095 0.030000 7.289690 0.030000 7.314093 0.030000 2.457898 0.030000 2.583780 0.030000 5.936668 0.030000 5.756767 0.030000
9.170374 0.030000 9.031491 0.030000 7.208954 0.030000 7.304159 0.030000 2.291395 0.030000 2.623128 0.150000 6.009959 0.030000 5.866198 0.030000
9.215950 0.030000 9.121455 0.030000 7.221295 0.030000 7.243144 0.030000 2.143902 0.030000 2.382471 0.030000 6.163194 0.030000 5.976854 0.030000
9.316411 0.030000 9.200231 0.030000 7.223145 0.030000 7.215031 0.030000 2.056712 0.030000 2.226676 0.030000 6.287514 0.030000 6.142346 0.030000
9.377726 0.030000 9.292827 0.030000 7.779263 0.150000 7.195145 0.030000 1.958811 0.030000 2.158678 0.030000 6.395052 0.030000 6.264160 0.030000
9.477202 0.030000 9.789383 0.150000 7.149671 0.030000 7.236556 0.030000 1.832745 0.030000 2.052381 0.030000 6.507104 0.030000 6.344366 0.030000
9.523665 0.030000 9.366007 0.030000 7.104747 0.030000 7.148437 0.030000 1.817081 0.030000 2.025280 0.030000 6.621866 0.030000 6.409655 0.030000
9.625834 0.030000 9.448184 0.030000 7.132243 0.030000 7.212617 0.030000 1.819068 0.030000 1.916735 0.030000 6.641081 0.030000 6.390297 0.030000
9.606786 0.030000 9.473396 0.030000 7.105872 0.030000 7.133032 0.030000 1.676031 0.030000 1.807313 0.030000 6.699695 0.030000 6.538968 0.030000
9.601335 0.030000 9.483966 0.030000 7.126666 0.030000 7.189762 0.030000 1.672748 0.030000 1.871753 0.030000 6.740371 0.030000 6.574514 0.030000
9.686366 0.030000 9.909333 0.150000 7.069550 0.030000 7.141767 0.030000 1.606955 0.030000 1.794294 0.030000 6.754450 0.030000 6.903330 0.150000
9.721721 0.030000 9.530878 0.030000 7.116462 0.030000 7.143250 0.030000 1.610252 0.030000 1.794012 0.030000 6.826141 0.030000 6.681683 0.030000
9.695393 0.030000 9.560618 0.030000 7.020365 0.030000 7.132013 0.030000 1.550232 0.030000 1.783193 0.030000 6.865200 0.030000 6.674080 0.030000
10.196086 0.150000 9.636429 0.030000 7.058021 0.030000 7.179333 0.030000 1.600522 0.030000 1.666851 0.030000 6.909108 0.030000 6.779737 0.030000
10.074758 0.150000 9.687774 0.030000 6.962580 0.030000 7.154792 0.030000 1.603019 0.030000 1.648214 0.030000 7.321855 0.150000 6.710162 0.030000
9.657864 0.030000 9.731414 0.030000 7.140335 0.150000 7.088837 0.030000 1.662013 0.030000 1.629222 0.030000 7.251288 0.150000 6.883445 0.030000
9.548239 0.030000 9.666436 0.030000 6.799196 0.030000 6.934216 0.030000 1.710426 0.030000 1.619444 0.030000 7.024243 0.030000 7.010920 0.030000
9.472321 0.030000 9.806043 0.150000 6.626388 0.030000 6.841773 0.030000 1.796885 0.030000 2.143076 0.150000 7.054605 0.030000 7.001038 0.030000
9.443463 0.030000 9.531009 0.030000 6.460526 0.030000 6.697217 0.030000 1.915939 0.030000 1.772686 0.030000 7.131775 0.030000 7.029002 0.030000
9.323253 0.030000 9.451795 0.030000 6.373961 0.030000 6.603993 0.030000 2.041192 0.030000 1.939073 0.150000 7.149117 0.030000 7.071218 0.030000
9.541197 0.150000 9.359002 0.030000 6.290900 0.030000 6.416146 0.030000 2.113005 0.030000 1.954561 0.030000 7.148679 0.030000 7.072697 0.030000
9.347068 0.150000 9.320909 0.030000 6.132054 0.030000 6.307370 0.030000 2.306879 0.030000 2.098057 0.030000 7.220256 0.030000 7.167644 0.030000
9.398418 0.150000 9.197088 0.030000 5.990475 0.030000 6.216271 0.030000 2.614554 0.150000 2.193756 0.030000 7.235328 0.030000 7.161410 0.030000
9.055798 0.030000 9.145015 0.030000 5.831994 0.030000 6.073542 0.030000 2.477845 0.030000 2.317811 0.030000 7.262673 0.030000 7.198677 0.030000
8.943241 0.030000 9.096309 0.030000 5.799298 0.030000 5.894372 0.030000 2.567228 0.030000 2.444020 0.030000 7.329453 0.030000 7.238586 0.030000
8.871837 0.030000 9.017612 0.030000 5.640259 0.030000 5.786235 0.030000 2.705124 0.030000 2.546260 0.030000 7.349200 0.030000 7.333810 0.030000
8.812246 0.030000 8.927148 0.030000 5.540210 0.030000 5.760403 0.030000 2.902522 0.150000 2.627592 0.030000 7.388972 0.030000 7.304284 0.030000
9.319746 0.150000 8.809678 0.030000 5.507092 0.150000 5.603772 0.030000 2.916032 0.030000 2.730342 0.030000 7.419766 0.030000 7.378466 0.030000
8.710241 0.030000 8.743731 0.030000 5.375292 0.150000 5.529192 0.030000 3.025735 0.030000 2.838662 0.030000 7.504728 0.030000 7.406645 0.030000
8.533503 0.030000 8.650499 0.030000 5.129197 0.030000 5.349428 0.030000 3.075865 0.030000 2.967005 0.030000 7.571144 0.030000 8.063111 0.150000
8.507913 0.030000 8.568474 0.030000 5.027770 0.030000 5.285240 0.030000 3.247252 0.030000 3.100141 0.030000 7.697284 0.030000 7.526215 0.030000
8.458879 0.030000 8.558220 0.030000 5.022073 0.150000 5.115336 0.030000 3.500744 0.150000 3.225150 0.030000 7.677480 0.030000 7.582174 0.030000
8.351163 0.030000 8.449265 0.030000 4.831993 0.030000 4.979049 0.030000 3.505429 0.030000 3.310832 0.030000 7.725363 0.030000 7.628994 0.030000
8.285184 0.030000 8.390747 0.030000 4.682954 0.030000 4.894829 0.030000 3.591807 0.030000 3.441844 0.030000 7.786803 0.030000 7.646968 0.030000
8.188725 0.030000 8.330954 0.030000 4.553065 0.030000 4.742411 0.030000 3.699408 0.030000 3.598053 0.150000 7.820850 0.030000 7.691905 0.030000
8.114642 0.030000 8.230212 0.030000 4.403869 0.030000 4.848354 0.150000 3.922548 0.030000 3.691846 0.030000 7.887060 0.030000 7.802215 0.030000
8.081520 0.030000 8.205186 0.030000 4.238163 0.030000 4.856528 0.150000 4.016146 0.030000 3.719432 0.030000 7.938300 0.030000 7.817667 0.030000
8.064362 0.150000 8.127722 0.030000 4.186455 0.030000 4.372957 0.030000 4.063259 0.030000 3.886107 0.030000 8.007024 0.030000 7.919746 0.030000
7.990017 0.030000 8.067952 0.030000 4.078958 0.030000 4.261898 0.030000 4.193472 0.030000 4.011141 0.030000 8.045051 0.030000 7.972628 0.030000
7.955229 0.030000 7.952652 0.030000 3.937195 0.030000 4.106090 0.030000 4.337165 0.030000 4.148864 0.030000 8.141240 0.030000 8.007815 0.030000
7.857616 0.030000 8.004391 0.030000 3.852484 0.030000 3.988042 0.030000 4.472284 0.030000 4.252431 0.030000 8.505793 0.150000 8.202080 0.150000
7.901393 0.150000 7.899763 0.030000 3.692338 0.030000 3.859705 0.030000 4.536205 0.030000 4.417543 0.030000 8.266169 0.030000 8.156124 0.030000
7.762915 0.030000 7.844485 0.030000 3.577323 0.030000 3.744768 0.030000 4.711626 0.030000 4.536458 0.030000 8.257883 0.030000 8.201771 0.030000
7.700287 0.030000 7.747533 0.030000 3.443431 0.030000 3.621104 0.030000 4.856396 0.030000 4.621531 0.030000 8.414583 0.030000 8.312252 0.030000
7.681921 0.030000 7.742322 0.030000 3.361786 0.030000 4.179815 0.150000 4.902276 0.030000 4.714027 0.030000 8.480387 0.030000 8.352276 0.030000
7.586332 0.030000 7.697147 0.030000 3.380419 0.150000 3.374833 0.030000 5.063123 0.030000 4.847663 0.030000 8.566984 0.030000 8.842862 0.150000
7.513239 0.030000 7.571379 0.030000 3.085373 0.030000 3.291454 0.030000 5.163262 0.030000 5.010623 0.030000 8.596713 0.030000 8.479607 0.030000
7.468404 0.030000 7.520006 0.030000 2.964409 0.030000 3.149872 0.030000 5.395881 0.150000 5.129500 0.030000 8.630738 0.030000 8.589999 0.030000
7.461126 0.030000 7.576451 0.030000 2.832312 0.030000 3.090998 0.030000 5.459098 0.030000 5.262482 0.030000 8.767744 0.030000 8.697769 0.030000
7.698950 0.150000 7.452424 0.030000 2.737238 0.030000 2.959447 0.030000 6.118091 0.150000 5.360020 0.030000 8.837965 0.030000 8.787565 0.030000
7.371585 0.030000 7.485149 0.030000 2.603101 0.030000 2.824723 0.030000 5.682814 0.030000 5.525544 0.030000 8.932187 0.030000 8.716716 0.030000
7.364052 0.030000 7.377303 0.030000 2.551991 0.030000 2.802612 0.150000 5.727836 0.030000 5.603351 0.030000 9.085316 0.030000 8.879854 0.030000
7.314817 0.030000 7.412345 0.030000 2.400250 0.030000 2.580925 0.030000 5.916409 0.030000 5.764836 0.030000 9.103448 0.030000 8.944667 0.030000
7.279318 0.030000 7.334630 0.030000 2.305908 0.030000 2.434661 0.030000 6.010034 0.030000 5.795541 0.030000 9.226222 0.030000 9.116449 0.030000
7.248683 0.030000 7.326663 0.030000 2.132724 0.030000 2.337621 0.030000 6.165961 0.030000 5.942528 0.030000 9.275973 0.030000 9.085434 0.030000
7.183361 0.030000 7.241277 0.030000 2.104286 0.030000 2.243719 0.030000 6.258415 0.030000 6.056797 0.030000 9.394518 0.030000 9.161553 0.030000
7.197601 0.030000 7.505201 0.150000 1.939157 0.030000 2.142604 0.030000 6.363013 0.030000 6.707728 0.150000 9.413191 0.030000 9.250680 0.030000
7.203691 0.030000 7.220121 0.030000 1.920704 0.030000 2.088857 0.030000 6.466917 0.030000 6.286775 0.030000 9.485297 0.030000 9.315757 0.030000
7.142695 0.030000 7.153786 0.030000 1.874864 0.030000 2.028840 0.030000 6.572506 0.030000 6.340974 0.030000 9.516896 0.030000 9.367076 0.030000
7.198062 0.030000 7.216166 0.030000 1.718326 0.030000 1.945378 0.030000 6.583759 0.030000 6.457798 0.030000 9.562831 0.030000 9.457989 0.030000
7.143394 0.030000 7.125980 0.030000 1.729406 0.030000 1.933428 0.030000 6.992352 0.150000 6.440426 0.030000 9.681795 0.030000 9.498864 0.030000
7.153898 0.030000 7.159449 0.030000 1.680196 0.030000 1.805758 0.030000 6.689343 0.030000 6.588510 0.030000 9.702869 0.030000 9.580220 0.030000
7.120210 0.030000 7.143324 0.030000 1.594710 0.030000 1.790875 0.030000 6.769171 0.030000 6.592032 0.030000 9.714162 0.030000 9.572226 0.030000
