0.936461 0.030000 5.418722 0.030000 4.140058 0.150000 6.633431 0.030000 8.505474 0.030000
0.914820 0.030000 5.417024 0.030000 3.921345 0.150000 6.684056 0.030000 8.521940 0.030000
1.023134 0.030000 6.236613 0.150000 3.675846 0.030000 6.952194 0.150000 8.529976 0.030000
0.978301 0.030000 5.459680 0.030000 3.686146 0.030000 6.683472 0.030000 8.523009 0.150000
0.962304 0.030000 5.448339 0.030000 3.621738 0.030000 6.684121 0.030000 8.493553 0.030000
0.981548 0.030000 5.394184 0.030000 3.677291 0.030000 6.591505 0.030000 8.491142 0.030000
1.047608 0.150000 5.380569 0.030000 3.565390 0.030000 6.672244 0.030000 8.493814 0.030000
0.954947 0.030000 5.387794 0.030000 3.588690 0.030000 7.248801 0.150000 8.490151 0.030000
1.005753 0.030000 5.870349 0.150000 3.614089 0.030000 6.673283 0.030000 8.449183 0.030000
1.020145 0.030000 5.312106 0.030000 3.628912 0.030000 6.679839 0.030000 8.431259 0.030000
1.060549 0.030000 5.338712 0.030000 3.563544 0.030000 6.694295 0.030000 8.432439 0.030000
1.055605 0.030000 5.257737 0.030000 3.571175 0.030000 6.713207 0.030000 8.451947 0.030000
1.130215 0.030000 5.239958 0.030000 3.596993 0.030000 6.678791 0.030000 8.384295 0.030000
1.498249 0.150000 5.224717 0.030000 3.515630 0.030000 6.651680 0.030000 8.399187 0.030000
1.107114 0.030000 5.239884 0.030000 3.525587 0.030000 6.804184 0.150000 8.383901 0.030000
1.143902 0.030000 5.175736 0.030000 3.494479 0.030000 6.616443 0.030000 8.540819 0.150000
1.200457 0.030000 5.174499 0.030000 3.509351 0.030000 6.690314 0.030000 8.421210 0.030000
1.192741 0.030000 5.148069 0.030000 3.454135 0.030000 6.648679 0.030000 8.321909 0.030000
1.238313 0.030000 5.129828 0.030000 3.415599 0.030000 6.678476 0.030000 8.363782 0.030000
1.245171 0.030000 5.051177 0.030000 3.428401 0.030000 6.725610 0.030000 8.276629 0.030000
1.233562 0.030000 5.046878 0.030000 3.404733 0.030000 6.723544 0.030000 8.278354 0.030000
1.309239 0.030000 5.003144 0.030000 3.388771 0.030000 6.694248 0.030000 8.212986 0.030000
1.266012 0.030000 4.970378 0.030000 3.313540 0.030000 6.720854 0.030000 8.205197 0.030000
1.305158 0.030000 4.939658 0.030000 3.318168 0.030000 6.683154 0.030000 8.240942 0.030000
1.713321 0.150000 4.899891 0.030000 3.262514 0.030000 6.689964 0.030000 8.211412 0.030000
1.375926 0.030000 4.887582 0.030000 3.297311 0.030000 6.760624 0.030000 8.134296 0.030000
1.377737 0.150000 4.866658 0.030000 3.331950 0.030000 6.695092 0.030000 8.397320 0.150000
1.422175 0.030000 4.849953 0.030000 3.316572 0.030000 6.714225 0.030000 8.120185 0.030000
1.459568 0.030000 4.791409 0.030000 3.317095 0.030000 6.759744 0.030000 8.361165 0.150000
1.495460 0.030000 4.747799 0.030000 3.322735 0.030000 6.761425 0.030000 8.116587 0.030000
1.529350 0.030000 4.754144 0.030000 3.228277 0.030000 6.772398 0.030000 8.084577 0.030000
1.555941 0.030000 4.713107 0.030000 3.180877 0.030000 6.726576 0.030000 8.087407 0.030000
1.574146 0.030000 4.702111 0.030000 3.222556 0.030000 6.754732 0.030000 8.013808 0.030000
1.597957 0.030000 4.650994 0.030000 3.153820 0.030000 7.151941 0.150000 8.050140 0.030000
1.623876 0.030000 4.636289 0.030000 3.204653 0.030000 6.747961 0.030000 8.014404 0.030000
1.632695 0.030000 4.550443 0.030000 3.161114 0.030000 6.745890 0.030000 7.970001 0.030000
1.613337 0.030000 4.521866 0.030000 3.114456 0.030000 6.778850 0.030000 7.978158 0.030000
1.652915 0.030000 4.519975 0.030000 3.128966 0.030000 6.780839 0.030000 7.987299 0.030000
1.885260 0.150000 4.521224 0.030000 3.111305 0.030000 6.787015 0.030000 7.956567 0.030000
1.711789 0.030000 4.510164 0.030000 3.073937 0.030000 6.824701 0.030000 7.956393 0.030000
1.745818 0.030000 4.429337 0.030000 3.087327 0.030000 6.783006 0.030000 7.902462 0.030000
1.809660 0.030000 4.428434 0.030000 3.031796 0.030000 6.778868 0.030000 7.820934 0.030000
1.851122 0.030000 4.645804 0.150000 3.068539 0.030000 7.306131 0.150000 7.894789 0.030000
1.901573 0.030000 4.355682 0.030000 3.031239 0.030000 6.848661 0.030000 7.909506 0.030000
2.391254 0.150000 4.362099 0.030000 3.002445 0.030000 6.939110 0.030000 7.861041 0.030000
2.159818 0.150000 4.315976 0.030000 3.010795 0.030000 6.909485 0.030000 7.859397 0.030000
1.912413 0.030000 4.296529 0.030000 3.025661 0.030000 6.887803 0.030000 7.802144 0.030000
1.925808 0.030000 4.212066 0.030000 2.978210 0.030000 6.903589 0.030000 7.775692 0.030000
2.074438 0.150000 4.598293 0.150000 2.946079 0.030000 6.806554 0.030000 7.789601 0.030000
2.058361 0.030000 4.144696 0.030000 2.935352 0.030000 6.942362 0.030000 7.761428 0.030000
2.081128 0.030000 4.168186 0.030000 2.967581 0.030000 6.904442 0.030000 7.671917 0.030000
2.131737 0.030000 4.105562 0.030000 2.961083 0.030000 6.875565 0.030000 7.699514 0.030000
2.124065 0.030000 4.073298 0.030000 2.949832 0.030000 6.907484 0.030000 7.752827 0.030000
2.146283 0.030000 4.047353 0.030000 2.933010 0.030000 6.913957 0.030000 7.685230 0.030000
2.164834 0.030000 4.051906 0.030000 2.879709 0.030000 6.906751 0.030000 8.090798 0.150000
2.131466 0.030000 4.048496 0.030000 2.872176 0.030000 6.915899 0.030000 7.723251 0.030000
2.719198 0.150000 3.974617 0.030000 2.893421 0.030000 6.953856 0.030000 7.661130 0.030000
2.233363 0.150000 4.170287 0.150000 2.901017 0.030000 6.956094 0.030000 7.620427 0.030000
2.291369 0.030000 3.951720 0.150000 2.889333 0.030000 6.987266 0.030000 7.655425 0.030000
2.324672 0.030000 4.866382 0.150000 2.902548 0.030000 6.987592 0.030000 7.577604 0.030000
2.280117 0.030000 3.908773 0.030000 2.889315 0.030000 7.027037 0.150000 7.599669 0.030000
2.337862 0.030000 3.848711 0.030000 2.884630 0.030000 7.010629 0.030000 8.082891 0.150000
2.441129 0.030000 3.829887 0.030000 2.829710 0.030000 6.961253 0.030000 7.578713 0.030000
2.410168 0.030000 3.748723 0.150000 2.821718 0.030000 6.979156 0.030000 7.589050 0.030000
2.444435 0.030000 3.755333 0.030000 2.794820 0.030000 7.005318 0.030000 7.570573 0.030000
2.487586 0.030000 3.719379 0.030000 2.807146 0.030000 7.003920 0.030000 7.504914 0.030000
2.512509 0.030000 4.429283 0.150000 2.841281 0.030000 7.097218 0.030000 7.522926 0.030000
2.510975 0.030000 3.656839 0.030000 2.799977 0.030000 7.062506 0.030000 7.521832 0.030000
2.562424 0.030000 3.597494 0.030000 2.796761 0.030000 7.112746 0.030000 7.514948 0.030000
2.519766 0.030000 3.583288 0.030000 2.791151 0.030000 7.115979 0.150000 7.466441 0.030000
2.642147 0.030000 3.548183 0.030000 2.800775 0.030000 7.151645 0.150000 7.611574 0.150000
2.642706 0.030000 3.534765 0.030000 2.729656 0.030000 7.165739 0.030000 7.409635 0.030000
2.692657 0.030000 3.495309 0.030000 2.743383 0.030000 7.119846 0.030000 7.409171 0.030000
2.699502 0.030000 3.488616 0.030000 2.762407 0.030000 7.069170 0.030000 7.371340 0.030000
2.736710 0.030000 3.373051 0.030000 2.769325 0.030000 7.134052 0.030000 7.389413 0.030000
2.791440 0.030000 3.410959 0.030000 2.705093 0.030000 7.121762 0.030000 7.427946 0.030000
2.781630 0.030000 3.163009 0.150000 2.745456 0.030000 7.183868 0.030000 7.319140 0.030000
2.845140 0.030000 3.363082 0.030000 2.757650 0.030000 7.130845 0.030000 7.275098 0.030000
2.899213 0.030000 3.343286 0.030000 2.779151 0.030000 7.132938 0.030000 7.392327 0.030000
2.879444 0.030000 3.294667 0.030000 2.761937 0.030000 7.190184 0.030000 7.304458 0.030000
2.927776 0.030000 3.265893 0.030000 2.780358 0.030000 7.204606 0.030000 7.382582 0.030000
2.935007 0.030000 3.313157 0.030000 2.772573 0.030000 7.242290 0.030000 7.282169 0.030000
2.951355 0.030000 3.203208 0.030000 2.714169 0.030000 7.238269 0.030000 7.282757 0.030000
2.976292 0.030000 3.212092 0.030000 2.786893 0.030000 7.182176 0.030000 7.281184 0.030000
3.334044 0.150000 3.214448 0.030000 2.746454 0.030000 7.227250 0.030000 7.296126 0.030000
3.051357 0.030000 3.043630 0.030000 2.699119 0.030000 7.268519 0.030000 7.255023 0.030000
3.079051 0.030000 3.116401 0.030000 2.750606 0.030000 7.240680 0.030000 7.192316 0.030000
3.150227 0.030000 3.046119 0.030000 2.722323 0.030000 7.290083 0.030000 7.211363 0.030000
3.186090 0.030000 3.007919 0.030000 2.738547 0.030000 7.282146 0.030000 7.227086 0.030000
3.284852 0.150000 2.968034 0.030000 2.762285 0.030000 7.318969 0.030000 7.170610 0.030000
3.240889 0.030000 3.019167 0.030000 2.773554 0.030000 7.269413 0.030000 7.213824 0.030000
3.239308 0.030000 2.892220 0.030000 2.750255 0.030000 7.290428 0.030000 7.210120 0.030000
3.291569 0.030000 2.897604 0.030000 2.620951 0.150000 7.290064 0.030000 7.131477 0.030000
3.331890 0.030000 2.833985 0.030000 2.700095 0.030000 7.371469 0.030000 7.173094 0.030000
3.265378 0.030000 2.871422 0.030000 2.573082 0.150000 7.363639 0.030000 7.138667 0.030000
3.324559 0.030000 2.816872 0.030000 2.759604 0.030000 7.336066 0.030000 7.184943 0.030000
3.397192 0.030000 2.837595 0.030000 3.112779 0.150000 7.382583 0.030000 7.098606 0.030000
3.319625 0.030000 2.758969 0.030000 2.882147 0.150000 7.401651 0.030000 7.060669 0.030000
3.426450 0.030000 2.729750 0.030000 2.803986 0.030000 7.413268 0.030000 7.102282 0.030000
3.453125 0.030000 2.711736 0.030000 2.794555 0.030000 7.319572 0.150000 7.097184 0.030000
3.503650 0.030000 2.699992 0.030000 2.778245 0.030000 7.410963 0.030000 7.069360 0.030000
3.526841 0.030000 2.647344 0.030000 2.776272 0.030000 7.425716 0.030000 7.093985 0.030000
3.551351 0.030000 2.639282 0.030000 2.755003 0.030000 7.519546 0.030000 7.082248 0.030000
3.561127 0.030000 2.580984 0.030000 2.797046 0.030000 7.484794 0.030000 7.035182 0.030000
3.649841 0.030000 2.608888 0.030000 2.745505 0.030000 7.500514 0.030000 7.053020 0.030000
3.872818 0.150000 2.510284 0.030000 2.764440 0.030000 7.518618 0.030000 7.009670 0.030000
3.656732 0.030000 2.470662 0.030000 2.772945 0.030000 7.550068 0.030000 6.991097 0.030000
3.665740 0.030000 2.491373 0.030000 2.854908 0.030000 7.877173 0.150000 7.177525 0.150000
3.887873 0.150000 2.548952 0.150000 2.816221 0.030000 7.519955 0.030000 7.559252 0.150000
3.772433 0.030000 2.426471 0.030000 2.834439 0.030000 7.849204 0.150000 6.936909 0.030000
3.801907 0.030000 2.408983 0.030000 2.856292 0.030000 7.591779 0.030000 6.947923 0.030000
3.843954 0.030000 2.351624 0.030000 2.779742 0.150000 7.951527 0.150000 6.950423 0.030000
3.977064 0.150000 2.366726 0.030000 2.844659 0.030000 7.633765 0.030000 6.983070 0.030000
3.849468 0.030000 2.337409 0.030000 2.878430 0.030000 7.646280 0.030000 6.973839 0.030000
4.054829 0.150000 2.312280 0.030000 2.846033 0.030000 7.608190 0.030000 6.924628 0.030000
3.950889 0.030000 2.515979 0.150000 2.824375 0.030000 7.709964 0.030000 6.861310 0.030000
3.822487 0.150000 2.202388 0.150000 2.869311 0.030000 7.633767 0.030000 6.937572 0.030000
3.998371 0.030000 2.232466 0.030000 2.893775 0.030000 7.669072 0.030000 6.926077 0.030000
4.053061 0.030000 2.157112 0.030000 2.861263 0.030000 7.731716 0.030000 6.913748 0.030000
4.088443 0.030000 2.121393 0.030000 2.955494 0.030000 7.728828 0.030000 6.912915 0.030000
4.074023 0.030000 2.359116 0.150000 2.878455 0.030000 7.750285 0.030000 6.819345 0.030000
4.172552 0.150000 2.100015 0.030000 2.950353 0.030000 7.765150 0.030000 6.852791 0.030000
4.170686 0.030000 2.050058 0.030000 2.935041 0.030000 7.755970 0.030000 6.926416 0.150000
4.176083 0.030000 2.024294 0.030000 2.966041 0.030000 7.821213 0.030000 6.870684 0.030000
4.455037 0.150000 2.022608 0.030000 2.968951 0.030000 7.813933 0.030000 6.802765 0.030000
4.268726 0.030000 1.949715 0.030000 3.016336 0.030000 7.897679 0.030000 6.826069 0.030000
4.540494 0.150000 1.927054 0.030000 2.968486 0.030000 7.810623 0.030000 6.780151 0.030000
4.262381 0.030000 1.971467 0.030000 3.110911 0.150000 7.799422 0.030000 6.790416 0.030000
4.339786 0.030000 1.924110 0.030000 3.069407 0.030000 7.819669 0.030000 6.842366 0.030000
4.927271 0.150000 1.878279 0.030000 3.074376 0.030000 7.877227 0.030000 6.783108 0.030000
4.327506 0.030000 1.823279 0.030000 3.038919 0.030000 7.872970 0.030000 6.816430 0.030000
4.386282 0.030000 1.849498 0.030000 3.074964 0.030000 7.926318 0.030000 6.763585 0.030000
4.223730 0.150000 1.832563 0.030000 3.089385 0.030000 7.953415 0.030000 6.780153 0.030000
4.401365 0.030000 2.137523 0.150000 3.103272 0.030000 7.960318 0.030000 6.782293 0.030000
5.182180 0.150000 1.748886 0.030000 2.903064 0.150000 7.952418 0.030000 7.173827 0.150000
4.479133 0.030000 1.712426 0.030000 3.047780 0.030000 7.974531 0.030000 6.683393 0.030000
4.434734 0.030000 1.725559 0.030000 3.376296 0.150000 7.990202 0.030000 6.769054 0.030000
4.533208 0.030000 1.676583 0.030000 3.136149 0.150000 8.010589 0.030000 6.726924 0.030000
4.535888 0.030000 2.012056 0.150000 3.114853 0.030000 8.053859 0.150000 6.791475 0.030000
4.854628 0.150000 1.653055 0.030000 3.100589 0.030000 8.024586 0.030000 6.748604 0.030000
4.607904 0.030000 1.666486 0.030000 3.130154 0.030000 8.033676 0.030000 7.397790 0.150000
4.599373 0.030000 1.660766 0.030000 3.129997 0.030000 7.996965 0.030000 6.778180 0.030000
4.585032 0.030000 1.629262 0.030000 3.124661 0.030000 8.051178 0.030000 6.752474 0.030000
4.640065 0.030000 1.740428 0.150000 3.152561 0.030000 8.016727 0.030000 6.741692 0.030000
4.864381 0.150000 1.543958 0.030000 3.180479 0.030000 8.033701 0.030000 6.809760 0.030000
4.658997 0.030000 1.547985 0.030000 3.205912 0.030000 8.053322 0.030000 7.133775 0.150000
5.378953 0.150000 1.542144 0.030000 3.152746 0.030000 8.066382 0.030000 6.695262 0.030000
4.614864 0.150000 1.534883 0.030000 3.191359 0.030000 8.071278 0.030000 6.715922 0.030000
4.665600 0.030000 1.568917 0.030000 3.190584 0.030000 8.028771 0.030000 6.694959 0.030000
4.701040 0.030000 1.481822 0.030000 3.230647 0.030000 8.332218 0.150000 6.720796 0.030000
4.677390 0.150000 1.506364 0.030000 3.222670 0.030000 8.094494 0.030000 6.710514 0.030000
4.718292 0.030000 1.521256 0.030000 3.224468 0.030000 8.054036 0.030000 6.717319 0.030000
4.728513 0.030000 1.429801 0.030000 3.252432 0.030000 8.100631 0.030000 6.683419 0.030000
4.791772 0.030000 1.437308 0.030000 3.242003 0.030000 8.147016 0.030000 6.661730 0.030000
4.810033 0.150000 1.435222 0.030000 3.188006 0.030000 8.101853 0.030000 6.828422 0.150000
4.820190 0.030000 1.398481 0.030000 3.123095 0.150000 8.176430 0.030000 6.719595 0.030000
4.786214 0.030000 1.392874 0.030000 3.217355 0.030000 8.153641 0.030000 6.708525 0.030000
4.765546 0.030000 1.404613 0.030000 3.256703 0.030000 8.133991 0.030000 7.097180 0.150000
5.316354 0.150000 1.423001 0.030000 3.214535 0.150000 8.191119 0.030000 6.738115 0.030000
4.854422 0.030000 1.413142 0.030000 3.248653 0.030000 8.193960 0.030000 6.678740 0.030000
4.855144 0.030000 1.391993 0.030000 3.249163 0.030000 8.164913 0.030000 6.662270 0.030000
4.850451 0.030000 1.401226 0.030000 3.178328 0.150000 8.190201 0.030000 6.680104 0.030000
4.847987 0.030000 1.431849 0.030000 3.325820 0.030000 8.196983 0.030000 6.681576 0.030000
4.863600 0.030000 1.377208 0.030000 3.279134 0.030000 8.150179 0.030000 6.681020 0.030000
5.104391 0.150000 1.331879 0.030000 3.359554 0.030000 8.216094 0.030000 6.701488 0.030000
4.932579 0.030000 1.393454 0.030000 3.297403 0.030000 8.188403 0.030000 6.679861 0.030000
4.919381 0.030000 1.301117 0.030000 3.258103 0.030000 8.176607 0.030000 6.671843 0.030000
4.952461 0.030000 1.346408 0.030000 3.352255 0.030000 8.178433 0.030000 6.698457 0.030000
4.898625 0.030000 1.354822 0.030000 3.326071 0.030000 8.221249 0.030000 6.709534 0.030000
4.935654 0.030000 1.798632 0.150000 3.324427 0.030000 8.214938 0.030000 6.709490 0.030000
4.928547 0.030000 1.329337 0.030000 3.653714 0.150000 8.292649 0.030000 6.757751 0.030000
4.916849 0.030000 1.312286 0.030000 3.319235 0.030000 8.269253 0.030000 6.729454 0.030000
4.974699 0.030000 1.299471 0.150000 3.360018 0.030000 8.273003 0.030000 6.759350 0.030000
4.991247 0.030000 1.227684 0.030000 3.409091 0.030000 8.260911 0.030000 6.697864 0.030000
4.969083 0.030000 1.238803 0.030000 3.399261 0.030000 8.261965 0.030000 6.723981 0.030000
5.025311 0.030000 1.240174 0.030000 3.401912 0.030000 8.331624 0.030000 7.124050 0.150000
5.048197 0.030000 1.212311 0.030000 3.394794 0.030000 8.307324 0.030000 6.613963 0.030000
5.070277 0.030000 1.237952 0.030000 3.379296 0.030000 8.369201 0.030000 6.675607 0.030000
5.140740 0.030000 1.155497 0.030000 3.356424 0.030000 8.296467 0.030000 6.630268 0.030000
5.132100 0.030000 1.198364 0.030000 3.434460 0.030000 8.306823 0.030000 6.608554 0.030000
5.143331 0.030000 1.186722 0.030000 3.878392 0.150000 8.365374 0.030000 6.640430 0.030000
5.221947 0.030000 1.192765 0.030000 3.351131 0.030000 8.340836 0.030000 6.555698 0.030000
5.176664 0.030000 1.179563 0.030000 3.393624 0.030000 8.289218 0.030000 6.548781 0.030000
5.164732 0.030000 1.203571 0.030000 3.448482 0.030000 8.566194 0.150000 6.521585 0.030000
5.234536 0.030000 1.516559 0.150000 3.399595 0.030000 8.320673 0.030000 6.587879 0.030000
5.253268 0.030000 1.611405 0.150000 3.397066 0.030000 8.312987 0.030000 6.511347 0.030000
5.244620 0.030000 1.191489 0.030000 4.054269 0.150000 8.245400 0.030000 6.412078 0.030000
5.288422 0.030000 1.230519 0.030000 4.150048 0.150000 8.281191 0.030000 6.729161 0.150000
5.311898 0.030000 1.222521 0.030000 3.333538 0.030000 8.221613 0.030000 6.463816 0.030000
5.425888 0.150000 1.213618 0.030000 3.300050 0.030000 8.214873 0.030000 6.371175 0.030000
5.290867 0.030000 1.192992 0.030000 3.299784 0.030000 8.231272 0.030000 6.324806 0.030000
5.300618 0.030000 1.267763 0.030000 3.227945 0.030000 8.194157 0.030000 6.324723 0.030000
5.312009 0.030000 1.357174 0.030000 3.277056 0.030000 8.170304 0.030000 6.262016 0.030000
5.327219 0.030000 1.375039 0.030000 3.180633 0.030000 8.083345 0.030000 6.232156 0.030000
5.318685 0.030000 1.594554 0.150000 3.371271 0.150000 8.131386 0.030000 6.212864 0.030000
5.344276 0.030000 1.787430 0.150000 3.202641 0.030000 8.047144 0.030000 6.168629 0.030000
5.311908 0.030000 1.458997 0.030000 3.198712 0.030000 8.094303 0.030000 6.147476 0.030000
5.397740 0.150000 1.409804 0.030000 3.131590 0.030000 8.026897 0.030000 6.134933 0.030000
5.358634 0.030000 2.212190 0.150000 3.093882 0.030000 8.045202 0.030000 6.115324 0.030000
5.320323 0.030000 1.509762 0.030000 3.056987 0.030000 8.022888 0.030000 6.076744 0.030000
5.704177 0.150000 1.518055 0.030000 3.410880 0.150000 8.008060 0.030000 6.119058 0.030000
5.360101 0.030000 1.485972 0.030000 3.095630 0.030000 7.901213 0.030000 6.000987 0.030000
5.407736 0.030000 1.568605 0.030000 3.023078 0.030000 8.027133 0.150000 5.970142 0.030000
5.383518 0.030000 1.684720 0.030000 3.005014 0.030000 7.906964 0.030000 5.928538 0.030000
5.619043 0.150000 1.583301 0.030000 2.992296 0.030000 7.875324 0.030000 5.924537 0.030000
5.415439 0.030000 1.662650 0.030000 2.951802 0.030000 7.887285 0.030000 5.978424 0.150000
5.376386 0.030000 1.678436 0.030000 2.933071 0.030000 7.876838 0.030000 5.892043 0.030000
5.393109 0.030000 1.726260 0.030000 2.979551 0.030000 7.837567 0.030000 5.862145 0.030000
5.433971 0.030000 1.758623 0.030000 2.875889 0.030000 7.761545 0.030000 5.801685 0.030000
5.505816 0.030000 1.771582 0.030000 2.882859 0.030000 7.795783 0.030000 5.802880 0.030000
5.467975 0.030000 1.841838 0.030000 2.815791 0.030000 7.839571 0.030000 5.774174 0.030000
5.438458 0.030000 1.778611 0.030000 2.873133 0.030000 7.758173 0.030000 5.747043 0.030000
5.468152 0.030000 2.084267 0.150000 2.880594 0.030000 7.663117 0.030000 5.731174 0.030000
5.428360 0.030000 1.843500 0.030000 2.819543 0.030000 7.675099 0.030000 5.732127 0.030000
5.437072 0.030000 1.901089 0.030000 3.156480 0.150000 7.652135 0.030000 5.629626 0.030000
5.491813 0.030000 1.900818 0.030000 2.821293 0.030000 7.667896 0.030000 5.628597 0.030000
5.465443 0.030000 1.886509 0.030000 2.742598 0.030000 7.661207 0.030000 5.650040 0.030000
5.463742 0.030000 1.947717 0.030000 2.770247 0.150000 7.612773 0.030000 5.583658 0.030000
5.619460 0.150000 1.965077 0.030000 2.745157 0.030000 7.593155 0.030000 5.566036 0.030000
5.494254 0.030000 1.966692 0.030000 2.734235 0.030000 7.532361 0.030000 5.586721 0.030000
5.495264 0.030000 2.019150 0.030000 2.771743 0.030000 7.581527 0.030000 6.727873 0.150000
5.472660 0.030000 2.022767 0.030000 2.707569 0.030000 7.555466 0.030000 5.524406 0.030000
5.515985 0.030000 2.034595 0.030000 2.713571 0.030000 7.562380 0.030000 5.506515 0.030000
5.472089 0.030000 2.040462 0.030000 2.725894 0.030000 7.465508 0.030000 5.480983 0.030000
5.845830 0.150000 2.126924 0.030000 2.660382 0.030000 7.522680 0.030000 5.506824 0.030000
5.550536 0.030000 2.045598 0.030000 2.642720 0.030000 7.537048 0.030000 5.489323 0.030000
5.563105 0.030000 2.106995 0.030000 2.692662 0.030000 7.548568 0.030000 5.416400 0.030000
5.490966 0.030000 2.071488 0.030000 2.803968 0.150000 7.533932 0.030000 5.450998 0.030000
5.500978 0.030000 2.113641 0.030000 2.642657 0.030000 7.495593 0.030000 5.410506 0.030000
5.594641 0.030000 2.075770 0.030000 2.632548 0.030000 7.481726 0.030000 6.001609 0.150000
5.561699 0.030000 2.120138 0.030000 2.630360 0.030000 7.780084 0.150000 5.376178 0.030000
5.576544 0.030000 2.163593 0.030000 2.621976 0.030000 7.472937 0.030000 5.437611 0.030000
5.563859 0.030000 2.153989 0.030000 2.606323 0.030000 7.454235 0.030000 5.319244 0.030000
5.525510 0.030000 2.152497 0.030000 2.989349 0.150000 7.411917 0.030000 5.386857 0.030000
5.577731 0.030000 2.188215 0.030000 2.585293 0.030000 7.416554 0.030000 5.335323 0.030000
5.571624 0.030000 2.218917 0.030000 2.634972 0.030000 7.393577 0.030000 5.273566 0.030000
5.589622 0.030000 2.203350 0.030000 2.584461 0.030000 7.408801 0.030000 5.313983 0.030000
5.587606 0.030000 2.261681 0.150000 2.605154 0.030000 7.423775 0.030000 5.349671 0.030000
5.603329 0.030000 2.196883 0.030000 2.571020 0.030000 7.431108 0.030000 5.267898 0.030000
5.596446 0.030000 2.169290 0.030000 2.552695 0.030000 7.387945 0.030000 5.269423 0.030000
5.592338 0.030000 2.246979 0.030000 2.586340 0.030000 7.349769 0.030000 5.210659 0.030000
5.621175 0.030000 2.245661 0.030000 2.511384 0.030000 7.396284 0.030000 5.365426 0.150000
5.589368 0.030000 2.233939 0.030000 2.560534 0.030000 7.344218 0.030000 5.232681 0.030000
5.630131 0.030000 2.257887 0.030000 2.533689 0.030000 7.305310 0.030000 5.285528 0.030000
5.664223 0.030000 2.294091 0.030000 2.755144 0.150000 7.331244 0.030000 5.014992 0.150000
5.597809 0.030000 2.263008 0.030000 2.562317 0.030000 7.393027 0.030000 5.230851 0.030000
5.603983 0.030000 2.271384 0.030000 2.544587 0.030000 7.359097 0.030000 5.233506 0.030000
5.660215 0.150000 2.281822 0.030000 2.580594 0.030000 7.356760 0.030000 5.291033 0.030000
5.642548 0.030000 2.302500 0.030000 2.420079 0.150000 7.358591 0.030000 5.220921 0.030000
5.571677 0.150000 2.323043 0.030000 2.574335 0.030000 7.328486 0.030000 5.173742 0.030000
5.652687 0.030000 3.237935 0.150000 2.591855 0.150000 7.373477 0.030000 5.222825 0.030000
5.674320 0.030000 2.380344 0.030000 2.560411 0.030000 7.342678 0.030000 5.222179 0.030000
5.647489 0.030000 2.298475 0.030000 2.501029 0.030000 7.307805 0.030000 5.182755 0.030000
5.662431 0.030000 2.343543 0.030000 2.480842 0.030000 7.554550 0.150000 5.135614 0.030000
5.667371 0.030000 2.594609 0.150000 2.472383 0.030000 7.309721 0.030000 5.102729 0.030000
5.643772 0.030000 2.385787 0.030000 2.504444 0.030000 7.232129 0.030000 5.087170 0.030000
5.686277 0.030000 2.378628 0.030000 2.483006 0.030000 7.193128 0.030000 5.111854 0.030000
5.681939 0.030000 2.788808 0.150000 2.505381 0.030000 7.294714 0.030000 5.052638 0.030000
5.649142 0.030000 2.917276 0.150000 2.464857 0.030000 7.188025 0.030000 5.052042 0.030000
5.704824 0.030000 2.470473 0.030000 2.418245 0.030000 7.183848 0.030000 5.043322 0.030000
5.631858 0.030000 2.522009 0.030000 2.420101 0.030000 7.591018 0.150000 4.968319 0.030000
5.686530 0.030000 2.499428 0.030000 2.365865 0.030000 7.133201 0.030000 4.989680 0.030000
5.641302 0.030000 2.510233 0.150000 2.379982 0.030000 7.084320 0.030000 4.988476 0.030000
5.615302 0.030000 2.579049 0.030000 2.288432 0.030000 7.074097 0.030000 4.911839 0.030000
5.609567 0.030000 2.631174 0.030000 2.218864 0.030000 7.057628 0.030000 4.937758 0.030000
5.621412 0.030000 2.606198 0.030000 2.439021 0.150000 7.020499 0.030000 5.074787 0.150000
5.616086 0.030000 2.675335 0.030000 2.237149 0.030000 7.035798 0.030000 4.909826 0.030000
5.542577 0.030000 2.668297 0.030000 2.401281 0.150000 6.926242 0.030000 4.917620 0.030000
5.563513 0.030000 2.666407 0.030000 2.163272 0.030000 6.958301 0.030000 4.948095 0.030000
5.511055 0.030000 2.701853 0.150000 2.195926 0.030000 6.908956 0.030000 4.921019 0.030000
5.470262 0.030000 2.737033 0.030000 2.081834 0.030000 6.913584 0.150000 4.947961 0.030000
5.464416 0.030000 2.730238 0.030000 2.077617 0.030000 6.883962 0.030000 4.931409 0.150000
5.872857 0.150000 2.763980 0.030000 2.039250 0.030000 6.872692 0.030000 4.972507 0.030000
5.411906 0.030000 2.758811 0.030000 2.034348 0.030000 6.828307 0.030000 4.947530 0.030000
5.340767 0.030000 2.722762 0.030000 2.175872 0.150000 7.068987 0.150000 4.949725 0.030000
5.413713 0.150000 2.818207 0.030000 1.954331 0.030000 6.813353 0.030000 4.998302 0.030000
5.392873 0.030000 2.811921 0.030000 1.962817 0.030000 6.693800 0.030000 6.140354 0.150000
5.333863 0.030000 3.587086 0.150000 1.879549 0.030000 6.685470 0.030000 4.965431 0.030000
5.803878 0.150000 2.820458 0.030000 1.857545 0.030000 6.726351 0.030000 4.998621 0.030000
5.267489 0.030000 2.882919 0.030000 1.850004 0.030000 6.663568 0.030000 5.007788 0.030000
5.202678 0.030000 2.819766 0.030000 2.540681 0.150000 6.669583 0.030000 5.015862 0.030000
5.264257 0.030000 2.875749 0.030000 1.808237 0.030000 6.657864 0.030000 5.018611 0.030000
5.214249 0.030000 2.968968 0.030000 1.729281 0.030000 6.599243 0.030000 5.041399 0.030000
5.128071 0.030000 2.961460 0.030000 1.765137 0.030000 6.665099 0.030000 5.012375 0.030000
5.128531 0.030000 2.865098 0.030000 1.720117 0.030000 6.574123 0.030000 5.041394 0.030000
5.163108 0.030000 2.937436 0.030000 1.661169 0.030000 6.579595 0.030000 5.051681 0.030000
5.489361 0.150000 2.977941 0.030000 1.674408 0.030000 6.549817 0.030000 5.086749 0.030000
5.106543 0.030000 2.966403 0.030000 1.650837 0.030000 6.516930 0.030000 5.075817 0.030000
5.064268 0.030000 3.040100 0.030000 1.611756 0.030000 6.466508 0.030000 5.071041 0.030000
5.044663 0.030000 2.980307 0.030000 2.240859 0.150000 6.506211 0.030000 5.091172 0.030000
4.969987 0.030000 3.032406 0.030000 1.596760 0.030000 6.837605 0.150000 5.092722 0.030000
4.951666 0.030000 3.060900 0.030000 1.560987 0.030000 6.456171 0.030000 5.118116 0.030000
4.943298 0.030000 3.081428 0.030000 1.564827 0.030000 6.398350 0.030000 5.167624 0.030000
4.904261 0.030000 3.055782 0.030000 1.546015 0.030000 6.352432 0.030000 4.697630 0.150000
4.902719 0.030000 3.047445 0.030000 1.498408 0.030000 6.359153 0.030000 5.203182 0.030000
4.819538 0.030000 3.089647 0.030000 1.445218 0.030000 6.403967 0.030000 5.162194 0.030000
4.791792 0.030000 3.063242 0.030000 1.413227 0.030000 6.330833 0.030000 5.119720 0.030000
4.847857 0.030000 3.163017 0.030000 1.931072 0.150000 6.358014 0.030000 5.230154 0.030000
4.782009 0.030000 3.196355 0.030000 1.383226 0.030000 6.294811 0.030000 5.639342 0.150000
4.795253 0.030000 3.148970 0.030000 1.353854 0.030000 6.246560 0.030000 5.138726 0.030000
4.844957 0.150000 3.226429 0.030000 1.346632 0.030000 6.235129 0.030000 5.201328 0.030000
4.684237 0.030000 3.212952 0.030000 1.349668 0.030000 6.216844 0.030000 5.212742 0.030000
4.539058 0.150000 3.507109 0.150000 1.254068 0.030000 6.254458 0.030000 5.186479 0.030000
4.652575 0.030000 3.285032 0.030000 1.269742 0.030000 6.743745 0.150000 5.279886 0.030000
4.624714 0.030000 3.339688 0.030000 1.325312 0.030000 6.222664 0.030000 5.226243 0.030000
4.565353 0.030000 3.336264 0.030000 1.239420 0.030000 6.135745 0.030000 5.234602 0.030000
4.602616 0.030000 3.308030 0.030000 1.277098 0.030000 6.147540 0.030000 5.289757 0.030000
4.593858 0.030000 3.327690 0.030000 1.203678 0.030000 6.147901 0.030000 5.303287 0.030000
4.570482 0.030000 3.398842 0.030000 1.173300 0.030000 6.040795 0.030000 5.274449 0.030000
4.476199 0.030000 3.740572 0.150000 1.161250 0.030000 6.116865 0.030000 5.310758 0.030000
4.484138 0.030000 3.466125 0.030000 1.116960 0.030000 6.080371 0.030000 5.359955 0.030000
4.429873 0.030000 3.444435 0.030000 1.133136 0.030000 6.263929 0.150000 5.353611 0.030000
4.435241 0.030000 3.439067 0.030000 1.109900 0.030000 6.033579 0.030000 5.364294 0.030000
4.395682 0.030000 3.475444 0.030000 1.112868 0.030000 6.013599 0.030000 5.368024 0.030000
4.429794 0.030000 3.518337 0.030000 1.102385 0.030000 6.541904 0.150000 5.362060 0.030000
4.336894 0.030000 3.512151 0.030000 1.054056 0.030000 6.027274 0.030000 5.396871 0.030000
4.366964 0.030000 3.542838 0.030000 1.494441 0.150000 5.935910 0.030000 5.449789 0.030000
4.297439 0.030000 3.567835 0.030000 1.092777 0.030000 5.943858 0.030000 5.434483 0.030000
4.283718 0.030000 3.567214 0.030000 1.081222 0.030000 5.921948 0.030000 5.426898 0.030000
4.286910 0.030000 3.578522 0.030000 1.580119 0.150000 5.928797 0.030000 5.423904 0.030000
4.245695 0.030000 3.606468 0.030000 0.969770 0.030000 5.867666 0.030000 5.429660 0.030000
4.211477 0.030000 3.646475 0.030000 0.997209 0.030000 5.841453 0.030000 5.828308 0.150000
4.193805 0.030000 3.689636 0.150000 1.007166 0.030000 5.896135 0.030000 5.461931 0.030000
4.423827 0.150000 3.746257 0.030000 0.928132 0.030000 6.160460 0.150000 5.471581 0.030000
4.143269 0.030000 3.677705 0.030000 0.946999 0.030000 5.750033 0.030000 5.524827 0.030000
4.061422 0.030000 3.757743 0.030000 0.921448 0.030000 5.810956 0.030000 5.501805 0.030000
4.096896 0.030000 3.742979 0.030000 0.937457 0.030000 5.738750 0.030000 5.527398 0.030000
4.062826 0.030000 3.780939 0.030000 0.943197 0.030000 5.772068 0.030000 5.525120 0.030000
3.957032 0.030000 3.757587 0.030000 0.982153 0.030000 5.805729 0.030000 5.547380 0.030000
4.092187 0.030000 3.788051 0.030000 0.908891 0.030000 5.744479 0.030000 5.566155 0.030000
3.973289 0.030000 3.824732 0.030000 0.961542 0.030000 5.724873 0.030000 5.617036 0.030000
3.968319 0.030000 3.822780 0.030000 0.914324 0.030000 5.711204 0.030000 5.660362 0.030000
3.994753 0.030000 3.942414 0.030000 0.961461 0.030000 5.710841 0.030000 5.612617 0.030000
3.954357 0.150000 3.928196 0.030000 0.927277 0.030000 5.670762 0.030000 5.545331 0.150000
3.899752 0.030000 3.941615 0.030000 0.930888 0.030000 5.658553 0.030000 5.684553 0.030000
3.905878 0.030000 3.942804 0.030000 0.923020 0.030000 5.620557 0.030000 5.673422 0.030000
3.881746 0.030000 4.003319 0.030000 1.753935 0.150000 5.642528 0.030000 5.712235 0.030000
3.886081 0.030000 3.977446 0.030000 0.902493 0.030000 5.557151 0.030000 5.707124 0.030000
3.855437 0.030000 3.981504 0.030000 0.929608 0.030000 5.625834 0.030000 5.940531 0.150000
3.788730 0.030000 4.090820 0.030000 0.908183 0.030000 5.656337 0.150000 5.747659 0.030000
3.817940 0.030000 4.055320 0.030000 0.910270 0.030000 5.519519 0.030000 5.754267 0.030000
4.012717 0.150000 4.094325 0.030000 0.955074 0.030000 5.529449 0.030000 5.761474 0.030000
4.454902 0.150000 4.110811 0.030000 0.965706 0.030000 5.499987 0.030000 5.833545 0.030000
3.730100 0.030000 4.162708 0.030000 0.912374 0.030000 5.533583 0.030000 5.785153 0.030000
3.650291 0.030000 4.168829 0.030000 0.925703 0.030000 5.526320 0.030000 5.845333 0.030000
3.706131 0.030000 4.200693 0.030000 0.984298 0.030000 5.477970 0.030000 6.194067 0.150000
3.642671 0.030000 4.230033 0.030000 0.991244 0.030000 5.497261 0.030000 5.865259 0.030000
3.646199 0.030000 4.272657 0.030000 1.226835 0.150000 5.727779 0.150000 5.827048 0.030000
3.609525 0.150000 4.102384 0.150000 0.960298 0.030000 5.391261 0.030000 6.246018 0.150000
3.550755 0.030000 4.266691 0.150000 1.003704 0.030000 5.436538 0.030000 5.948831 0.030000
3.586159 0.030000 4.355062 0.030000 1.031139 0.030000 5.418973 0.030000 5.852370 0.030000
3.576053 0.030000 4.354703 0.030000 0.761748 0.150000 5.388376 0.030000 5.933045 0.030000
3.525758 0.030000 5.223745 0.150000 1.211621 0.150000 5.315948 0.030000 5.987949 0.030000
3.431768 0.030000 4.425344 0.030000 1.016347 0.030000 6.496248 0.150000 5.960635 0.030000
3.491747 0.030000 4.423137 0.030000 1.157520 0.030000 5.274575 0.030000 5.987087 0.030000
3.454173 0.030000 4.482836 0.030000 1.151497 0.030000 5.316163 0.030000 6.813176 0.150000
3.468431 0.030000 4.434039 0.030000 1.351178 0.150000 5.318530 0.030000 6.043113 0.030000
3.409329 0.030000 4.481659 0.030000 1.176176 0.030000 5.316989 0.030000 6.070688 0.030000
3.357726 0.030000 4.479068 0.030000 1.195572 0.030000 5.299329 0.030000 6.086355 0.030000
3.359240 0.030000 4.588858 0.030000 1.228015 0.030000 5.252924 0.030000 6.084374 0.030000
3.384010 0.030000 4.542748 0.030000 1.266090 0.030000 5.263442 0.030000 6.133271 0.030000
3.363687 0.030000 4.605094 0.030000 2.016723 0.150000 5.322589 0.150000 6.085408 0.030000
3.351824 0.030000 4.653589 0.030000 1.298987 0.030000 5.244311 0.030000 6.131123 0.030000
3.296468 0.030000 4.617078 0.030000 1.316290 0.030000 5.214785 0.030000 6.200132 0.030000
3.312618 0.030000 4.656122 0.030000 1.331305 0.030000 5.183993 0.030000 6.172650 0.030000
3.319085 0.030000 4.731442 0.030000 1.304991 0.030000 5.165256 0.030000 6.234755 0.030000
3.292099 0.030000 4.740442 0.030000 1.323734 0.030000 5.187414 0.030000 6.203703 0.030000
3.228377 0.030000 5.220142 0.150000 1.420427 0.030000 5.235510 0.030000 6.249969 0.030000
3.250267 0.030000 4.782450 0.030000 1.383178 0.030000 5.174822 0.030000 6.246799 0.030000
3.175907 0.030000 4.767638 0.030000 1.404071 0.030000 5.211787 0.030000 6.290756 0.030000
3.223075 0.030000 4.742981 0.030000 1.434461 0.030000 6.172569 0.150000 6.335765 0.030000
3.141644 0.030000 4.855981 0.030000 1.462602 0.030000 5.104733 0.030000 6.284667 0.030000
3.165586 0.030000 4.894476 0.030000 1.494193 0.030000 5.428818 0.150000 6.303127 0.030000
3.148366 0.030000 4.944773 0.030000 1.596558 0.030000 5.416775 0.150000 6.368188 0.030000
3.094928 0.030000 4.925860 0.030000 1.580907 0.030000 5.079145 0.030000 6.372685 0.030000
3.090936 0.030000 4.992794 0.030000 1.532604 0.030000 5.064411 0.030000 6.366535 0.030000
2.754028 0.150000 4.946297 0.030000 1.592534 0.030000 5.059287 0.030000 6.396156 0.030000
3.033607 0.150000 5.219395 0.150000 1.607434 0.030000 5.089266 0.030000 6.460979 0.030000
3.078424 0.030000 5.013656 0.030000 1.606615 0.030000 4.935546 0.150000 6.459948 0.030000
3.878982 0.150000 5.091904 0.030000 1.624950 0.030000 5.191981 0.150000 6.458032 0.030000
3.057825 0.030000 5.082433 0.030000 1.723436 0.150000 5.031858 0.030000 6.445467 0.030000
3.041567 0.030000 5.110928 0.030000 1.682822 0.030000 5.013413 0.030000 6.426867 0.030000
3.002573 0.030000 5.166730 0.030000 1.735039 0.030000 5.010406 0.030000 6.365072 0.150000
2.977901 0.030000 5.107817 0.030000 1.689301 0.030000 5.026415 0.030000 6.498235 0.030000
3.038007 0.030000 5.159961 0.030000 1.717066 0.030000 5.257266 0.150000 6.542268 0.030000
2.946771 0.030000 5.134088 0.030000 1.731462 0.030000 5.115159 0.150000 6.553382 0.030000
2.964234 0.030000 5.565396 0.150000 1.743385 0.030000 5.300156 0.150000 6.982716 0.150000
2.994753 0.030000 5.185547 0.030000 1.785204 0.030000 4.986176 0.030000 6.553334 0.030000
2.983856 0.030000 5.205356 0.030000 1.768265 0.030000 5.206431 0.150000 6.600096 0.030000
2.959454 0.030000 5.218582 0.030000 1.855906 0.150000 4.912144 0.030000 6.620939 0.030000
2.915282 0.030000 5.193465 0.030000 1.846671 0.030000 5.059434 0.030000 6.560856 0.030000
2.893838 0.030000 5.914909 0.150000 1.828999 0.030000 5.016415 0.030000 6.595825 0.030000
2.916581 0.030000 5.332013 0.030000 1.853838 0.030000 4.995330 0.030000 7.188787 0.150000
2.890564 0.030000 5.227310 0.030000 1.671017 0.150000 5.015126 0.030000 6.645812 0.030000
2.948033 0.030000 5.289924 0.030000 1.884222 0.030000 4.946708 0.030000 6.672205 0.030000
2.964077 0.030000 5.284879 0.030000 2.294925 0.150000 5.074118 0.030000 6.691924 0.030000
3.092388 0.150000 5.340215 0.030000 1.873557 0.030000 4.918292 0.030000 6.360889 0.150000
2.843145 0.030000 5.334319 0.030000 1.913223 0.030000 4.948877 0.030000 6.712335 0.030000
2.891988 0.030000 5.374351 0.030000 1.872733 0.030000 5.387165 0.150000 6.697644 0.030000
2.897237 0.030000 5.386602 0.030000 2.530369 0.150000 4.915546 0.030000 6.719628 0.030000
2.923187 0.030000 5.358488 0.030000 2.013403 0.030000 4.954613 0.030000 6.724295 0.030000
3.104189 0.150000 5.356306 0.030000 2.426029 0.150000 4.931606 0.030000 6.700364 0.030000
2.820328 0.030000 5.404836 0.030000 1.957839 0.030000 4.959042 0.030000 6.713477 0.030000
2.842135 0.030000 5.423102 0.030000 2.045347 0.030000 4.959567 0.030000 6.742977 0.030000
2.874765 0.030000 5.396716 0.030000 1.961717 0.030000 4.922793 0.030000 6.680869 0.030000
2.800530 0.030000 5.416669 0.030000 2.040492 0.030000 4.963795 0.030000 6.810847 0.030000
2.863101 0.030000 5.469523 0.030000 2.032985 0.030000 4.912318 0.030000 6.763861 0.030000
2.863507 0.030000 5.422006 0.030000 2.008686 0.030000 4.917249 0.030000 6.754477 0.030000
2.822884 0.030000 5.448390 0.030000 1.992755 0.030000 5.330482 0.150000 6.770952 0.030000
2.817996 0.030000 5.427598 0.030000 2.036725 0.030000 4.921611 0.030000 6.755945 0.030000
2.827814 0.030000 5.570287 0.150000 1.999709 0.030000 4.921317 0.030000 6.819184 0.030000
2.791286 0.030000 5.445715 0.030000 2.082544 0.030000 4.963941 0.030000 6.802962 0.030000
2.791344 0.030000 5.427755 0.030000 2.080798 0.030000 4.940300 0.030000 6.793532 0.030000
2.698929 0.150000 6.704268 0.150000 2.091957 0.030000 5.266836 0.150000 6.761154 0.030000
2.767604 0.030000 5.483974 0.030000 2.045539 0.030000 4.910616 0.030000 6.845271 0.030000
2.788792 0.030000 5.505570 0.030000 2.084850 0.030000 4.930446 0.030000 6.799016 0.030000
2.822366 0.030000 5.482663 0.030000 2.062965 0.030000 4.921115 0.030000 6.868485 0.030000
2.855550 0.030000 5.534166 0.030000 2.142992 0.030000 4.960891 0.030000 6.795873 0.030000
2.776744 0.030000 5.452131 0.150000 2.034772 0.030000 4.852683 0.030000 6.828131 0.030000
2.764485 0.030000 5.546966 0.030000 2.123954 0.030000 4.975056 0.150000 6.870385 0.030000
2.756021 0.030000 5.516591 0.030000 2.146523 0.030000 4.919784 0.030000 6.898295 0.030000
2.706408 0.030000 5.885802 0.150000 2.182620 0.030000 4.966514 0.030000 6.921193 0.030000
2.753063 0.030000 5.618547 0.030000 2.247533 0.030000 4.870023 0.030000 6.944322 0.030000
2.721567 0.030000 5.569303 0.030000 2.253570 0.030000 5.138886 0.150000 6.940068 0.030000
2.757991 0.030000 5.737072 0.030000 2.270959 0.030000 4.818238 0.030000 6.967922 0.030000
2.742529 0.030000 5.689672 0.030000 2.239681 0.030000 4.826061 0.030000 7.340158 0.150000
3.784026 0.150000 5.693026 0.030000 2.253235 0.030000 4.899432 0.030000 6.977168 0.030000
2.794291 0.030000 6.009789 0.150000 2.313498 0.030000 4.523619 0.150000 6.942371 0.030000
2.781572 0.030000 5.748630 0.030000 2.309334 0.030000 4.813137 0.030000 6.970428 0.030000
2.825008 0.030000 5.778525 0.030000 2.320686 0.030000 4.778280 0.030000 6.961328 0.030000
2.829851 0.030000 5.866222 0.030000 2.361942 0.030000 4.764539 0.030000 6.953301 0.030000
3.182179 0.150000 5.810177 0.030000 2.324589 0.030000 4.718032 0.030000 6.956713 0.030000
2.853842 0.030000 5.803615 0.030000 2.295304 0.030000 4.632781 0.030000 6.941972 0.030000
2.936037 0.030000 5.854496 0.030000 2.275909 0.030000 4.644804 0.030000 6.956981 0.030000
2.831580 0.030000 6.079122 0.150000 2.304862 0.030000 4.655264 0.030000 6.942445 0.030000
2.917408 0.030000 5.928434 0.030000 2.311529 0.030000 5.323985 0.150000 6.928738 0.030000
2.953631 0.030000 5.958559 0.030000 2.322179 0.030000 4.572882 0.030000 7.337748 0.150000
2.963229 0.030000 5.987796 0.030000 3.264162 0.150000 4.576999 0.030000 6.924136 0.030000
3.008816 0.030000 5.962630 0.030000 2.381988 0.030000 4.503250 0.030000 6.833613 0.030000
2.996267 0.030000 5.989784 0.030000 2.324560 0.030000 4.484760 0.030000 6.838542 0.030000
3.050975 0.030000 6.005803 0.030000 2.319469 0.030000 4.446690 0.030000 6.810446 0.030000
3.095037 0.030000 5.930125 0.030000 2.239149 0.030000 4.425571 0.030000 6.871565 0.030000
3.406466 0.150000 6.065261 0.030000 2.889615 0.150000 4.402788 0.030000 6.820481 0.030000
3.161485 0.030000 6.027197 0.150000 2.264095 0.030000 4.371577 0.030000 6.773044 0.030000
3.235513 0.150000 6.051677 0.030000 2.300465 0.030000 4.311846 0.030000 6.737248 0.030000
3.158711 0.030000 6.088491 0.030000 2.329997 0.030000 4.244617 0.030000 6.676158 0.030000
3.243921 0.030000 6.127161 0.030000 2.674987 0.150000 4.300037 0.030000 6.712887 0.030000
3.259085 0.030000 6.078284 0.030000 2.202587 0.150000 4.263183 0.030000 6.719900 0.030000
3.338338 0.030000 6.133890 0.030000 2.269981 0.030000 4.198618 0.030000 6.633263 0.030000
3.298965 0.030000 6.096005 0.030000 2.286247 0.030000 4.204137 0.030000 6.654177 0.030000
4.245676 0.150000 6.148229 0.030000 2.253519 0.030000 4.167563 0.030000 6.664352 0.030000
3.411109 0.030000 6.180782 0.030000 2.260510 0.030000 4.121139 0.030000 7.194513 0.150000
3.406998 0.030000 6.205440 0.030000 2.291110 0.030000 4.139242 0.030000 6.600352 0.030000
3.413110 0.030000 6.193705 0.030000 2.266849 0.030000 4.054925 0.030000 6.564683 0.030000
3.449614 0.030000 6.212416 0.030000 2.307867 0.030000 3.988578 0.030000 6.564632 0.030000
3.523860 0.030000 6.232936 0.030000 2.267944 0.030000 3.932325 0.150000 6.563113 0.030000
3.506272 0.030000 6.341930 0.030000 2.205239 0.030000 3.976292 0.030000 6.548159 0.030000
3.512683 0.030000 6.268233 0.030000 2.247210 0.030000 3.993031 0.030000 6.469165 0.030000
3.588329 0.030000 6.335651 0.030000 2.258089 0.030000 3.879566 0.030000 6.534238 0.030000
3.583694 0.030000 6.285635 0.030000 2.234870 0.030000 3.906074 0.030000 6.489181 0.030000
3.626901 0.030000 6.352864 0.030000 2.292562 0.030000 3.878271 0.030000 6.523105 0.030000
3.660455 0.030000 6.363737 0.030000 2.292792 0.030000 3.833670 0.030000 6.817875 0.150000
3.654329 0.030000 6.394265 0.030000 2.224788 0.030000 3.788115 0.030000 6.467444 0.030000
3.697119 0.030000 6.374301 0.030000 2.296534 0.030000 3.790723 0.030000 6.463935 0.030000
3.710746 0.030000 6.384433 0.030000 2.788942 0.150000 3.760038 0.030000 6.431812 0.030000
3.686611 0.030000 6.379838 0.030000 2.255667 0.030000 3.791252 0.030000 6.416288 0.030000
3.734844 0.030000 6.605070 0.150000 2.284911 0.030000 3.759945 0.030000 6.396741 0.030000
3.781254 0.030000 6.416561 0.030000 2.264619 0.030000 3.742140 0.030000 6.925242 0.150000
3.814975 0.030000 6.450609 0.030000 2.273847 0.030000 3.676217 0.030000 6.366430 0.030000
3.857741 0.030000 6.375074 0.030000 2.291021 0.030000 3.626022 0.030000 6.366854 0.030000
3.854238 0.030000 6.461087 0.030000 2.271266 0.030000 3.667274 0.030000 6.384568 0.030000
3.821049 0.030000 6.493672 0.030000 2.247432 0.030000 3.614213 0.030000 6.359559 0.030000
3.885001 0.030000 6.452250 0.030000 2.271037 0.030000 3.809379 0.150000 6.233721 0.150000
3.894374 0.030000 6.485088 0.030000 2.328553 0.030000 3.624196 0.030000 6.901652 0.150000
3.930099 0.030000 6.538876 0.030000 2.305934 0.030000 3.600181 0.030000 6.317848 0.030000
3.876732 0.030000 6.529218 0.030000 2.314143 0.030000 3.557106 0.030000 6.324524 0.030000
3.912765 0.030000 6.520315 0.030000 2.327782 0.030000 3.496093 0.150000 6.359445 0.030000
3.921096 0.030000 6.582457 0.030000 2.214175 0.030000 3.516311 0.030000 6.327433 0.030000
3.977396 0.030000 6.481836 0.030000 2.340372 0.030000 3.542588 0.030000 6.332540 0.030000
3.979485 0.030000 6.509400 0.030000 2.348049 0.030000 3.563322 0.030000 6.271115 0.030000
3.992388 0.030000 6.573622 0.030000 2.371887 0.030000 3.515828 0.030000 6.304036 0.030000
3.984224 0.030000 6.627480 0.030000 2.349505 0.030000 3.485272 0.030000 6.315215 0.030000
4.026129 0.030000 6.565898 0.030000 2.335696 0.030000 3.481393 0.030000 6.264647 0.030000
4.038110 0.030000 6.580947 0.030000 2.286799 0.150000 3.568925 0.150000 6.239348 0.030000
4.056849 0.030000 6.525717 0.030000 2.316198 0.030000 3.458090 0.030000 6.245274 0.030000
4.023502 0.030000 6.536952 0.030000 2.331770 0.030000 3.451519 0.030000 6.282500 0.030000
4.073847 0.030000 6.619713 0.030000 2.334371 0.030000 3.410509 0.030000 6.245478 0.030000
4.043976 0.030000 6.618385 0.030000 3.004070 0.150000 3.437061 0.030000 6.469781 0.150000
4.075015 0.030000 6.585585 0.030000 2.363410 0.030000 3.410740 0.030000 6.210054 0.030000
4.088223 0.030000 6.640986 0.030000 2.371849 0.030000 3.422468 0.030000 6.197655 0.030000
4.101005 0.030000 6.629887 0.030000 2.576219 0.150000 3.424993 0.030000 6.243189 0.030000
4.089750 0.030000 6.653457 0.030000 2.382933 0.150000 3.372682 0.030000 6.245641 0.030000
4.158087 0.030000 6.655861 0.030000 2.373195 0.030000 3.404560 0.030000 6.267489 0.030000
4.149476 0.030000 6.643450 0.030000 2.436809 0.030000 3.348422 0.030000 6.211232 0.030000
4.134925 0.030000 6.630087 0.030000 2.368480 0.030000 3.347537 0.030000 6.181469 0.030000
4.120419 0.030000 6.602070 0.030000 2.374714 0.030000 3.341454 0.030000 6.232471 0.030000
4.164407 0.030000 6.620304 0.030000 2.383697 0.030000 3.410760 0.030000 6.225769 0.030000
4.100060 0.030000 6.623374 0.030000 2.372722 0.030000 3.305408 0.030000 6.212009 0.030000
3.944406 0.150000 6.644365 0.030000 2.407553 0.030000 3.331884 0.030000 6.229771 0.030000
4.047214 0.150000 6.740628 0.030000 2.462816 0.030000 3.298201 0.030000 6.860935 0.150000
4.184625 0.030000 6.665591 0.030000 2.365490 0.030000 3.345234 0.030000 6.197676 0.030000
4.151401 0.030000 6.641409 0.030000 2.375834 0.030000 3.304892 0.030000 6.229781 0.030000
4.226849 0.030000 6.739134 0.030000 2.489270 0.030000 3.335008 0.030000 6.223702 0.030000
4.211162 0.030000 7.731475 0.150000 2.430998 0.030000 3.082530 0.150000 6.137899 0.030000
4.191486 0.030000 6.755997 0.030000 2.458828 0.030000 3.279344 0.030000 6.163577 0.030000
4.237223 0.030000 6.752449 0.030000 2.390760 0.030000 3.212973 0.030000 6.182808 0.030000
4.314828 0.030000 6.802417 0.030000 2.426648 0.030000 3.167477 0.030000 6.174413 0.030000
4.303617 0.030000 6.767089 0.030000 2.402914 0.030000 3.178451 0.030000 6.107505 0.030000
4.333864 0.030000 6.775508 0.030000 2.446462 0.030000 3.174937 0.030000 6.107215 0.030000
4.377155 0.030000 6.761525 0.030000 2.630774 0.150000 3.149974 0.030000 6.082824 0.030000
4.431367 0.030000 6.818057 0.030000 2.410657 0.030000 3.149863 0.030000 6.065598 0.030000
4.517881 0.150000 6.753902 0.030000 2.396025 0.030000 3.142998 0.030000 6.069855 0.030000
4.354745 0.030000 6.719454 0.030000 2.336440 0.030000 3.141323 0.030000 6.016578 0.150000
4.567974 0.150000 6.784289 0.030000 2.395840 0.030000 3.050653 0.030000 5.940546 0.030000
4.468274 0.030000 6.856717 0.150000 2.288787 0.030000 3.084319 0.030000 5.922765 0.030000
4.477736 0.030000 6.706413 0.030000 2.381633 0.030000 3.095368 0.030000 5.917448 0.030000
4.487559 0.030000 6.678123 0.030000 2.332407 0.030000 3.120397 0.030000 5.863210 0.030000
4.498576 0.150000 6.666186 0.030000 2.293332 0.030000 3.135485 0.030000 5.893220 0.030000
4.536034 0.030000 6.659428 0.030000 2.165994 0.030000 3.099349 0.150000 5.862689 0.030000
4.531090 0.030000 6.681635 0.030000 2.165948 0.030000 3.142489 0.030000 5.825663 0.030000
4.513747 0.030000 6.595508 0.030000 2.208064 0.030000 3.087562 0.030000 6.163901 0.150000
4.619728 0.030000 6.592605 0.030000 2.660596 0.150000 3.490284 0.150000 6.594144 0.150000
4.550847 0.030000 6.719545 0.150000 2.131638 0.030000 3.147015 0.030000 5.756639 0.030000
4.605643 0.030000 6.622037 0.030000 2.740314 0.150000 3.161303 0.030000 5.717452 0.030000
4.569207 0.030000 6.496199 0.030000 2.004322 0.150000 3.117864 0.030000 5.659658 0.030000
4.575347 0.030000 6.485614 0.030000 2.050685 0.030000 3.116624 0.030000 5.670972 0.030000
4.591755 0.030000 6.561220 0.030000 2.508946 0.150000 3.148200 0.030000 5.652886 0.030000
4.590340 0.030000 6.490377 0.030000 2.032526 0.030000 3.141370 0.030000 5.590640 0.030000
4.545697 0.030000 6.638100 0.150000 1.987360 0.030000 3.193363 0.030000 5.560579 0.030000
5.068504 0.150000 6.441756 0.030000 1.926384 0.030000 3.236266 0.030000 5.580141 0.030000
4.648497 0.030000 6.447232 0.030000 1.928858 0.030000 3.571742 0.150000 5.516349 0.030000
4.617117 0.030000 6.387017 0.030000 1.911556 0.030000 3.271980 0.030000 5.449593 0.030000
4.630225 0.030000 6.405978 0.150000 1.857096 0.030000 3.292955 0.030000 5.470212 0.030000
4.639664 0.030000 6.352243 0.030000 1.865939 0.030000 3.282559 0.030000 5.437123 0.030000
4.642432 0.030000 6.326103 0.030000 1.814378 0.030000 3.279125 0.150000 5.425730 0.030000
4.672018 0.030000 6.354918 0.030000 1.810056 0.030000 3.259634 0.030000 5.412772 0.030000
4.697753 0.030000 6.229997 0.030000 1.743685 0.030000 3.085563 0.150000 5.376994 0.030000
4.647943 0.030000 6.285158 0.030000 1.750462 0.030000 3.345423 0.030000 5.351968 0.030000
4.695412 0.030000 6.230303 0.030000 1.695345 0.030000 3.296193 0.030000 5.361505 0.030000
4.709468 0.030000 6.222030 0.030000 1.738940 0.030000 3.321138 0.030000 5.353613 0.030000
4.711854 0.030000 6.234102 0.030000 1.661759 0.030000 3.356640 0.030000 5.245325 0.030000
4.680130 0.030000 6.211904 0.030000 2.134422 0.150000 3.396532 0.030000 5.244472 0.030000
4.683261 0.030000 6.643746 0.150000 1.583891 0.030000 3.412643 0.030000 5.267109 0.030000
4.703667 0.030000 6.167070 0.030000 1.570621 0.030000 3.477102 0.150000 5.201299 0.030000
4.673656 0.030000 6.110540 0.030000 1.694339 0.150000 3.416491 0.030000 5.153381 0.030000
4.747866 0.030000 6.157919 0.030000 1.523055 0.030000 3.433362 0.030000 5.253658 0.150000
4.776952 0.030000 6.051925 0.030000 1.486122 0.030000 3.429202 0.030000 5.112225 0.030000
4.777884 0.030000 6.055601 0.030000 1.553154 0.030000 3.472731 0.030000 5.107003 0.030000
4.791583 0.030000 6.033129 0.030000 1.482355 0.030000 3.399361 0.030000 5.057991 0.030000
4.784730 0.030000 6.588650 0.150000 1.469810 0.030000 3.850217 0.150000 5.043631 0.030000
4.777013 0.030000 5.921456 0.030000 1.435622 0.030000 3.489623 0.030000 5.020987 0.030000
4.847886 0.030000 6.003363 0.030000 1.445084 0.030000 3.525763 0.030000 4.994464 0.030000
4.864189 0.030000 5.966217 0.030000 1.413828 0.030000 3.559510 0.030000 4.997979 0.030000
4.846575 0.030000 5.899367 0.030000 1.348977 0.030000 3.575305 0.030000 4.995105 0.030000
4.882320 0.030000 5.934563 0.030000 1.351485 0.030000 3.594146 0.030000 4.905234 0.030000
5.295093 0.150000 5.887149 0.030000 1.309458 0.030000 3.658123 0.030000 4.903842 0.030000
4.874253 0.030000 5.914599 0.030000 1.330626 0.030000 3.621964 0.030000 4.887358 0.030000
4.880951 0.030000 5.881391 0.030000 2.056659 0.150000 3.635222 0.030000 4.861880 0.030000
4.924015 0.030000 5.754721 0.030000 1.280472 0.030000 3.701299 0.150000 4.803963 0.030000
4.904653 0.030000 6.064745 0.150000 1.223125 0.030000 3.729194 0.030000 4.778711 0.030000
4.991496 0.030000 5.735961 0.030000 1.233038 0.030000 4.563914 0.150000 4.746123 0.030000
4.950818 0.030000 5.764469 0.030000 1.183746 0.030000 3.674901 0.030000 4.764592 0.030000
4.956706 0.030000 5.740272 0.030000 1.181039 0.030000 3.709785 0.030000 4.681399 0.030000
4.984183 0.030000 5.766010 0.030000 1.204529 0.030000 3.724428 0.030000 4.710393 0.030000
4.979866 0.030000 5.713846 0.030000 1.808397 0.150000 3.744494 0.030000 4.622218 0.030000
5.005237 0.030000 5.691624 0.030000 1.155476 0.030000 3.787535 0.030000 4.683156 0.030000
5.054240 0.030000 5.683832 0.030000 1.086021 0.030000 3.858702 0.030000 4.701270 0.030000
5.065566 0.030000 5.619899 0.030000 1.109100 0.030000 3.822620 0.030000 4.592964 0.030000
5.032206 0.030000 5.635367 0.030000 1.118593 0.030000 3.801003 0.030000 4.582958 0.030000
5.118658 0.030000 5.600490 0.030000 1.041100 0.030000 3.845115 0.030000 4.545586 0.030000
5.106389 0.030000 5.634068 0.030000 1.037416 0.030000 3.922446 0.030000 5.934766 0.150000
5.129314 0.030000 5.620699 0.030000 1.031028 0.030000 3.919941 0.030000 4.526739 0.030000
5.192733 0.030000 5.628364 0.030000 1.057930 0.030000 3.962414 0.030000 4.460046 0.030000
5.139948 0.030000 5.540573 0.030000 1.018570 0.030000 3.963439 0.030000 4.461776 0.030000
5.177951 0.030000 5.520292 0.030000 0.984089 0.030000 3.945507 0.030000 4.486832 0.030000
5.127811 0.030000 5.475138 0.030000 1.047214 0.030000 3.957630 0.030000 4.422093 0.030000
5.137284 0.030000 5.461339 0.030000 1.041304 0.030000 4.045561 0.030000 4.372246 0.030000
5.236549 0.030000 5.477534 0.030000 0.953342 0.030000 3.985151 0.030000 4.379592 0.030000
5.229316 0.030000 5.423588 0.030000 0.968820 0.030000 4.000244 0.030000 4.343905 0.030000
5.250094 0.030000 5.452041 0.030000 1.235048 0.150000 4.062693 0.150000 4.282205 0.150000
5.337894 0.030000 5.449846 0.030000 0.978290 0.030000 4.071117 0.030000 4.315054 0.030000
5.257682 0.030000 5.388981 0.030000 0.920175 0.030000 4.045166 0.030000 4.285038 0.030000
5.297050 0.030000 5.398682 0.030000 2.070883 0.150000 4.204902 0.030000 4.254986 0.030000
5.285936 0.030000 5.366462 0.030000 0.962012 0.030000 4.100757 0.030000 4.222236 0.030000
5.282007 0.030000 5.377778 0.030000 0.939833 0.030000 4.289264 0.150000 4.181232 0.030000
5.332208 0.030000 5.355524 0.030000 1.453992 0.150000 4.176598 0.030000 4.186665 0.030000
5.373786 0.030000 5.286286 0.030000 0.920179 0.030000 4.192172 0.030000 4.211574 0.030000
5.408930 0.030000 5.310910 0.030000 0.922129 0.030000 4.227451 0.030000 4.241094 0.030000
5.422549 0.030000 5.310423 0.030000 0.886586 0.030000 4.209857 0.030000 4.094541 0.030000
5.406833 0.030000 5.245391 0.030000 0.966941 0.030000 4.274146 0.030000 4.161087 0.030000
6.042111 0.150000 5.274617 0.030000 0.922799 0.030000 4.852623 0.150000 4.109576 0.030000
5.442680 0.030000 5.244975 0.030000 0.923695 0.030000 4.316291 0.030000 4.114264 0.030000
5.426435 0.030000 5.251581 0.150000 0.957945 0.150000 4.357292 0.030000 4.015374 0.030000
5.463700 0.030000 5.245828 0.030000 0.911090 0.030000 4.326762 0.030000 4.187904 0.150000
5.567776 0.030000 5.195213 0.030000 0.974503 0.030000 4.390528 0.030000 3.993574 0.030000
5.437978 0.030000 5.233323 0.030000 0.993324 0.030000 4.354494 0.030000 3.990162 0.030000
5.478102 0.030000 5.162021 0.030000 1.040079 0.030000 4.424060 0.030000 4.019431 0.030000
5.566811 0.030000 5.549333 0.150000 1.001056 0.030000 4.430080 0.030000 3.908541 0.030000
5.624675 0.030000 5.122662 0.030000 1.047842 0.030000 4.490288 0.030000 3.934455 0.030000
6.233827 0.150000 5.149711 0.030000 1.054619 0.030000 4.971471 0.150000 3.905370 0.030000
5.610721 0.030000 5.407689 0.150000 1.048938 0.030000 4.505571 0.030000 3.901060 0.030000
6.188731 0.150000 5.105369 0.030000 1.045262 0.030000 4.439462 0.030000 3.904162 0.030000
5.666069 0.030000 5.029165 0.030000 1.091664 0.030000 4.512318 0.030000 3.878431 0.030000
5.637370 0.030000 5.074540 0.030000 1.039395 0.030000 4.565369 0.030000 4.216984 0.150000
5.635604 0.030000 5.685690 0.150000 1.076134 0.030000 4.879319 0.150000 3.821910 0.030000
5.752289 0.030000 5.015276 0.030000 1.131227 0.030000 4.662916 0.030000 3.764384 0.030000
5.698623 0.030000 5.004355 0.030000 1.101745 0.030000 4.660797 0.030000 3.759039 0.030000
5.698762 0.030000 5.017397 0.030000 1.176271 0.030000 4.681061 0.030000 3.761654 0.030000
5.762991 0.030000 4.951464 0.030000 1.200650 0.030000 4.672309 0.030000 3.729349 0.030000
5.812447 0.030000 4.943846 0.030000 1.188123 0.030000 4.787136 0.030000 3.730362 0.030000
5.830301 0.030000 5.024774 0.030000 1.121761 0.030000 4.742926 0.030000 3.711566 0.030000
5.799557 0.030000 4.913880 0.030000 1.286273 0.030000 4.769935 0.030000 3.632971 0.030000
5.795614 0.030000 4.884121 0.030000 1.265428 0.030000 4.768515 0.030000 3.630194 0.030000
5.826584 0.030000 4.891096 0.030000 1.263594 0.030000 4.776945 0.030000 3.650415 0.030000
5.880387 0.030000 4.926125 0.030000 1.265243 0.030000 4.851937 0.030000 3.624109 0.030000
5.837495 0.030000 4.854469 0.030000 1.277902 0.030000 4.849259 0.030000 3.613260 0.030000
5.924495 0.030000 4.834152 0.150000 1.355587 0.030000 4.779105 0.150000 3.534758 0.030000
5.935968 0.030000 4.866557 0.030000 1.355740 0.030000 4.912031 0.030000 3.472117 0.150000
5.967251 0.030000 5.085569 0.150000 1.366442 0.030000 4.967734 0.030000 3.534211 0.030000
6.428939 0.150000 4.864496 0.030000 1.349839 0.030000 4.957412 0.030000 3.570626 0.030000
5.942071 0.150000 4.833088 0.030000 1.394063 0.030000 5.022236 0.030000 3.529403 0.030000
6.019041 0.030000 4.821598 0.030000 1.447295 0.030000 4.965198 0.030000 3.458236 0.030000
6.018696 0.030000 4.804712 0.030000 1.395890 0.030000 5.080372 0.030000 3.513505 0.030000
6.071672 0.030000 4.715525 0.030000 1.512415 0.030000 5.045987 0.030000 3.469572 0.030000
6.087711 0.030000 4.820933 0.030000 1.424115 0.150000 5.622414 0.150000 3.398296 0.030000
6.077764 0.030000 4.722843 0.030000 1.473853 0.030000 5.042061 0.030000 3.424793 0.030000
6.099742 0.030000 4.746025 0.030000 1.489531 0.030000 5.103794 0.030000 3.396505 0.030000
6.141160 0.030000 4.798240 0.030000 1.568769 0.030000 5.196601 0.030000 3.393671 0.030000
6.136979 0.030000 4.704920 0.030000 1.535330 0.030000 5.157359 0.030000 3.381771 0.030000
6.225831 0.030000 4.758950 0.030000 1.615902 0.030000 5.156581 0.030000 3.406860 0.030000
6.259325 0.150000 4.730604 0.030000 1.660008 0.030000 5.229774 0.030000 3.378213 0.030000
6.153976 0.030000 4.719990 0.030000 1.606014 0.030000 5.196210 0.030000 3.420123 0.030000
6.272803 0.030000 4.699108 0.030000 1.634201 0.030000 5.244554 0.030000 3.357245 0.030000
6.223669 0.030000 4.721362 0.030000 2.764053 0.150000 5.314506 0.030000 3.324998 0.030000
6.205575 0.030000 4.726771 0.030000 1.726869 0.030000 5.310418 0.030000 3.287236 0.030000
6.252417 0.030000 4.671038 0.030000 1.734234 0.030000 5.362579 0.030000 3.395539 0.150000
6.301389 0.030000 4.796082 0.150000 1.727810 0.030000 5.321628 0.030000 3.257298 0.030000
6.317251 0.030000 4.698407 0.030000 1.719588 0.150000 5.899804 0.150000 3.251850 0.030000
6.318767 0.030000 4.697598 0.030000 1.787733 0.030000 5.373991 0.030000 3.256309 0.030000
6.354070 0.030000 4.684219 0.030000 1.813143 0.030000 5.388903 0.030000 3.250694 0.030000
6.297798 0.030000 4.660157 0.030000 1.776724 0.030000 5.397433 0.030000 3.301862 0.150000
6.350893 0.030000 4.649672 0.030000 1.813130 0.030000 5.249980 0.150000 3.228759 0.030000
6.390459 0.030000 4.648431 0.030000 1.813550 0.030000 5.396746 0.030000 3.221079 0.030000
6.353373 0.030000 4.688753 0.030000 1.854899 0.030000 5.436934 0.030000 3.193894 0.030000
6.502896 0.150000 4.646166 0.030000 1.829994 0.030000 5.577190 0.150000 3.197013 0.030000
6.417721 0.030000 4.628617 0.030000 1.991566 0.150000 5.503426 0.030000 3.195231 0.030000
6.453568 0.030000 4.614910 0.030000 1.864556 0.030000 5.492189 0.030000 3.140765 0.150000
6.419032 0.030000 4.601019 0.030000 1.920062 0.030000 5.480742 0.030000 3.204673 0.030000
6.451004 0.030000 4.630675 0.150000 1.908781 0.030000 5.493929 0.030000 3.151138 0.030000
6.403220 0.030000 4.634213 0.030000 1.926172 0.030000 5.514118 0.030000 3.178925 0.030000
6.477975 0.030000 4.574607 0.030000 1.976635 0.030000 7.032818 0.150000 3.158258 0.030000
6.271579 0.150000 4.579087 0.030000 1.962345 0.030000 5.559049 0.030000 3.184731 0.030000
6.500000 0.030000 4.522583 0.030000 1.924493 0.030000 5.550406 0.030000 3.158676 0.030000
7.051221 0.150000 4.609755 0.030000 1.958752 0.030000 5.584538 0.030000 3.128787 0.030000
6.502021 0.030000 4.580720 0.030000 2.016477 0.030000 5.578206 0.030000 3.178968 0.030000
6.517803 0.030000 4.594545 0.030000 1.943614 0.030000 5.584448 0.030000 3.586550 0.150000
6.544710 0.030000 4.642627 0.030000 2.064572 0.030000 5.690048 0.030000 4.105075 0.150000
6.509202 0.030000 4.561049 0.030000 2.008315 0.030000 5.561558 0.030000 3.068021 0.030000
6.618258 0.030000 4.556238 0.030000 2.038967 0.030000 5.575133 0.030000 3.124944 0.030000
6.489693 0.030000 4.535797 0.030000 2.056180 0.030000 5.386407 0.150000 3.084087 0.030000
6.543648 0.030000 4.551652 0.030000 2.009081 0.030000 5.642030 0.030000 3.063437 0.030000
6.619956 0.150000 4.559416 0.030000 2.062879 0.030000 5.675149 0.030000 3.054944 0.030000
6.567543 0.030000 4.573628 0.030000 2.057713 0.030000 5.643856 0.030000 3.108682 0.030000
6.629025 0.150000 4.491198 0.030000 2.056719 0.030000 5.660455 0.030000 3.107337 0.030000
6.995212 0.150000 4.594851 0.030000 2.049642 0.030000 5.690206 0.030000 3.103427 0.030000
6.562481 0.030000 4.532478 0.030000 2.085966 0.030000 5.747890 0.150000 3.098981 0.030000
6.554917 0.030000 4.547324 0.030000 2.049192 0.030000 5.676797 0.030000 3.094148 0.030000
6.569652 0.030000 4.586268 0.030000 2.070548 0.030000 5.680283 0.030000 3.111466 0.030000
6.618718 0.030000 4.710110 0.150000 2.081104 0.030000 5.659518 0.030000 3.305665 0.150000
6.582379 0.030000 4.519951 0.030000 2.121549 0.030000 5.668925 0.030000 3.123702 0.030000
6.598749 0.030000 4.532143 0.030000 2.106370 0.030000 5.785235 0.030000 3.140693 0.030000
6.567353 0.030000 4.513170 0.030000 2.118312 0.030000 5.747904 0.030000 3.073101 0.030000
6.603430 0.030000 4.490795 0.030000 2.223964 0.150000 5.835192 0.030000 3.098222 0.030000
6.595006 0.030000 4.525710 0.030000 2.166985 0.030000 5.783004 0.030000 3.176528 0.150000
6.671298 0.030000 4.562963 0.150000 2.221674 0.030000 5.796604 0.030000 3.089468 0.030000
7.175115 0.150000 4.465388 0.030000 2.229272 0.030000 6.233659 0.150000 3.037535 0.030000
6.660175 0.030000 4.507778 0.030000 2.222089 0.030000 5.818583 0.030000 3.044160 0.030000
6.679050 0.030000 4.478176 0.030000 2.235543 0.030000 5.848468 0.030000 3.069344 0.030000
6.738051 0.030000 4.538608 0.030000 2.208784 0.150000 6.692599 0.150000 3.047164 0.150000
6.778377 0.030000 4.511579 0.030000 2.293289 0.030000 5.860706 0.030000 2.972456 0.030000
6.819994 0.030000 4.491097 0.030000 2.333340 0.030000 5.831658 0.030000 3.012781 0.030000
6.870490 0.030000 4.539224 0.030000 2.353265 0.030000 6.056440 0.150000 2.923528 0.030000
6.862871 0.030000 4.544112 0.030000 2.360445 0.030000 5.878410 0.030000 2.912589 0.030000
6.909308 0.030000 4.646069 0.150000 2.411914 0.030000 5.884704 0.030000 2.916999 0.030000
6.908323 0.030000 4.611060 0.030000 2.436130 0.030000 5.898031 0.030000 2.908230 0.030000
6.960296 0.150000 4.662264 0.030000 2.457074 0.030000 5.889610 0.030000 2.790376 0.030000
6.928461 0.030000 4.648923 0.150000 2.495962 0.030000 5.898243 0.030000 2.834182 0.030000
6.950920 0.030000 4.702288 0.030000 2.531790 0.030000 5.900217 0.150000 2.797592 0.030000
7.016698 0.030000 4.753723 0.030000 2.551174 0.030000 5.918710 0.030000 2.774006 0.030000
7.060070 0.030000 4.741354 0.030000 2.489412 0.030000 5.848343 0.030000 2.679096 0.030000
7.015303 0.030000 5.048762 0.150000 2.552260 0.030000 5.610380 0.150000 2.674289 0.030000
7.130831 0.030000 4.812518 0.030000 2.650516 0.150000 5.848381 0.030000 2.657126 0.030000
7.123273 0.030000 4.854516 0.030000 2.545014 0.030000 5.846523 0.030000 2.650285 0.030000
7.149250 0.030000 4.860451 0.030000 2.624165 0.030000 5.805329 0.030000 2.588718 0.030000
7.187816 0.030000 4.858814 0.030000 2.630681 0.030000 5.800614 0.150000 2.620928 0.030000
7.142202 0.030000 4.893941 0.030000 2.650706 0.030000 5.817689 0.030000 2.552195 0.030000
7.194337 0.030000 4.977727 0.030000 2.660425 0.030000 5.783355 0.030000 2.456001 0.030000
7.243621 0.030000 4.976164 0.030000 2.638161 0.030000 5.778172 0.030000 2.491751 0.030000
7.215099 0.030000 5.027109 0.030000 2.717638 0.030000 5.773619 0.030000 2.423223 0.030000
7.209182 0.030000 5.032605 0.030000 2.707219 0.030000 5.747121 0.030000 2.420439 0.030000
7.294767 0.030000 5.102929 0.030000 2.700074 0.030000 5.721962 0.030000 2.410754 0.030000
7.269865 0.030000 5.001311 0.030000 2.729838 0.030000 6.278131 0.150000 2.619253 0.150000
7.354588 0.030000 5.123368 0.030000 2.774327 0.030000 5.790679 0.150000 2.422556 0.150000
7.325301 0.030000 5.128728 0.030000 2.781157 0.030000 5.708101 0.030000 2.370652 0.030000
7.295100 0.030000 5.216602 0.030000 2.832771 0.030000 5.673249 0.030000 2.286307 0.030000
7.352340 0.030000 5.223865 0.030000 3.072277 0.150000 5.680738 0.030000 2.255986 0.030000
7.395529 0.030000 5.201892 0.030000 2.802662 0.030000 5.759240 0.030000 2.278532 0.030000
7.443578 0.030000 5.238674 0.030000 2.841809 0.030000 5.628433 0.030000 2.202446 0.030000
7.416336 0.030000 5.282520 0.030000 2.881674 0.030000 5.640666 0.030000 2.139209 0.030000
7.504655 0.030000 5.290429 0.030000 2.847080 0.030000 5.646668 0.030000 2.174268 0.030000
7.515653 0.030000 5.346979 0.030000 2.908026 0.030000 5.632807 0.030000 2.148375 0.030000
7.549262 0.030000 5.350179 0.030000 2.907890 0.030000 5.601265 0.030000 2.087421 0.150000
7.414575 0.030000 5.426699 0.030000 2.939744 0.030000 5.616831 0.030000 2.114034 0.030000
7.553020 0.030000 5.663698 0.150000 3.002201 0.030000 5.634592 0.030000 2.024485 0.030000
7.508208 0.030000 5.407174 0.030000 2.907266 0.030000 5.579299 0.030000 2.053641 0.030000
7.614660 0.030000 5.424139 0.030000 2.987643 0.030000 5.621321 0.030000 2.014999 0.030000
7.545899 0.030000 5.433593 0.030000 3.051835 0.030000 5.608324 0.030000 2.003446 0.030000
7.578906 0.030000 5.538774 0.030000 3.024345 0.030000 5.650227 0.030000 2.014391 0.030000
7.658717 0.030000 5.830650 0.150000 3.042139 0.030000 5.562802 0.030000 1.917554 0.030000
7.843554 0.150000 5.512696 0.030000 3.095486 0.030000 5.607392 0.030000 2.590720 0.150000
7.683012 0.030000 5.591185 0.030000 2.957843 0.030000 5.582003 0.030000 1.944752 0.030000
7.666907 0.030000 5.612566 0.030000 3.075721 0.030000 5.828674 0.150000 1.903414 0.030000
7.695713 0.030000 5.588076 0.030000 3.075776 0.030000 5.555230 0.030000 1.872706 0.030000
7.706980 0.030000 5.646906 0.030000 3.075084 0.030000 5.498404 0.030000 3.074413 0.150000
7.728312 0.030000 5.655337 0.030000 3.100456 0.030000 6.188514 0.150000 1.827647 0.030000
7.696020 0.030000 5.612912 0.030000 3.121836 0.030000 5.526051 0.030000 1.894050 0.030000
7.708554 0.030000 5.672015 0.030000 3.069961 0.030000 5.535900 0.030000 1.838377 0.030000
7.732779 0.150000 5.630821 0.030000 3.135461 0.030000 5.577224 0.030000 1.805637 0.030000
7.766110 0.030000 5.715992 0.030000 3.171704 0.030000 5.511191 0.030000 1.772704 0.030000
7.957913 0.150000 5.681880 0.030000 3.185684 0.030000 5.519363 0.030000 2.711685 0.150000
7.774147 0.030000 5.716866 0.030000 3.139316 0.030000 5.565662 0.030000 1.803738 0.030000
7.716325 0.030000 6.220016 0.150000 3.191566 0.030000 5.440690 0.150000 1.760807 0.030000
7.767698 0.030000 5.694903 0.030000 3.176382 0.030000 5.504586 0.030000 1.810434 0.030000
7.789771 0.030000 5.756974 0.030000 3.251323 0.030000 5.536068 0.030000 1.794254 0.030000
7.826988 0.030000 5.743172 0.030000 3.215627 0.030000 5.497058 0.030000 1.743960 0.030000
7.811983 0.030000 6.863570 0.150000 3.202221 0.030000 5.535138 0.030000 2.064760 0.150000
7.828450 0.030000 5.794150 0.030000 3.258545 0.030000 5.491565 0.030000 2.162313 0.150000
7.877773 0.030000 5.756793 0.030000 3.206300 0.030000 5.507810 0.030000 1.622885 0.030000
7.807942 0.030000 5.814433 0.030000 3.294543 0.030000 5.444334 0.030000 1.673946 0.030000
7.889141 0.030000 5.991732 0.150000 3.265417 0.030000 5.491539 0.030000 1.647951 0.030000
7.847473 0.030000 5.840477 0.030000 3.261343 0.030000 5.485998 0.030000 1.702853 0.030000
7.867448 0.030000 5.901666 0.030000 3.203827 0.030000 5.462499 0.030000 1.648749 0.030000
7.894092 0.030000 5.845275 0.030000 3.245260 0.030000 5.507469 0.030000 1.619211 0.030000
8.223228 0.150000 5.895254 0.030000 3.231665 0.030000 5.477615 0.030000 1.746457 0.150000
7.938954 0.030000 5.876650 0.030000 3.277422 0.030000 5.485675 0.030000 1.625751 0.030000
7.894673 0.030000 5.861560 0.030000 3.312404 0.030000 5.512158 0.030000 1.697589 0.030000
7.960707 0.030000 5.856209 0.030000 3.325098 0.030000 5.464246 0.030000 1.728997 0.030000
7.898203 0.030000 5.928848 0.030000 3.370581 0.030000 5.523526 0.030000 2.201438 0.150000
7.916340 0.030000 5.877544 0.030000 3.293338 0.030000 5.508180 0.030000 1.613699 0.030000
7.870225 0.030000 5.876477 0.030000 3.320369 0.030000 5.498242 0.030000 1.571719 0.030000
8.419415 0.150000 5.902573 0.030000 3.646211 0.150000 5.498652 0.030000 1.611403 0.030000
7.921250 0.030000 5.877166 0.030000 3.252687 0.030000 5.473420 0.030000 1.608538 0.030000
7.918720 0.030000 5.908698 0.030000 3.314955 0.030000 5.525597 0.030000 1.559346 0.030000
8.738286 0.150000 5.947278 0.030000 3.391987 0.030000 5.441227 0.030000 1.486036 0.030000
7.915484 0.030000 5.992568 0.030000 3.387803 0.030000 5.571026 0.030000 1.513218 0.030000
8.014875 0.030000 6.024276 0.030000 3.425872 0.030000 5.509242 0.030000 1.497751 0.030000
7.949441 0.030000 6.033679 0.030000 3.359246 0.030000 5.478365 0.030000 1.454276 0.030000
8.037583 0.030000 6.039522 0.030000 3.415523 0.030000 5.546645 0.030000 1.531271 0.030000
8.051851 0.030000 6.028921 0.030000 3.447811 0.030000 5.447359 0.030000 1.527204 0.030000
8.049179 0.030000 6.075149 0.030000 3.414523 0.030000 5.433349 0.030000 1.474753 0.030000
8.067707 0.030000 6.062193 0.030000 3.427852 0.030000 5.455091 0.030000 1.368835 0.030000
8.545287 0.150000 6.084400 0.030000 3.445301 0.030000 5.407721 0.030000 1.403574 0.030000
8.030409 0.030000 6.156597 0.030000 3.431457 0.030000 5.376233 0.030000 1.457037 0.030000
8.066086 0.030000 6.711299 0.150000 4.023415 0.150000 5.302898 0.030000 1.378862 0.030000
8.070612 0.030000 6.177618 0.030000 3.485198 0.030000 5.314249 0.030000 1.426973 0.030000
8.090564 0.030000 6.210924 0.030000 3.413241 0.030000 5.289905 0.030000 1.407274 0.030000
8.000423 0.030000 6.240485 0.030000 3.458198 0.030000 5.293098 0.030000 1.419901 0.030000
8.042568 0.030000 6.229048 0.030000 3.429554 0.030000 5.223926 0.030000 1.487738 0.030000
8.009107 0.030000 6.218937 0.030000 3.430958 0.030000 5.283524 0.030000 1.452992 0.030000
8.047092 0.030000 6.226917 0.030000 3.438394 0.030000 5.189638 0.030000 1.491055 0.030000
8.370141 0.150000 6.232169 0.030000 3.390648 0.030000 5.127610 0.030000 1.479673 0.030000
7.911258 0.030000 6.507202 0.150000 3.414259 0.030000 5.106791 0.030000 1.514164 0.030000
7.932739 0.030000 6.255711 0.030000 3.342688 0.030000 5.070692 0.030000 1.478993 0.030000
7.919303 0.030000 6.540684 0.150000 3.326799 0.030000 5.115876 0.030000 1.552349 0.030000
7.852123 0.030000 6.292461 0.030000 3.304979 0.030000 5.004228 0.030000 1.555260 0.030000
8.069457 0.150000 6.319722 0.030000 3.312273 0.030000 4.976563 0.030000 1.606232 0.030000
7.854899 0.030000 6.263137 0.030000 3.367763 0.030000 4.960364 0.030000 1.664985 0.030000
7.829262 0.030000 6.278213 0.030000 3.240325 0.030000 4.953515 0.030000 1.666573 0.030000
7.858861 0.030000 6.313040 0.030000 3.206591 0.030000 4.909997 0.030000 1.968238 0.150000
7.793376 0.030000 6.322799 0.030000 3.235406 0.030000 4.824655 0.030000 1.720781 0.030000
7.804718 0.030000 6.322518 0.030000 3.202208 0.030000 4.871292 0.030000 1.713151 0.030000
7.827628 0.150000 6.337203 0.030000 3.172711 0.030000 4.811577 0.030000 1.760736 0.030000
7.754333 0.030000 6.359583 0.030000 3.177794 0.030000 4.779278 0.030000 1.748309 0.030000
7.723651 0.030000 6.308549 0.030000 3.151122 0.030000 4.876785 0.030000 1.810697 0.030000
7.655159 0.150000 6.364892 0.030000 3.167488 0.030000 4.821165 0.030000 1.836084 0.030000
7.707049 0.030000 6.291746 0.030000 3.131155 0.030000 4.705641 0.030000 1.839535 0.030000
7.689228 0.030000 6.377889 0.030000 3.133889 0.030000 4.666585 0.030000 1.860207 0.030000
7.679631 0.030000 6.311027 0.030000 3.075727 0.030000 4.683209 0.030000 1.960876 0.030000
7.605508 0.030000 6.341782 0.030000 3.098445 0.030000 4.666236 0.030000 1.886881 0.030000
7.646289 0.030000 6.340257 0.030000 3.050154 0.030000 4.627442 0.030000 1.955988 0.030000
7.611173 0.030000 6.347143 0.030000 3.017853 0.030000 4.556811 0.030000 1.961828 0.030000
7.576989 0.030000 6.383494 0.030000 3.074461 0.030000 4.609438 0.030000 1.946236 0.030000
7.608514 0.030000 6.330034 0.030000 3.033029 0.030000 4.560213 0.030000 2.056215 0.030000
7.528940 0.030000 6.312285 0.030000 3.009494 0.030000 4.483027 0.030000 2.066186 0.030000
7.578521 0.030000 6.406201 0.030000 2.989681 0.030000 4.427480 0.030000 2.091299 0.030000
7.663499 0.150000 6.391873 0.030000 2.972372 0.030000 4.449046 0.030000 2.055544 0.030000
7.466407 0.030000 6.405519 0.030000 2.998496 0.030000 4.380479 0.030000 2.099370 0.030000
7.355676 0.150000 6.441105 0.030000 2.988365 0.030000 4.350701 0.030000 2.144190 0.030000
7.459064 0.030000 6.379922 0.030000 2.945888 0.030000 4.371167 0.030000 2.167693 0.030000
7.420422 0.030000 6.390519 0.030000 2.900895 0.030000 4.318053 0.030000 2.288958 0.030000
7.387654 0.030000 6.400588 0.030000 2.929995 0.030000 4.313675 0.030000 2.215541 0.030000
7.386818 0.030000 6.464906 0.030000 2.939653 0.030000 4.300662 0.030000 2.246695 0.030000
7.374395 0.030000 6.453450 0.030000 2.901256 0.030000 4.237868 0.030000 2.309313 0.030000
7.329098 0.030000 6.423237 0.030000 2.857041 0.030000 4.303187 0.150000 2.332698 0.030000
7.378809 0.030000 6.465321 0.030000 2.891903 0.030000 4.103947 0.030000 2.425121 0.030000
7.358074 0.030000 6.434990 0.030000 2.855686 0.030000 4.187068 0.030000 2.360894 0.030000
7.331979 0.030000 6.470992 0.030000 2.839389 0.030000 4.096248 0.030000 2.393944 0.030000
7.270314 0.030000 6.474845 0.030000 2.817798 0.030000 4.111587 0.030000 2.404764 0.030000
7.271066 0.030000 6.455030 0.030000 2.871703 0.030000 4.012655 0.030000 2.441418 0.030000
7.200667 0.030000 6.509751 0.030000 2.846606 0.030000 4.066935 0.030000 2.467728 0.030000
7.163611 0.030000 6.514850 0.030000 2.764775 0.030000 4.052123 0.030000 2.470499 0.030000
7.210325 0.030000 6.538639 0.030000 2.824163 0.030000 3.881039 0.150000 2.528809 0.030000
7.232406 0.030000 6.534974 0.030000 2.811487 0.030000 3.924164 0.030000 2.572981 0.030000
7.215078 0.030000 6.510203 0.030000 2.800202 0.030000 3.916646 0.030000 2.548141 0.030000
7.194921 0.030000 6.556643 0.030000 2.765857 0.030000 3.855815 0.030000 2.577983 0.030000
7.195174 0.030000 6.542893 0.030000 2.694169 0.030000 3.868758 0.030000 2.645978 0.030000
7.229714 0.030000 6.534796 0.030000 2.753153 0.030000 3.815548 0.030000 2.657133 0.030000
7.134833 0.030000 6.563366 0.030000 2.749484 0.030000 3.786569 0.030000 2.686021 0.030000
7.071874 0.030000 6.613552 0.030000 2.712176 0.030000 3.794609 0.030000 2.705060 0.030000
7.090569 0.030000 6.569449 0.030000 2.725873 0.030000 3.756545 0.030000 2.782838 0.030000
7.087737 0.030000 6.743058 0.150000 2.705920 0.030000 3.677520 0.030000 2.877828 0.150000
7.088257 0.030000 6.595389 0.030000 2.745778 0.030000 3.968607 0.150000 2.840052 0.030000
7.260499 0.150000 6.626728 0.030000 2.722817 0.030000 3.721394 0.030000 2.805752 0.030000
7.037464 0.030000 6.665225 0.030000 2.728468 0.150000 3.610886 0.030000 2.857298 0.030000
6.935151 0.150000 6.663633 0.030000 2.701844 0.030000 3.614195 0.030000 2.867229 0.030000
7.014193 0.030000 6.676369 0.030000 2.643196 0.030000 3.622605 0.030000 2.854474 0.030000
6.981214 0.030000 6.690566 0.030000 2.689809 0.030000 3.513654 0.030000 2.969240 0.030000
6.966358 0.030000 6.706245 0.030000 2.643094 0.030000 3.477804 0.030000 2.961936 0.030000
7.015536 0.030000 6.710055 0.030000 2.651349 0.030000 3.450935 0.150000 3.008497 0.150000
6.971999 0.030000 6.703088 0.030000 2.703326 0.030000 3.459991 0.030000 2.998108 0.030000
6.945919 0.030000 6.754405 0.030000 2.654123 0.030000 3.460021 0.030000 3.039838 0.030000
6.960304 0.030000 6.761755 0.030000 2.681827 0.030000 3.413737 0.030000 3.062736 0.030000
6.854915 0.030000 6.765514 0.030000 2.634305 0.030000 3.379160 0.030000 3.119128 0.030000
6.866019 0.150000 6.813567 0.030000 2.649370 0.030000 3.422484 0.030000 3.112835 0.030000
6.877085 0.030000 6.844040 0.030000 2.690545 0.030000 3.362777 0.030000 3.161951 0.030000
6.862365 0.030000 6.782368 0.030000 2.737197 0.030000 3.348803 0.030000 3.170095 0.030000
6.829393 0.030000 6.818467 0.150000 2.649550 0.030000 3.303564 0.030000 3.210681 0.030000
6.822585 0.030000 6.810999 0.030000 2.722498 0.030000 3.195205 0.030000 3.247768 0.030000
6.838275 0.030000 6.804333 0.030000 2.668377 0.030000 3.219431 0.030000 3.308018 0.030000
6.852258 0.030000 6.809789 0.030000 2.644532 0.030000 3.122810 0.030000 3.304150 0.030000
6.792923 0.030000 6.832952 0.030000 3.685008 0.150000 3.185569 0.030000 3.342505 0.030000
6.799097 0.030000 6.847677 0.030000 2.654975 0.030000 3.088151 0.030000 3.348308 0.030000
6.756029 0.030000 6.825573 0.030000 2.714919 0.030000 3.014714 0.150000 3.694822 0.150000
6.716250 0.030000 6.901183 0.030000 2.696475 0.030000 3.119015 0.030000 3.378496 0.030000
6.695226 0.030000 6.925589 0.030000 2.662042 0.030000 3.365473 0.150000 3.459108 0.150000
6.786207 0.030000 7.285749 0.150000 3.088043 0.150000 3.001073 0.030000 3.460736 0.030000
6.734937 0.030000 6.913810 0.030000 2.693511 0.030000 3.047281 0.030000 3.496990 0.030000
6.699272 0.030000 6.964570 0.030000 2.752543 0.030000 2.958130 0.030000 3.522767 0.030000
6.682428 0.030000 6.960270 0.030000 2.714006 0.030000 2.965319 0.030000 3.540859 0.030000
6.699378 0.030000 7.001310 0.030000 2.717411 0.030000 2.985578 0.150000 3.584028 0.030000
6.689314 0.030000 6.923845 0.030000 2.661816 0.030000 2.866642 0.030000 3.613822 0.030000
6.670836 0.030000 7.055228 0.030000 2.651396 0.030000 2.863917 0.030000 3.636950 0.030000
6.674277 0.030000 6.976277 0.030000 2.730937 0.030000 2.828696 0.030000 4.428369 0.150000
6.629599 0.030000 6.978708 0.150000 2.674792 0.030000 2.776450 0.030000 3.679878 0.030000
6.627230 0.030000 7.009491 0.030000 2.742086 0.030000 2.818538 0.030000 3.690638 0.030000
6.590277 0.030000 7.057198 0.030000 2.772432 0.030000 2.744246 0.030000 3.756574 0.030000
6.637380 0.030000 7.061684 0.030000 2.726814 0.030000 2.703138 0.030000 3.794210 0.030000
6.682817 0.150000 7.055262 0.030000 2.721731 0.030000 2.678305 0.030000 3.778479 0.030000
6.575354 0.030000 7.117220 0.030000 2.729852 0.030000 2.688257 0.030000 3.853693 0.030000
6.579054 0.030000 7.130823 0.030000 2.656499 0.030000 2.659624 0.030000 3.912775 0.030000
6.526726 0.030000 7.125675 0.030000 2.767885 0.030000 2.623512 0.030000 3.921494 0.030000
6.586315 0.030000 7.135561 0.030000 2.742063 0.030000 2.952684 0.150000 3.960012 0.030000
6.535662 0.030000 7.133382 0.030000 2.830846 0.030000 2.572740 0.030000 3.936841 0.030000
6.685410 0.150000 7.189259 0.030000 2.759815 0.030000 2.535173 0.030000 4.013932 0.030000
6.494112 0.030000 7.166230 0.030000 2.774917 0.030000 2.505923 0.030000 4.015122 0.030000
6.515756 0.030000 7.238383 0.030000 2.804128 0.030000 2.509797 0.030000 4.041539 0.030000
6.484323 0.030000 7.336567 0.150000 3.441385 0.150000 2.427144 0.030000 4.037872 0.030000
6.492144 0.030000 7.257473 0.030000 2.829654 0.030000 2.492388 0.030000 4.082633 0.030000
6.496323 0.030000 7.723041 0.150000 2.791669 0.030000 2.405153 0.030000 4.179045 0.030000
6.490493 0.030000 7.260560 0.030000 2.797820 0.030000 2.392958 0.030000 4.184332 0.030000
6.513224 0.030000 7.267860 0.030000 2.812835 0.030000 2.380347 0.030000 4.199294 0.030000
6.458551 0.030000 7.279178 0.030000 2.868815 0.030000 2.380089 0.030000 4.199701 0.030000
6.397709 0.030000 7.311244 0.030000 2.847298 0.030000 2.306454 0.030000 4.256546 0.030000
6.417186 0.030000 7.343337 0.030000 2.897360 0.030000 2.300509 0.030000 4.261420 0.030000
6.398638 0.030000 7.359676 0.030000 2.888592 0.030000 2.284451 0.030000 4.268571 0.030000
6.348553 0.030000 7.377058 0.030000 2.844084 0.030000 2.232234 0.030000 4.337652 0.030000
6.638212 0.150000 7.431869 0.030000 2.902782 0.030000 2.265307 0.030000 4.389364 0.030000
6.365623 0.030000 7.917157 0.150000 2.957314 0.030000 2.121128 0.030000 4.439525 0.030000
6.404891 0.030000 8.114080 0.150000 2.934291 0.030000 2.212992 0.030000 4.417842 0.030000
6.389771 0.030000 7.419625 0.030000 2.906129 0.030000 2.131912 0.030000 4.559993 0.150000
6.329434 0.030000 7.447075 0.030000 3.442080 0.150000 2.053507 0.030000 4.472444 0.030000
6.387721 0.030000 7.481598 0.030000 2.917552 0.030000 2.067444 0.030000 4.854704 0.150000
6.387522 0.030000 7.500924 0.030000 2.970421 0.030000 2.144953 0.030000 4.510866 0.030000
6.393525 0.030000 7.498361 0.030000 2.944142 0.030000 2.017718 0.030000 4.538791 0.030000
6.314162 0.030000 7.538377 0.030000 2.999177 0.030000 2.006351 0.030000 4.567028 0.030000
6.299853 0.030000 7.505922 0.030000 2.951963 0.030000 2.003377 0.030000 4.547821 0.030000
6.323769 0.030000 8.383162 0.150000 3.049612 0.030000 1.992385 0.030000 4.607136 0.030000
6.333836 0.030000 7.518216 0.030000 3.031219 0.030000 2.001880 0.030000 4.668008 0.030000
6.304049 0.030000 7.566603 0.030000 2.958216 0.030000 1.948947 0.030000 4.655168 0.030000
6.336733 0.030000 7.549004 0.030000 3.048253 0.030000 2.021990 0.030000 4.599755 0.030000
6.352122 0.030000 7.611174 0.030000 3.056179 0.030000 1.957477 0.030000 4.689860 0.030000
6.351036 0.030000 7.585085 0.030000 3.029180 0.030000 1.970879 0.030000 4.707179 0.030000
6.262506 0.030000 7.599555 0.030000 3.053857 0.030000 1.913056 0.030000 4.749269 0.030000
6.288214 0.030000 7.645848 0.030000 3.090546 0.030000 1.895078 0.030000 4.705910 0.030000
6.295068 0.030000 7.632576 0.030000 3.100062 0.030000 1.874958 0.030000 4.748989 0.030000
6.267232 0.030000 7.614846 0.030000 3.102782 0.030000 1.841515 0.030000 4.791513 0.030000
6.290009 0.030000 7.593178 0.030000 3.642605 0.150000 1.902582 0.030000 4.798746 0.030000
6.257784 0.030000 8.366834 0.150000 3.070005 0.030000 1.828774 0.030000 4.799999 0.030000
6.344957 0.150000 7.656709 0.030000 3.141298 0.030000 1.873879 0.030000 4.799272 0.030000
6.308052 0.030000 7.703186 0.030000 3.108821 0.030000 1.848098 0.030000 4.867656 0.030000
7.075848 0.150000 7.711835 0.030000 3.146634 0.030000 1.656497 0.150000 4.914565 0.030000
6.253663 0.030000 7.670645 0.030000 3.092453 0.030000 1.892189 0.150000 4.860536 0.030000
6.751992 0.150000 7.729003 0.030000 3.162618 0.030000 1.760885 0.030000 4.902132 0.030000
6.247825 0.030000 7.697342 0.030000 3.418399 0.150000 1.787350 0.030000 4.923614 0.030000
6.241180 0.030000 7.705376 0.030000 3.191480 0.030000 1.781707 0.030000 4.898060 0.030000
6.248625 0.030000 7.674542 0.030000 3.100732 0.030000 1.769868 0.030000 4.935473 0.030000
6.234930 0.030000 7.743910 0.030000 4.117317 0.150000 1.760333 0.030000 5.029083 0.150000
6.234331 0.030000 7.672730 0.030000 3.194629 0.030000 1.637703 0.150000 4.925661 0.030000
6.239519 0.030000 7.715640 0.030000 3.181831 0.030000 1.736896 0.030000 4.968062 0.030000
6.272208 0.030000 7.757175 0.030000 3.155993 0.030000 1.748565 0.030000 4.980747 0.030000
6.230465 0.030000 7.706097 0.030000 3.170725 0.030000 1.709554 0.030000 4.995457 0.030000
