6.969157 0.030000 7.112639 0.030000 6.925969 0.030000 7.122508 0.030000 7.491511 0.030000 7.626961 0.030000 8.458385 0.030000 8.911548 0.150000 9.802421 0.030000 9.900711 0.150000
6.904333 0.030000 7.112159 0.030000 6.921772 0.030000 7.108805 0.030000 7.396643 0.030000 8.100174 0.150000 9.187067 0.150000 8.647675 0.030000 9.735621 0.030000 9.867522 0.030000
6.782886 0.030000 6.959505 0.030000 6.730801 0.150000 6.957620 0.030000 7.283066 0.030000 7.495581 0.030000 8.312751 0.030000 8.550436 0.030000 9.698098 0.030000 9.752294 0.030000
6.642523 0.030000 6.775051 0.030000 6.631507 0.030000 6.951032 0.150000 7.236356 0.030000 7.174604 0.150000 8.208111 0.030000 8.390492 0.030000 9.581877 0.030000 9.683573 0.030000
6.493916 0.030000 6.721192 0.030000 6.504535 0.030000 6.700363 0.030000 7.081153 0.030000 7.469291 0.150000 8.110902 0.030000 8.324493 0.030000 9.513935 0.030000 9.647970 0.030000
6.374895 0.030000 6.608493 0.030000 6.372679 0.030000 6.567195 0.030000 6.996503 0.030000 7.087848 0.030000 8.111088 0.030000 8.217238 0.030000 9.425909 0.030000 9.467269 0.030000
6.230256 0.030000 6.476818 0.030000 6.238383 0.030000 6.467824 0.030000 6.950529 0.030000 7.011533 0.030000 7.997342 0.030000 8.101978 0.030000 9.367951 0.030000 9.452420 0.030000
6.154418 0.030000 6.370768 0.030000 7.321976 0.150000 6.324439 0.030000 6.743675 0.030000 6.928741 0.030000 7.805345 0.030000 7.979972 0.030000 9.248310 0.030000 9.342204 0.030000
6.052689 0.030000 6.225693 0.030000 6.060606 0.030000 6.093925 0.030000 6.607531 0.030000 6.806386 0.030000 7.699892 0.030000 7.926962 0.030000 9.171465 0.030000 9.331732 0.030000
5.881361 0.030000 6.103462 0.030000 5.840173 0.030000 6.106790 0.030000 6.482419 0.030000 7.075072 0.150000 7.547698 0.030000 7.816917 0.030000 9.079355 0.030000 9.200032 0.030000
5.770731 0.030000 6.122284 0.150000 5.803248 0.030000 5.918322 0.030000 6.444707 0.030000 6.635991 0.030000 7.569320 0.030000 7.784111 0.150000 8.969859 0.030000 9.099667 0.030000
5.727563 0.030000 5.895123 0.030000 5.657439 0.030000 5.789359 0.030000 6.303442 0.030000 6.495163 0.030000 7.452051 0.030000 7.595107 0.030000 8.910603 0.030000 10.262441 0.150000
5.549479 0.030000 5.719870 0.030000 5.522807 0.030000 5.707803 0.030000 6.205614 0.030000 6.423168 0.030000 7.380917 0.030000 7.518547 0.030000 8.878460 0.030000 8.978539 0.030000
5.457617 0.030000 5.546425 0.030000 5.339884 0.030000 5.613533 0.030000 6.082330 0.030000 6.287815 0.030000 7.344643 0.030000 7.396581 0.150000 8.805376 0.030000 8.949764 0.030000
5.281023 0.030000 5.442695 0.030000 5.234548 0.030000 5.448583 0.030000 6.119679 0.150000 6.157817 0.030000 7.162397 0.030000 7.401310 0.030000 8.682566 0.030000 8.826532 0.030000
5.163795 0.030000 5.356156 0.030000 5.185295 0.030000 5.369010 0.030000 5.891738 0.030000 6.035736 0.030000 7.159533 0.030000 7.271909 0.030000 8.563217 0.030000 8.740586 0.030000
5.040120 0.030000 5.222398 0.150000 4.997312 0.030000 5.195315 0.030000 5.774022 0.030000 5.970308 0.030000 7.172645 0.150000 7.136921 0.030000 8.567082 0.030000 8.647068 0.030000
5.221997 0.150000 5.083812 0.030000 4.890977 0.030000 5.154518 0.030000 5.696318 0.030000 5.771129 0.030000 6.918331 0.030000 7.110966 0.030000 8.484805 0.030000 8.555345 0.030000
4.796333 0.030000 4.948263 0.030000 4.809288 0.030000 4.987695 0.030000 5.568685 0.030000 5.706030 0.030000 6.786530 0.030000 6.988354 0.030000 8.370834 0.030000 8.481073 0.030000
5.178249 0.150000 5.421016 0.150000 4.705669 0.030000 4.895256 0.030000 5.491774 0.030000 5.678447 0.030000 6.770696 0.030000 6.882561 0.030000 8.326082 0.030000 8.464644 0.030000
4.561174 0.030000 4.926087 0.150000 4.531211 0.030000 4.750638 0.030000 5.352744 0.030000 5.542157 0.030000 6.662876 0.030000 6.832084 0.030000 8.299453 0.030000 8.577204 0.150000
4.410741 0.030000 4.606581 0.030000 4.403139 0.030000 4.609910 0.030000 5.266837 0.030000 5.390783 0.030000 6.592794 0.030000 7.241614 0.150000 8.215079 0.030000 8.359854 0.030000
4.365500 0.030000 4.498316 0.030000 4.261525 0.030000 4.485379 0.030000 5.160292 0.030000 5.314474 0.030000 6.499634 0.030000 6.652280 0.030000 8.158494 0.030000 8.235710 0.030000
4.177539 0.030000 4.371450 0.030000 4.135674 0.030000 4.376046 0.030000 5.062357 0.030000 5.154188 0.030000 6.375892 0.030000 6.575052 0.030000 8.070661 0.030000 8.165763 0.030000
4.089147 0.030000 4.207010 0.030000 3.996614 0.030000 4.233957 0.030000 4.923026 0.030000 5.082405 0.030000 6.199634 0.150000 6.487371 0.030000 8.014039 0.030000 8.189352 0.030000
3.941941 0.030000 4.163042 0.030000 3.932788 0.030000 4.140455 0.030000 4.903919 0.030000 5.137344 0.150000 6.244020 0.030000 6.372244 0.030000 7.926657 0.030000 8.048132 0.030000
3.803924 0.030000 4.382460 0.150000 3.816868 0.030000 4.036596 0.030000 4.753881 0.030000 4.899334 0.030000 6.552253 0.150000 6.354613 0.030000 7.850315 0.030000 7.979891 0.030000
3.681794 0.030000 3.912068 0.030000 3.675386 0.030000 3.910274 0.030000 5.013131 0.150000 4.780280 0.030000 6.069814 0.030000 6.200922 0.030000 7.822389 0.030000 7.920053 0.030000
3.591810 0.030000 3.765150 0.030000 3.669018 0.030000 3.725298 0.030000 4.551156 0.030000 4.789293 0.030000 6.089883 0.030000 6.174160 0.030000 7.806747 0.030000 7.832192 0.030000
3.412593 0.030000 3.713102 0.030000 3.536293 0.030000 3.640918 0.030000 4.469365 0.030000 4.567742 0.030000 5.995700 0.030000 6.057142 0.030000 7.738020 0.030000 7.960601 0.150000
3.380503 0.030000 3.521762 0.030000 3.354368 0.030000 3.494688 0.030000 4.430563 0.030000 4.493209 0.030000 5.939954 0.030000 6.054505 0.030000 7.719085 0.030000 7.746919 0.030000
3.210065 0.030000 3.402910 0.030000 3.201549 0.030000 3.407881 0.030000 4.292011 0.030000 4.473634 0.030000 5.823922 0.030000 5.969767 0.030000 7.634006 0.030000 7.705811 0.030000
3.083548 0.030000 3.283112 0.030000 3.111712 0.030000 3.268706 0.030000 4.176386 0.030000 4.340126 0.030000 5.790530 0.030000 5.974509 0.030000 7.629111 0.030000 7.625222 0.030000
2.961058 0.030000 3.182040 0.030000 2.924687 0.030000 3.209058 0.030000 4.108913 0.030000 4.274904 0.030000 5.697023 0.030000 5.869814 0.030000 7.486922 0.030000 7.573556 0.030000
2.847616 0.030000 3.044308 0.030000 2.852604 0.030000 3.050661 0.030000 4.058041 0.030000 4.095535 0.030000 5.692127 0.030000 5.771021 0.030000 7.452995 0.030000 7.547222 0.030000
2.745003 0.030000 2.956859 0.030000 2.820301 0.030000 2.987146 0.030000 3.942770 0.030000 4.004475 0.030000 5.577736 0.030000 5.699284 0.030000 7.412055 0.030000 7.522059 0.030000
2.613339 0.030000 2.862050 0.030000 2.524974 0.150000 2.963413 0.150000 3.827684 0.030000 4.002027 0.030000 5.615483 0.030000 5.673671 0.030000 7.415265 0.150000 7.532404 0.030000
2.483667 0.030000 2.726794 0.030000 2.494543 0.030000 2.723618 0.030000 3.820708 0.030000 3.926542 0.030000 5.496555 0.030000 5.609364 0.030000 7.389091 0.030000 7.305233 0.150000
2.365792 0.030000 2.589386 0.030000 2.429013 0.030000 2.585273 0.030000 3.709863 0.030000 3.751064 0.030000 5.438241 0.030000 5.509077 0.030000 7.811371 0.150000 7.232521 0.150000
2.315214 0.030000 2.471989 0.030000 2.240605 0.030000 2.445068 0.030000 3.633151 0.030000 3.699256 0.030000 5.417944 0.030000 5.496286 0.030000 7.307410 0.030000 7.392251 0.030000
2.174946 0.030000 2.356899 0.030000 2.179710 0.030000 2.318309 0.030000 3.554092 0.030000 4.090572 0.150000 5.369205 0.030000 5.434305 0.030000 7.211018 0.030000 7.327510 0.030000
2.098952 0.030000 2.290031 0.030000 2.122103 0.030000 2.262803 0.150000 3.502020 0.030000 3.601473 0.030000 5.313304 0.030000 5.421541 0.030000 7.212273 0.030000 7.281056 0.030000
1.997993 0.030000 2.139342 0.150000 1.955499 0.030000 2.197945 0.030000 3.435484 0.030000 3.580845 0.030000 5.362136 0.150000 5.353881 0.030000 7.155172 0.030000 7.272760 0.030000
1.859517 0.030000 2.040981 0.030000 1.886162 0.030000 2.067933 0.030000 3.422510 0.030000 3.532616 0.030000 5.249426 0.030000 5.315266 0.030000 7.200740 0.030000 7.197812 0.030000
1.832425 0.030000 2.005680 0.030000 1.827604 0.030000 1.993462 0.030000 3.385289 0.030000 3.477725 0.030000 5.399488 0.150000 5.254521 0.030000 7.186063 0.030000 7.631756 0.150000
1.754156 0.030000 1.926542 0.030000 1.786534 0.030000 1.912447 0.030000 3.366603 0.030000 3.430579 0.030000 5.198675 0.030000 5.255196 0.030000 7.196047 0.030000 7.232659 0.030000
2.978491 0.150000 1.826563 0.030000 1.717007 0.030000 1.891391 0.030000 3.294852 0.030000 3.400303 0.030000 5.223615 0.030000 5.203862 0.030000 7.154441 0.030000 7.143695 0.150000
1.670022 0.030000 2.132300 0.150000 1.633395 0.030000 1.873581 0.030000 3.228079 0.030000 3.380608 0.030000 5.192394 0.030000 5.438164 0.150000 7.096837 0.030000 7.148117 0.030000
1.639258 0.030000 1.791221 0.150000 1.663211 0.030000 1.733581 0.030000 3.277829 0.030000 3.352698 0.030000 5.164635 0.030000 5.210676 0.030000 7.129789 0.030000 7.140643 0.030000
1.890673 0.150000 1.738875 0.030000 1.582222 0.030000 1.775353 0.030000 3.214487 0.030000 3.316034 0.030000 5.137331 0.030000 5.391713 0.150000 7.108059 0.030000 7.182909 0.030000
1.546716 0.030000 1.723347 0.030000 1.497524 0.030000 1.741144 0.030000 3.237730 0.030000 3.375125 0.030000 5.145559 0.030000 5.257722 0.030000 7.136242 0.030000 7.109439 0.030000
1.580111 0.030000 1.612085 0.030000 1.538528 0.030000 1.740297 0.030000 3.166694 0.030000 3.273999 0.030000 5.068799 0.030000 5.158595 0.030000 7.073865 0.030000 7.137983 0.030000
1.637452 0.030000 1.611512 0.030000 1.489498 0.030000 1.674577 0.030000 3.079397 0.030000 3.291222 0.030000 5.075340 0.030000 5.187179 0.030000 7.022334 0.030000 7.169034 0.030000
1.626411 0.030000 1.559245 0.030000 1.384734 0.030000 1.511513 0.030000 3.006494 0.030000 3.154027 0.030000 4.947301 0.030000 5.083024 0.030000 6.954021 0.150000 7.056914 0.030000
1.650089 0.030000 1.605871 0.030000 1.277896 0.030000 1.436847 0.030000 2.894603 0.030000 3.113758 0.030000 4.833039 0.030000 4.995841 0.030000 6.813040 0.030000 6.951853 0.030000
1.764079 0.030000 1.619229 0.030000 1.207824 0.030000 1.337355 0.030000 2.805528 0.030000 2.967843 0.030000 4.667472 0.030000 4.899883 0.030000 6.745040 0.030000 6.890117 0.030000
1.865421 0.030000 1.688983 0.030000 1.215575 0.030000 1.281282 0.030000 2.936672 0.150000 2.898286 0.030000 4.550958 0.030000 4.659467 0.030000 6.605751 0.150000 6.679057 0.030000
2.000291 0.030000 1.813624 0.030000 1.154250 0.030000 1.143606 0.030000 2.535161 0.030000 2.727146 0.030000 4.478785 0.030000 4.645623 0.030000 6.436123 0.030000 6.550957 0.030000
2.115933 0.030000 1.912067 0.030000 1.034483 0.030000 1.100043 0.030000 2.413599 0.030000 2.672669 0.030000 4.344171 0.030000 4.542468 0.030000 6.219990 0.030000 6.476368 0.030000
3.164962 0.150000 1.973840 0.030000 1.032610 0.030000 1.094917 0.030000 2.303757 0.030000 2.525629 0.030000 4.193646 0.030000 4.411008 0.030000 6.142750 0.030000 6.303805 0.030000
2.318659 0.030000 2.153604 0.030000 1.051613 0.030000 1.430909 0.150000 2.500499 0.150000 2.430551 0.030000 4.098177 0.030000 4.260831 0.030000 6.072688 0.030000 6.245189 0.030000
2.446177 0.030000 2.233587 0.030000 1.031236 0.030000 1.016646 0.030000 2.472893 0.150000 2.275222 0.030000 3.983290 0.030000 4.194328 0.030000 5.812645 0.150000 6.181152 0.030000
2.510054 0.030000 2.466325 0.150000 1.045634 0.150000 1.013322 0.030000 1.986862 0.030000 2.182824 0.030000 3.881535 0.030000 4.068726 0.030000 5.807545 0.030000 6.912231 0.150000
2.650643 0.030000 2.815821 0.150000 1.085670 0.030000 1.034135 0.030000 1.866342 0.030000 2.242082 0.150000 3.718764 0.030000 4.460170 0.150000 6.168975 0.150000 5.899010 0.030000
2.695880 0.030000 3.073301 0.150000 1.131599 0.030000 1.073583 0.030000 1.816361 0.030000 1.990033 0.030000 3.651961 0.030000 3.861701 0.030000 5.630092 0.030000 5.806392 0.030000
2.771010 0.030000 2.578074 0.030000 1.157664 0.030000 1.067211 0.030000 1.796538 0.030000 2.001469 0.030000 3.581803 0.030000 3.843320 0.030000 5.546628 0.030000 5.714790 0.030000
2.849025 0.030000 2.630903 0.030000 1.203270 0.030000 1.106977 0.030000 1.788742 0.030000 1.890364 0.030000 3.507750 0.030000 3.724864 0.030000 5.478090 0.030000 5.677448 0.030000
2.885876 0.030000 2.642813 0.030000 1.239340 0.030000 1.105833 0.030000 1.653872 0.030000 1.839422 0.030000 3.530680 0.030000 3.634692 0.030000 5.463058 0.030000 5.604161 0.030000
2.870985 0.030000 2.797814 0.030000 2.420404 0.150000 1.170796 0.030000 1.649747 0.030000 1.803503 0.030000 3.382893 0.030000 3.661788 0.030000 5.372932 0.030000 5.524437 0.030000
2.944765 0.030000 2.783545 0.030000 1.345745 0.030000 1.168769 0.030000 1.528879 0.030000 1.752014 0.030000 3.369267 0.030000 3.569503 0.030000 5.298285 0.030000 5.488240 0.030000
2.986955 0.030000 2.783781 0.030000 1.311171 0.030000 1.189805 0.030000 1.616268 0.150000 1.741125 0.030000 3.325850 0.030000 3.495424 0.030000 5.278412 0.030000 5.475870 0.030000
3.201934 0.150000 2.840176 0.030000 1.715855 0.150000 1.222026 0.030000 1.610682 0.030000 1.748007 0.150000 3.300927 0.030000 3.535199 0.030000 5.284125 0.030000 5.478426 0.030000
3.043008 0.030000 2.893168 0.030000 1.384621 0.030000 1.252883 0.030000 1.610617 0.030000 1.646008 0.030000 3.320364 0.030000 3.440035 0.030000 5.229530 0.030000 5.390104 0.030000
3.134395 0.030000 2.949459 0.030000 1.495811 0.030000 1.265711 0.030000 1.609839 0.030000 1.567102 0.030000 3.334056 0.030000 3.394674 0.030000 5.201207 0.030000 5.310652 0.030000
3.211119 0.030000 3.075584 0.030000 1.590813 0.030000 1.443153 0.030000 1.680019 0.030000 1.623107 0.030000 3.727230 0.150000 3.312510 0.030000 5.265198 0.030000 5.304624 0.030000
3.746390 0.150000 3.146265 0.030000 1.719389 0.030000 1.553411 0.030000 1.757066 0.030000 1.610798 0.030000 3.454116 0.030000 3.349859 0.030000 5.246799 0.030000 5.226652 0.030000
3.332589 0.030000 3.172335 0.030000 1.775216 0.030000 1.692959 0.150000 1.921342 0.030000 1.766118 0.030000 3.433617 0.030000 3.365229 0.030000 5.585959 0.150000 6.371235 0.150000
3.324973 0.030000 3.275562 0.030000 1.918083 0.030000 1.553481 0.150000 1.998912 0.150000 1.831193 0.030000 3.473859 0.030000 3.419619 0.030000 5.321268 0.150000 5.271109 0.030000
3.475469 0.030000 3.385767 0.030000 2.313866 0.150000 1.840568 0.030000 2.062682 0.030000 1.861510 0.030000 3.557571 0.030000 3.434158 0.030000 5.372846 0.030000 5.331527 0.030000
3.475254 0.030000 3.442236 0.030000 2.160212 0.030000 1.973719 0.030000 2.161821 0.030000 2.010095 0.030000 3.551586 0.030000 4.268056 0.150000 5.443223 0.030000 5.339572 0.030000
3.543596 0.030000 3.509491 0.030000 2.209571 0.030000 2.044513 0.030000 2.289085 0.030000 2.163277 0.030000 3.713295 0.030000 3.569218 0.030000 5.450931 0.030000 5.458891 0.030000
3.687307 0.030000 3.547162 0.030000 2.347934 0.030000 2.200664 0.030000 2.453389 0.030000 2.210542 0.030000 3.739453 0.030000 3.658969 0.030000 5.498685 0.030000 5.421323 0.030000
3.728611 0.030000 3.649363 0.030000 2.492477 0.030000 2.307987 0.030000 2.557046 0.030000 2.315648 0.030000 3.781769 0.030000 3.701868 0.030000 5.555644 0.030000 5.481495 0.030000
3.823358 0.030000 3.685829 0.030000 2.590198 0.030000 2.472919 0.150000 2.600006 0.030000 2.451966 0.030000 3.896957 0.030000 3.767509 0.030000 5.602945 0.030000 5.475772 0.030000
3.898418 0.030000 3.770989 0.030000 2.736784 0.030000 2.538723 0.030000 2.780731 0.030000 2.630098 0.030000 3.960108 0.030000 3.880930 0.030000 5.619477 0.030000 5.589891 0.030000
4.001578 0.030000 3.868874 0.030000 2.855579 0.030000 2.718341 0.030000 2.921599 0.030000 2.675619 0.030000 4.108445 0.030000 3.925118 0.030000 5.716613 0.030000 5.666972 0.030000
4.411739 0.150000 3.934388 0.030000 2.986945 0.030000 3.002524 0.150000 3.022983 0.030000 3.151425 0.150000 4.177530 0.030000 4.022281 0.030000 5.816731 0.030000 5.682380 0.030000
4.180432 0.030000 3.999626 0.030000 3.767110 0.150000 2.987772 0.150000 3.077635 0.030000 2.896588 0.030000 4.253867 0.030000 4.071608 0.030000 5.811579 0.030000 5.720790 0.030000
4.246892 0.030000 4.120899 0.030000 3.205642 0.030000 2.983543 0.030000 3.212730 0.030000 3.019669 0.030000 4.298038 0.030000 4.146693 0.030000 5.892176 0.030000 5.979094 0.150000
4.356384 0.030000 4.205627 0.030000 3.306976 0.030000 3.118777 0.030000 3.412822 0.030000 3.129174 0.030000 4.403012 0.030000 4.236422 0.030000 5.941225 0.030000 5.846717 0.030000
4.429719 0.030000 4.291295 0.030000 3.440557 0.030000 3.137437 0.150000 3.504282 0.030000 3.243914 0.030000 4.508911 0.030000 4.357313 0.030000 6.010710 0.030000 5.952986 0.030000
4.497899 0.030000 4.403792 0.030000 3.575928 0.030000 3.301601 0.030000 3.582063 0.030000 3.374561 0.030000 4.607701 0.030000 4.702032 0.150000 6.155104 0.030000 6.000345 0.030000
4.634730 0.030000 4.463739 0.030000 3.717634 0.030000 3.457059 0.030000 3.716416 0.030000 3.565668 0.030000 4.647882 0.030000 4.502380 0.030000 6.169456 0.030000 6.081702 0.030000
4.696287 0.030000 4.611998 0.030000 3.767661 0.030000 3.648407 0.030000 3.789628 0.030000 3.664483 0.030000 4.752301 0.030000 4.640222 0.030000 6.187881 0.030000 6.143690 0.030000
4.814737 0.030000 4.653028 0.030000 3.869808 0.030000 3.708338 0.030000 3.901877 0.030000 3.800872 0.030000 4.855501 0.030000 4.714823 0.030000 6.318599 0.030000 6.168174 0.030000
4.952165 0.030000 4.720317 0.030000 4.009434 0.030000 3.847528 0.030000 4.090620 0.030000 3.842876 0.030000 4.955222 0.030000 4.791164 0.030000 6.907366 0.150000 6.459157 0.150000
4.983339 0.030000 4.896301 0.150000 4.220538 0.030000 3.966151 0.030000 4.151596 0.030000 3.988715 0.030000 5.069692 0.030000 4.880630 0.030000 6.503803 0.030000 6.394570 0.030000
5.144824 0.030000 4.954958 0.030000 4.283327 0.030000 4.106857 0.030000 4.315100 0.030000 4.126601 0.030000 5.199965 0.030000 5.023806 0.030000 6.532793 0.030000 6.418181 0.030000
5.183369 0.030000 5.061348 0.030000 4.391947 0.150000 4.211531 0.030000 4.409530 0.030000 4.238381 0.030000 5.231753 0.030000 5.179134 0.150000 6.658841 0.030000 6.493477 0.030000
5.338953 0.030000 5.091890 0.030000 4.555096 0.030000 4.283619 0.030000 4.533433 0.030000 4.328451 0.030000 6.131298 0.150000 5.195829 0.030000 6.708725 0.030000 6.568435 0.030000
5.438582 0.030000 5.286344 0.030000 4.677466 0.030000 4.430716 0.030000 4.689655 0.030000 4.489301 0.030000 5.455330 0.030000 5.284089 0.030000 6.803308 0.030000 6.656007 0.030000
5.544190 0.030000 5.349551 0.030000 4.758208 0.030000 4.584795 0.030000 4.797871 0.030000 4.609099 0.030000 5.546324 0.030000 5.395995 0.030000 6.835966 0.030000 6.758683 0.030000
5.693851 0.030000 5.462846 0.030000 4.900841 0.030000 5.677788 0.150000 4.957953 0.030000 4.457402 0.150000 5.689643 0.030000 5.510762 0.030000 7.446611 0.150000 6.813441 0.030000
5.757694 0.030000 5.564226 0.030000 5.087151 0.030000 4.831968 0.030000 5.022730 0.030000 4.892052 0.030000 5.760396 0.030000 5.593805 0.030000 7.004881 0.030000 6.917933 0.030000
5.824419 0.030000 5.749570 0.030000 5.134905 0.030000 4.916145 0.030000 5.168120 0.030000 4.969137 0.030000 5.909791 0.030000 5.678697 0.030000 7.128538 0.030000 6.961032 0.030000
6.003180 0.030000 5.817943 0.030000 5.704988 0.150000 5.080062 0.030000 6.481831 0.150000 5.073239 0.030000 5.994383 0.030000 5.810955 0.030000 7.267023 0.030000 7.332311 0.150000
6.092410 0.030000 5.908464 0.030000 5.394884 0.030000 5.256724 0.030000 5.445405 0.030000 5.192226 0.030000 6.101871 0.030000 6.134989 0.150000 7.324793 0.030000 7.160597 0.030000
6.161258 0.030000 6.046095 0.030000 5.489501 0.030000 5.285768 0.030000 5.499924 0.030000 5.313602 0.030000 6.148409 0.030000 6.036684 0.030000 7.422517 0.030000 7.314389 0.030000
6.304326 0.030000 6.145779 0.030000 5.635633 0.030000 5.405353 0.030000 5.593332 0.030000 5.472098 0.030000 6.356080 0.030000 6.143370 0.030000 8.184938 0.150000 7.114048 0.150000
6.298171 0.150000 6.231224 0.030000 5.778967 0.030000 5.521547 0.030000 5.769775 0.030000 5.586613 0.030000 7.006105 0.150000 6.235671 0.030000 7.616295 0.030000 7.403087 0.030000
6.597719 0.030000 6.318033 0.030000 5.868161 0.030000 5.700160 0.030000 5.866756 0.030000 5.656422 0.030000 6.504755 0.030000 6.366280 0.030000 7.651800 0.030000 7.534636 0.030000
6.846118 0.150000 6.486835 0.030000 6.032876 0.030000 5.848300 0.030000 6.029686 0.030000 5.814169 0.030000 6.647550 0.030000 6.497896 0.030000 7.774590 0.030000 7.631429 0.030000
6.788036 0.030000 6.592296 0.030000 6.132635 0.030000 5.919426 0.030000 6.131694 0.030000 5.944658 0.030000 6.738699 0.030000 6.831822 0.150000 7.768158 0.030000 7.653362 0.030000
6.907441 0.030000 6.634987 0.030000 6.264424 0.030000 6.122122 0.030000 6.232807 0.030000 6.048546 0.030000 6.873655 0.030000 6.687727 0.030000 7.950760 0.030000 8.334246 0.150000
6.954075 0.030000 6.835112 0.030000 6.368310 0.030000 6.188663 0.030000 6.349233 0.030000 6.097166 0.030000 6.973643 0.030000 6.744471 0.030000 8.054553 0.030000 7.882662 0.030000
7.088936 0.030000 6.840878 0.030000 6.405912 0.030000 6.313102 0.030000 7.057859 0.150000 6.224514 0.030000 7.120556 0.030000 6.879171 0.030000 8.070584 0.030000 7.936863 0.030000
7.183718 0.030000 6.967685 0.030000 6.536363 0.030000 6.370314 0.030000 6.556693 0.030000 6.597953 0.150000 7.150149 0.030000 8.578035 0.150000 8.165254 0.030000 8.009801 0.030000
7.194180 0.030000 6.996957 0.030000 6.611291 0.030000 6.169527 0.150000 6.592218 0.030000 6.445880 0.030000 7.174543 0.030000 7.022072 0.030000 8.210137 0.030000 8.096230 0.030000
7.261767 0.030000 7.085611 0.030000 6.710712 0.030000 6.482361 0.030000 6.872898 0.150000 6.566957 0.150000 7.257531 0.030000 7.395451 0.150000 8.293929 0.030000 8.109836 0.030000
7.633443 0.150000 7.109562 0.150000 6.753736 0.030000 6.559404 0.030000 6.795835 0.030000 6.506191 0.030000 7.562435 0.150000 7.088284 0.030000 8.337768 0.030000 8.155182 0.030000
7.321744 0.030000 7.190419 0.030000 6.788686 0.030000 6.590591 0.030000 6.819077 0.030000 6.590539 0.030000 7.360559 0.030000 7.157003 0.030000 8.366576 0.030000 8.181882 0.030000
7.381069 0.030000 7.169771 0.030000 6.875563 0.030000 6.628982 0.030000 6.872689 0.030000 6.632117 0.030000 7.391786 0.030000 7.195049 0.030000 8.395697 0.030000 8.218856 0.030000
7.428003 0.030000 7.238820 0.030000 6.881068 0.030000 6.613546 0.030000 6.886708 0.030000 6.693857 0.030000 7.416339 0.030000 7.241563 0.030000 8.393546 0.030000 8.224058 0.030000
7.477937 0.030000 7.272607 0.030000 6.898777 0.030000 6.668319 0.030000 6.891478 0.030000 6.665990 0.030000 7.466315 0.030000 7.238836 0.030000 8.447260 0.030000 8.237977 0.030000
7.545324 0.030000 7.366674 0.030000 6.940887 0.030000 6.780496 0.030000 6.921599 0.030000 6.798306 0.030000 7.443676 0.030000 7.336343 0.030000 8.414746 0.030000 8.339105 0.030000
7.587101 0.030000 7.481194 0.030000 7.018697 0.030000 6.879188 0.030000 6.935576 0.030000 6.889028 0.030000 7.419035 0.030000 7.392763 0.030000 8.439153 0.150000 8.392345 0.030000
7.999889 0.150000 7.557448 0.030000 7.018109 0.030000 6.927700 0.030000 6.946817 0.030000 6.994903 0.030000 7.475337 0.030000 7.524362 0.150000 9.335199 0.150000 8.494236 0.030000
8.251984 0.150000 7.623949 0.030000 7.097520 0.030000 7.045564 0.030000 6.931518 0.030000 6.989429 0.030000 7.424302 0.030000 7.422674 0.030000 8.803067 0.150000 8.319410 0.030000
7.825584 0.030000 7.721710 0.030000 7.082096 0.150000 7.092404 0.030000 6.973766 0.030000 7.000105 0.030000 7.406585 0.030000 7.429285 0.030000 8.222439 0.030000 8.327551 0.030000
7.827536 0.030000 7.778944 0.030000 7.178973 0.030000 7.115963 0.030000 6.961798 0.030000 6.982986 0.030000 7.317462 0.030000 7.399161 0.030000 8.234701 0.030000 8.772099 0.150000
7.894896 0.030000 8.087798 0.150000 7.159520 0.030000 7.160143 0.030000 6.955526 0.030000 6.978674 0.030000 7.298222 0.030000 7.321299 0.030000 8.118379 0.030000 8.199920 0.030000
8.338531 0.150000 7.929919 0.030000 7.295018 0.030000 7.188350 0.030000 7.267027 0.150000 7.023754 0.030000 7.248269 0.030000 7.355128 0.030000 8.129601 0.030000 8.142010 0.030000
8.012491 0.150000 8.013335 0.030000 7.295381 0.030000 7.194408 0.030000 6.963162 0.030000 6.960310 0.030000 7.224149 0.030000 7.435616 0.150000 8.582845 0.150000 8.102950 0.030000
8.182779 0.030000 7.984785 0.030000 7.307063 0.030000 7.245061 0.030000 7.006792 0.030000 6.991498 0.030000 7.253628 0.030000 7.254603 0.030000 7.915152 0.030000 7.998528 0.030000
8.180364 0.030000 8.084128 0.030000 7.375167 0.030000 7.288365 0.030000 6.942007 0.030000 6.968942 0.030000 7.378186 0.150000 7.264342 0.030000 7.929132 0.030000 7.942880 0.030000
8.251304 0.030000 8.149522 0.030000 7.361556 0.030000 7.333097 0.030000 7.211367 0.150000 6.929527 0.030000 7.109051 0.030000 7.178947 0.030000 7.829910 0.030000 7.892046 0.030000
8.437016 0.150000 8.191946 0.030000 7.401130 0.030000 7.369382 0.030000 6.979021 0.030000 7.033928 0.030000 7.172666 0.030000 7.180879 0.030000 7.828884 0.030000 7.897858 0.030000
8.394968 0.030000 8.201502 0.030000 7.479085 0.030000 7.320172 0.030000 6.971558 0.030000 7.000517 0.030000 7.152624 0.030000 7.148229 0.030000 7.752232 0.030000 7.874677 0.030000
8.370137 0.030000 8.257180 0.030000 7.438908 0.030000 7.382095 0.030000 7.003161 0.030000 7.033104 0.030000 7.149946 0.030000 7.187498 0.030000 7.766013 0.030000 7.862681 0.030000
8.426033 0.030000 8.340246 0.030000 7.393925 0.150000 7.444543 0.030000 7.006557 0.030000 7.038119 0.030000 7.131750 0.030000 7.198054 0.150000 7.831949 0.150000 7.798026 0.030000
8.400279 0.030000 8.332774 0.030000 7.494088 0.030000 7.428830 0.030000 7.034701 0.030000 7.022608 0.030000 7.112425 0.030000 7.331089 0.150000 7.937750 0.150000 7.797146 0.030000
8.490841 0.030000 8.350885 0.030000 7.737863 0.150000 7.442060 0.030000 7.076884 0.030000 7.046103 0.030000 7.071950 0.150000 7.148297 0.030000 7.688702 0.030000 7.963574 0.150000
8.461172 0.030000 8.367678 0.030000 7.562758 0.030000 7.517073 0.030000 7.073318 0.030000 7.068950 0.030000 7.059119 0.030000 7.120843 0.030000 7.672153 0.030000 7.793274 0.030000
8.429973 0.030000 8.439804 0.030000 7.528039 0.030000 7.500287 0.030000 7.025764 0.030000 7.101593 0.030000 7.091986 0.030000 7.179092 0.030000 7.657530 0.030000 7.792937 0.030000
8.412193 0.030000 8.478802 0.030000 7.484168 0.030000 7.465688 0.030000 6.935549 0.030000 7.655632 0.150000 7.416891 0.150000 7.107090 0.030000 7.545385 0.030000 7.799744 0.030000
8.355534 0.150000 8.817582 0.150000 7.374143 0.030000 7.497048 0.030000 6.879189 0.030000 6.984522 0.030000 6.927371 0.030000 7.058585 0.030000 8.139263 0.150000 7.679334 0.030000
8.397354 0.150000 8.404044 0.030000 7.297368 0.030000 7.459135 0.030000 7.318185 0.150000 6.931764 0.030000 6.771363 0.030000 6.954123 0.030000 7.382106 0.030000 7.547822 0.030000
8.234294 0.030000 8.382210 0.030000 7.161333 0.030000 7.344517 0.030000 6.645072 0.030000 6.857526 0.030000 6.704323 0.030000 6.848448 0.030000 7.229072 0.030000 7.459501 0.030000
8.103206 0.030000 8.220109 0.030000 7.030022 0.030000 7.268166 0.030000 6.461501 0.030000 6.737628 0.030000 6.529410 0.030000 6.762010 0.030000 7.175800 0.030000 7.366664 0.030000
8.011628 0.030000 8.190362 0.030000 6.908956 0.030000 7.145417 0.030000 6.407546 0.030000 6.561159 0.030000 6.422161 0.030000 6.601441 0.030000 7.038842 0.030000 7.204276 0.030000
8.062727 0.150000 8.100048 0.030000 6.850910 0.030000 7.002987 0.030000 6.269848 0.030000 6.450332 0.030000 6.278154 0.030000 6.501574 0.030000 6.895809 0.030000 7.098169 0.030000
7.781744 0.030000 7.980604 0.030000 6.720528 0.030000 6.905395 0.030000 6.154066 0.030000 6.336452 0.030000 6.174393 0.030000 6.348423 0.030000 6.824158 0.030000 6.937349 0.030000
7.690650 0.030000 8.637654 0.150000 6.690739 0.030000 6.776496 0.030000 6.043207 0.030000 6.219014 0.030000 5.992203 0.030000 6.235093 0.030000 8.356043 0.150000 6.847041 0.030000
7.578526 0.030000 7.734946 0.030000 6.546207 0.030000 6.725554 0.030000 5.880252 0.030000 6.036701 0.030000 5.979701 0.030000 6.129473 0.030000 6.613345 0.030000 6.810331 0.030000
7.570788 0.030000 7.651715 0.030000 6.369458 0.030000 6.556624 0.030000 5.770781 0.030000 5.942506 0.030000 5.803963 0.030000 6.009526 0.030000 6.479881 0.030000 6.638794 0.030000
7.394435 0.030000 7.564003 0.030000 6.298778 0.030000 6.479057 0.030000 5.623856 0.030000 5.870226 0.030000 5.721112 0.030000 5.871497 0.030000 6.353343 0.030000 6.679215 0.150000
7.683284 0.150000 7.476454 0.030000 6.171409 0.030000 6.361382 0.030000 5.537313 0.030000 5.699618 0.030000 5.564361 0.030000 6.267981 0.150000 6.234232 0.030000 6.465402 0.030000
7.311042 0.030000 7.387017 0.030000 6.086563 0.030000 6.260627 0.030000 5.419411 0.030000 5.580854 0.030000 5.411078 0.030000 5.617632 0.030000 6.138499 0.030000 6.346976 0.030000
7.134298 0.030000 7.295103 0.030000 6.012677 0.030000 6.175647 0.030000 5.217530 0.030000 6.297830 0.150000 5.327758 0.030000 5.862946 0.150000 6.074353 0.030000 6.185667 0.030000
7.077956 0.030000 7.194188 0.030000 5.847175 0.030000 6.014678 0.030000 5.154190 0.030000 5.379587 0.030000 5.193784 0.030000 5.364916 0.030000 5.870761 0.030000 6.036628 0.030000
6.992664 0.030000 7.104541 0.030000 5.815575 0.030000 5.912582 0.030000 5.066188 0.030000 5.261795 0.030000 5.018593 0.030000 5.221113 0.030000 5.664850 0.150000 5.989051 0.030000
7.158140 0.150000 7.003233 0.030000 5.667144 0.030000 5.863743 0.030000 4.926377 0.030000 5.101418 0.030000 4.947417 0.030000 5.146399 0.030000 5.664895 0.030000 5.856230 0.030000
6.832557 0.030000 7.018522 0.030000 5.532665 0.030000 5.656294 0.030000 4.742297 0.030000 4.964208 0.030000 4.816973 0.030000 4.999349 0.030000 5.839792 0.150000 5.811039 0.030000
6.680208 0.030000 6.848806 0.030000 5.448564 0.030000 5.615544 0.030000 4.719433 0.030000 4.870169 0.030000 4.689604 0.030000 4.899389 0.030000 5.266532 0.150000 5.684042 0.030000
6.629122 0.030000 6.827115 0.030000 5.353699 0.030000 5.517877 0.030000 4.502375 0.030000 4.679772 0.030000 4.570027 0.030000 4.774195 0.030000 5.781842 0.150000 5.590012 0.030000
6.518690 0.030000 6.722944 0.030000 5.233012 0.030000 5.388197 0.030000 4.416692 0.030000 4.555054 0.030000 4.890290 0.150000 5.075044 0.150000 5.285011 0.030000 5.467017 0.030000
6.484200 0.030000 6.891228 0.150000 5.101892 0.030000 5.298691 0.030000 4.278772 0.030000 4.457636 0.030000 4.292469 0.030000 4.548572 0.030000 5.144154 0.030000 5.368194 0.030000
6.371923 0.030000 6.580806 0.030000 5.027856 0.030000 5.216547 0.030000 4.170176 0.030000 4.389878 0.030000 4.207469 0.030000 4.391962 0.030000 5.098923 0.030000 5.330395 0.150000
6.319255 0.030000 6.436109 0.030000 4.933787 0.030000 5.112535 0.030000 4.082201 0.030000 4.235476 0.030000 4.116399 0.150000 4.245219 0.030000 5.015041 0.030000 5.600689 0.150000
6.286229 0.030000 6.321513 0.030000 4.798273 0.030000 5.040862 0.030000 3.937112 0.030000 4.086136 0.030000 4.018392 0.030000 4.135667 0.030000 4.884532 0.030000 5.044932 0.030000
6.209023 0.030000 6.305031 0.030000 5.038546 0.150000 4.854529 0.030000 3.795258 0.030000 4.002796 0.030000 3.859417 0.030000 4.400583 0.150000 4.753866 0.030000 5.302683 0.150000
6.152255 0.030000 6.212539 0.030000 4.664131 0.030000 4.784407 0.030000 3.752614 0.030000 3.924032 0.030000 3.710297 0.030000 3.893039 0.030000 4.638467 0.030000 4.852722 0.030000
6.017680 0.030000 6.152066 0.030000 4.470809 0.030000 4.723007 0.030000 3.541242 0.030000 3.784016 0.030000 3.649013 0.150000 3.782856 0.030000 4.588396 0.030000 4.719568 0.030000
5.949792 0.030000 6.094552 0.030000 4.719253 0.150000 4.594243 0.030000 3.494678 0.030000 3.697739 0.030000 3.416712 0.030000 3.695290 0.030000 4.502563 0.030000 4.662875 0.030000
5.894146 0.030000 6.025945 0.030000 4.411832 0.030000 4.541136 0.030000 3.327839 0.030000 3.501105 0.030000 3.391908 0.030000 3.558395 0.030000 4.387657 0.030000 4.877072 0.150000
5.840648 0.030000 5.940962 0.030000 4.240849 0.030000 4.437837 0.030000 3.616949 0.150000 3.430338 0.030000 3.205969 0.030000 3.357134 0.150000 4.331696 0.030000 6.032262 0.150000
6.598350 0.150000 5.875600 0.030000 4.171928 0.030000 4.322348 0.030000 3.107705 0.030000 3.290128 0.030000 3.134189 0.030000 3.286056 0.030000 4.225327 0.030000 4.353167 0.030000
5.731533 0.030000 5.849295 0.030000 4.082275 0.030000 4.243108 0.030000 2.996534 0.030000 3.171140 0.030000 3.001498 0.030000 3.175678 0.030000 4.174891 0.030000 4.291821 0.030000
5.691043 0.030000 5.744524 0.030000 4.072016 0.030000 4.131389 0.030000 2.891071 0.030000 3.022040 0.030000 2.866403 0.030000 2.948665 0.150000 4.100891 0.030000 4.195660 0.030000
5.582223 0.030000 5.669637 0.030000 4.848395 0.150000 4.067417 0.030000 2.799173 0.030000 2.922973 0.030000 3.370286 0.150000 2.992710 0.030000 3.999379 0.030000 4.118866 0.030000
5.535110 0.030000 5.623765 0.030000 3.845494 0.030000 4.086914 0.150000 2.647636 0.030000 2.783439 0.030000 2.667366 0.030000 2.825401 0.030000 3.899135 0.030000 4.001201 0.030000
5.521408 0.030000 5.559411 0.030000 3.747669 0.030000 3.856741 0.030000 2.585775 0.030000 2.662056 0.030000 2.589490 0.030000 2.693182 0.030000 3.790504 0.030000 3.903899 0.030000
5.450671 0.030000 6.282106 0.150000 3.656895 0.030000 4.095483 0.150000 2.407299 0.030000 2.594526 0.030000 2.466548 0.030000 2.621802 0.030000 3.750284 0.030000 3.795848 0.030000
5.440329 0.150000 5.416343 0.030000 3.641606 0.030000 4.176685 0.150000 2.341827 0.030000 2.472003 0.030000 2.284767 0.030000 2.483845 0.030000 3.667331 0.030000 3.768965 0.030000
5.379016 0.030000 5.499641 0.030000 3.564608 0.030000 3.706011 0.030000 2.207157 0.030000 2.350901 0.030000 2.223357 0.030000 2.378584 0.030000 3.916802 0.150000 3.692624 0.030000
5.334747 0.030000 5.743958 0.150000 3.514278 0.030000 3.594456 0.030000 2.309965 0.150000 2.249874 0.030000 2.062708 0.030000 2.269358 0.030000 3.518194 0.030000 3.587875 0.030000
5.237265 0.030000 5.980941 0.150000 3.470804 0.030000 3.706226 0.150000 1.970478 0.030000 2.191102 0.030000 1.993286 0.030000 2.196290 0.030000 3.438987 0.030000 3.640759 0.030000
5.232449 0.030000 5.353646 0.030000 3.458291 0.030000 3.476652 0.030000 1.897853 0.030000 2.042523 0.030000 1.850246 0.030000 2.051479 0.030000 3.438763 0.030000 3.541502 0.030000
5.225375 0.030000 5.348066 0.030000 3.361477 0.030000 3.427293 0.030000 1.846320 0.030000 2.309206 0.150000 1.779479 0.030000 1.989579 0.030000 3.409306 0.030000 3.709693 0.150000
5.288816 0.030000 5.291091 0.030000 3.359455 0.150000 3.406741 0.030000 1.782370 0.030000 1.920174 0.030000 1.769205 0.030000 1.964552 0.030000 3.338632 0.030000 3.426028 0.030000
5.239947 0.030000 5.225594 0.030000 3.288072 0.030000 4.048168 0.150000 1.718380 0.030000 1.883883 0.030000 1.701209 0.030000 1.901196 0.030000 3.341951 0.030000 3.392362 0.030000
5.218682 0.030000 5.279277 0.030000 3.330104 0.030000 3.354416 0.030000 1.688238 0.030000 1.816822 0.030000 1.671275 0.030000 1.825519 0.030000 3.294267 0.030000 3.362585 0.030000
5.158087 0.030000 5.219739 0.030000 3.275133 0.030000 3.315506 0.030000 1.687185 0.030000 1.775218 0.030000 1.627306 0.030000 1.790571 0.030000 3.269027 0.030000 3.363493 0.030000
5.210319 0.030000 5.246464 0.030000 3.239766 0.030000 3.402484 0.030000 1.580121 0.030000 1.772216 0.030000 1.600643 0.030000 2.272826 0.150000 3.292974 0.030000 3.345441 0.030000
5.180377 0.030000 5.183378 0.030000 3.218477 0.030000 3.318494 0.030000 1.603931 0.030000 1.726574 0.030000 1.617279 0.030000 1.786595 0.030000 3.194225 0.030000 3.340661 0.030000
5.498655 0.150000 5.195249 0.030000 3.278409 0.030000 3.254040 0.030000 1.626114 0.030000 1.697331 0.030000 1.497644 0.030000 1.682209 0.030000 3.727091 0.150000 3.301443 0.030000
5.277827 0.030000 6.352015 0.150000 3.318854 0.030000 3.259719 0.030000 1.586895 0.030000 1.573721 0.030000 1.403635 0.030000 1.623546 0.030000 3.571535 0.150000 3.246431 0.030000
5.348616 0.030000 5.155843 0.030000 3.401500 0.030000 3.312904 0.030000 1.860920 0.150000 1.624297 0.030000 1.387156 0.030000 1.500342 0.030000 4.392795 0.150000 3.168374 0.030000
6.017494 0.150000 5.242120 0.030000 3.480914 0.030000 3.310290 0.030000 1.707121 0.030000 2.282582 0.150000 1.293499 0.030000 1.370166 0.030000 2.851081 0.030000 3.094587 0.030000
5.573967 0.030000 5.377981 0.030000 3.639512 0.030000 3.476565 0.030000 1.847600 0.030000 1.659373 0.030000 1.170386 0.030000 1.343251 0.030000 2.748420 0.030000 2.973189 0.030000
5.731878 0.030000 5.512864 0.030000 3.683405 0.030000 3.567577 0.030000 2.311124 0.150000 1.727379 0.030000 1.128331 0.030000 1.209318 0.030000 2.576256 0.030000 2.785383 0.030000
5.787276 0.030000 5.644020 0.030000 3.845710 0.030000 3.629012 0.030000 2.000038 0.030000 1.871303 0.030000 1.101078 0.030000 1.407446 0.150000 2.566139 0.030000 2.700472 0.030000
5.969240 0.030000 5.968870 0.150000 3.972244 0.030000 3.768422 0.030000 2.079245 0.030000 1.956322 0.030000 1.060452 0.030000 1.119432 0.030000 2.426926 0.030000 2.603837 0.030000
6.117853 0.150000 5.906105 0.030000 4.112320 0.030000 3.898901 0.030000 2.247143 0.030000 2.037707 0.030000 1.065353 0.030000 1.053535 0.030000 2.266863 0.030000 2.462529 0.030000
6.203576 0.030000 5.991458 0.030000 4.175257 0.030000 4.072575 0.150000 2.304015 0.030000 2.145626 0.030000 1.028326 0.150000 1.060638 0.030000 2.221436 0.030000 2.350082 0.030000
6.271139 0.030000 6.118940 0.030000 4.296596 0.030000 4.170675 0.030000 2.605722 0.150000 2.358389 0.150000 1.001481 0.030000 1.054228 0.030000 2.082763 0.030000 2.031581 0.150000
6.380091 0.030000 6.221937 0.030000 4.402901 0.030000 4.274529 0.030000 2.535898 0.030000 3.256232 0.150000 1.056758 0.030000 1.018354 0.030000 1.986330 0.030000 2.183115 0.150000
6.497492 0.030000 6.202154 0.030000 4.537037 0.030000 4.272024 0.030000 2.596126 0.030000 2.452550 0.030000 1.053290 0.030000 1.062960 0.030000 1.911676 0.030000 2.025958 0.030000
6.532662 0.030000 6.356587 0.030000 4.622193 0.030000 4.431751 0.030000 2.695197 0.030000 2.487025 0.030000 1.163266 0.030000 1.117328 0.030000 1.820144 0.030000 2.004822 0.030000
6.658676 0.030000 6.427382 0.150000 4.645285 0.030000 4.486006 0.030000 2.777731 0.030000 2.574386 0.030000 1.408172 0.150000 1.081921 0.030000 1.760062 0.030000 1.945416 0.030000
6.696422 0.030000 6.513905 0.030000 4.712614 0.030000 4.550800 0.030000 2.792752 0.030000 2.583580 0.030000 1.200982 0.150000 1.053171 0.030000 1.749454 0.030000 1.816609 0.030000
6.799948 0.030000 6.548659 0.030000 4.829683 0.030000 4.626808 0.030000 2.903115 0.030000 2.666229 0.030000 1.734223 0.150000 1.090715 0.030000 1.645546 0.030000 1.932718 0.150000
6.785431 0.030000 6.624254 0.030000 4.877956 0.030000 4.634728 0.030000 2.955796 0.030000 2.739129 0.030000 1.252610 0.030000 1.393694 0.150000 1.607808 0.030000 1.825308 0.030000
6.798018 0.030000 6.548921 0.030000 4.737163 0.150000 4.656610 0.030000 3.446537 0.150000 3.134964 0.150000 1.265249 0.030000 1.190992 0.030000 1.583911 0.030000 1.796365 0.030000
6.880276 0.030000 6.688832 0.030000 4.918686 0.030000 4.719137 0.030000 2.979148 0.030000 2.762437 0.030000 1.311582 0.030000 1.202070 0.030000 1.577306 0.030000 1.714957 0.030000
6.951227 0.030000 6.707032 0.030000 4.929459 0.030000 4.748738 0.030000 3.019855 0.030000 2.817218 0.030000 1.300260 0.030000 1.149693 0.030000 1.557010 0.030000 1.666267 0.030000
6.922635 0.030000 6.738098 0.030000 4.988361 0.030000 4.794569 0.030000 3.070118 0.030000 2.834591 0.030000 1.349469 0.030000 1.180136 0.030000 1.608041 0.030000 1.620902 0.030000
6.962351 0.030000 6.915449 0.030000 5.019401 0.030000 4.908541 0.030000 3.143813 0.030000 3.167420 0.150000 2.353050 0.150000 1.367399 0.030000 1.635341 0.030000 1.599306 0.030000
7.044182 0.030000 6.974968 0.030000 5.272084 0.150000 5.030460 0.030000 3.238513 0.030000 3.478255 0.150000 1.604936 0.030000 1.972530 0.150000 1.698676 0.030000 2.128561 0.150000
7.073681 0.030000 7.055508 0.030000 5.151355 0.030000 5.252745 0.150000 3.260310 0.030000 3.152258 0.030000 1.699347 0.030000 1.922962 0.150000 1.760902 0.030000 1.688475 0.030000
7.095515 0.030000 7.072099 0.150000 5.169710 0.030000 5.223176 0.150000 3.276686 0.030000 3.184685 0.030000 1.815216 0.030000 1.619834 0.030000 1.930729 0.030000 1.751475 0.030000
7.153639 0.030000 7.092826 0.030000 5.192685 0.030000 5.174760 0.030000 3.332174 0.030000 3.296606 0.030000 1.912121 0.030000 2.059849 0.150000 1.982744 0.030000 1.900458 0.030000
7.134879 0.030000 7.057517 0.030000 5.539184 0.150000 5.163469 0.030000 3.434414 0.030000 3.325165 0.030000 2.045578 0.030000 1.908447 0.030000 2.140810 0.030000 1.976514 0.030000
7.219075 0.030000 7.107375 0.030000 5.346666 0.030000 5.199253 0.030000 3.493928 0.030000 3.425838 0.030000 2.171090 0.030000 1.969942 0.030000 2.524426 0.150000 2.291398 0.150000
7.225622 0.030000 7.164673 0.030000 5.342719 0.030000 5.285299 0.030000 3.587585 0.030000 3.460545 0.030000 2.325719 0.030000 2.083129 0.030000 2.360064 0.030000 2.159729 0.030000
7.260180 0.030000 7.216694 0.030000 5.394707 0.030000 5.362460 0.030000 3.706216 0.030000 3.515001 0.030000 2.338132 0.030000 2.237678 0.030000 2.449996 0.030000 2.237118 0.030000
7.362574 0.030000 7.220368 0.030000 5.464410 0.030000 5.380780 0.030000 3.798046 0.030000 3.536884 0.030000 2.550453 0.030000 2.364798 0.030000 2.587649 0.030000 2.488084 0.030000
7.416206 0.030000 7.317666 0.030000 5.503918 0.030000 5.398402 0.030000 3.839420 0.030000 3.739253 0.030000 2.621148 0.030000 2.424368 0.030000 2.792303 0.150000 2.441692 0.030000
7.428190 0.030000 7.304659 0.030000 5.593781 0.030000 5.456124 0.030000 3.917882 0.030000 4.253729 0.150000 2.762498 0.030000 2.560817 0.030000 2.824532 0.030000 2.588167 0.030000
7.644913 0.150000 7.386008 0.030000 5.645197 0.030000 5.465462 0.030000 3.896534 0.150000 3.834320 0.030000 2.838503 0.030000 2.691153 0.030000 2.919193 0.030000 2.685979 0.030000
7.523038 0.030000 7.726363 0.150000 5.675217 0.030000 5.603921 0.030000 3.999753 0.030000 4.002786 0.030000 3.794944 0.150000 2.757342 0.030000 3.008782 0.030000 2.816622 0.030000
7.756971 0.150000 7.487346 0.030000 5.836340 0.150000 5.608710 0.030000 4.152774 0.030000 4.331193 0.150000 3.113400 0.030000 2.907259 0.030000 3.129400 0.030000 3.307580 0.150000
7.567256 0.030000 7.547514 0.030000 5.848009 0.030000 5.673790 0.030000 4.242901 0.030000 4.078686 0.030000 3.237733 0.030000 3.112595 0.030000 3.303028 0.030000 3.091204 0.030000
7.649944 0.150000 7.567063 0.030000 5.878987 0.030000 5.813834 0.030000 4.352056 0.030000 4.232194 0.030000 3.318591 0.030000 3.185840 0.030000 3.334940 0.030000 3.244986 0.030000
7.684315 0.030000 7.605162 0.030000 5.961034 0.030000 5.833092 0.030000 4.408226 0.030000 4.326401 0.030000 3.469558 0.030000 3.280071 0.030000 3.500033 0.030000 3.356582 0.030000
7.818944 0.030000 7.724831 0.150000 6.025316 0.030000 5.920814 0.030000 4.606922 0.150000 4.375822 0.030000 3.614958 0.030000 3.379164 0.030000 3.611270 0.030000 3.390528 0.030000
7.794222 0.030000 8.008192 0.150000 6.075336 0.030000 6.016091 0.030000 4.601827 0.030000 4.515261 0.030000 3.772357 0.030000 3.553242 0.030000 3.744897 0.030000 3.534753 0.030000
7.839321 0.030000 7.831445 0.030000 6.208990 0.030000 6.069492 0.030000 4.893670 0.150000 4.561895 0.030000 3.877107 0.030000 3.599830 0.030000 3.858490 0.030000 3.678941 0.030000
7.938154 0.030000 7.980621 0.150000 6.297811 0.030000 6.173624 0.030000 4.906274 0.030000 4.676966 0.030000 3.945829 0.030000 3.783097 0.030000 3.989131 0.030000 3.776686 0.030000
8.063693 0.030000 7.899552 0.030000 6.343669 0.030000 6.414691 0.150000 5.014114 0.030000 4.821365 0.030000 4.055833 0.030000 3.862257 0.030000 4.108491 0.030000 3.884377 0.030000
8.071837 0.030000 7.976726 0.030000 6.469300 0.030000 6.306175 0.030000 5.102092 0.030000 4.911602 0.030000 4.190129 0.030000 4.012324 0.030000 4.229185 0.030000 4.052775 0.030000
8.159270 0.030000 8.046769 0.030000 6.542690 0.030000 6.361364 0.030000 5.190263 0.030000 4.954825 0.030000 4.356748 0.030000 4.145730 0.030000 4.335217 0.030000 4.150259 0.030000
8.595582 0.150000 8.151953 0.030000 6.585755 0.030000 6.493349 0.030000 5.280813 0.030000 5.125512 0.030000 4.420800 0.030000 4.247373 0.030000 4.455782 0.030000 4.188535 0.150000
8.221025 0.030000 8.178340 0.030000 6.719963 0.030000 6.786646 0.150000 5.341502 0.030000 5.193912 0.030000 4.535380 0.030000 4.375482 0.030000 4.568798 0.030000 4.404701 0.030000
8.362975 0.030000 8.301329 0.030000 6.779006 0.030000 6.913648 0.150000 5.457865 0.030000 5.261876 0.030000 4.681541 0.030000 4.492558 0.030000 4.712866 0.030000 4.504060 0.030000
8.390866 0.030000 8.295459 0.030000 6.848686 0.030000 6.728151 0.030000 5.564577 0.030000 5.370361 0.030000 4.810200 0.030000 4.665079 0.030000 4.833882 0.030000 4.653016 0.030000
8.474919 0.030000 8.380527 0.030000 6.931744 0.030000 6.778891 0.030000 6.578476 0.150000 5.504614 0.030000 5.287240 0.150000 4.790908 0.030000 4.924988 0.030000 4.770090 0.030000
8.535296 0.030000 8.481130 0.030000 7.059890 0.030000 6.824401 0.030000 6.385666 0.150000 5.490216 0.030000 5.011387 0.030000 4.888200 0.030000 5.080681 0.030000 4.916561 0.030000
8.638531 0.030000 8.508156 0.030000 7.180584 0.030000 6.963154 0.030000 5.943962 0.030000 6.015154 0.150000 5.219622 0.030000 5.450212 0.150000 5.137367 0.030000 4.976951 0.030000
8.676141 0.030000 8.566390 0.030000 7.160170 0.030000 7.077508 0.030000 6.040001 0.030000 5.859868 0.030000 5.402103 0.030000 5.094124 0.030000 5.316953 0.030000 5.119656 0.030000
8.744538 0.030000 9.283071 0.150000 7.291718 0.030000 7.153261 0.030000 6.089647 0.030000 5.882984 0.030000 5.471568 0.030000 5.264990 0.030000 5.439287 0.030000 5.191542 0.030000
8.870931 0.150000 8.761483 0.030000 7.348570 0.030000 7.224873 0.030000 6.231273 0.030000 6.009518 0.030000 5.561515 0.030000 5.381914 0.030000 5.569486 0.030000 5.380148 0.030000
9.052163 0.150000 8.817570 0.030000 7.663184 0.150000 7.357143 0.030000 6.620594 0.150000 6.152019 0.030000 5.639392 0.030000 5.490642 0.030000 5.631343 0.030000 5.500644 0.030000
9.000516 0.030000 8.880893 0.030000 7.571124 0.030000 7.371220 0.030000 6.483456 0.030000 6.233232 0.030000 5.805121 0.030000 5.615323 0.030000 5.778226 0.030000 5.628558 0.030000
9.057949 0.030000 8.955754 0.030000 8.816657 0.150000 7.526441 0.030000 6.541650 0.030000 6.399193 0.030000 5.928424 0.030000 5.732994 0.030000 5.928245 0.030000 5.731119 0.030000
9.169839 0.030000 9.049687 0.030000 7.740112 0.030000 7.630026 0.030000 6.668725 0.030000 6.461704 0.030000 6.008864 0.030000 5.851719 0.030000 6.132328 0.030000 5.845900 0.030000
9.245556 0.030000 9.152808 0.030000 7.881695 0.030000 7.731900 0.030000 6.779662 0.030000 6.635302 0.030000 6.144245 0.030000 5.958268 0.030000 6.186839 0.030000 6.017450 0.030000
9.340535 0.030000 9.197578 0.030000 7.963914 0.030000 7.718958 0.030000 6.861593 0.030000 6.678533 0.150000 6.267194 0.030000 6.093413 0.030000 6.282167 0.030000 6.144263 0.030000
9.410668 0.030000 9.281955 0.030000 8.035301 0.030000 7.907738 0.030000 7.147524 0.150000 6.797262 0.030000 6.426089 0.030000 6.228458 0.030000 6.386706 0.030000 6.210209 0.030000
9.459756 0.030000 9.395163 0.030000 8.542022 0.150000 9.496909 0.150000 7.053252 0.030000 6.861827 0.030000 6.460871 0.030000 6.265875 0.030000 6.471679 0.030000 6.253197 0.030000
9.543829 0.030000 9.401502 0.030000 8.160777 0.030000 8.160267 0.150000 7.125617 0.030000 6.981770 0.030000 6.606695 0.030000 6.449016 0.030000 6.536528 0.030000 6.335089 0.030000
9.595517 0.030000 9.432829 0.030000 8.261894 0.030000 8.044900 0.030000 7.177288 0.030000 7.013572 0.030000 6.610352 0.030000 6.452780 0.030000 6.615072 0.030000 6.485718 0.030000
9.660861 0.030000 9.464085 0.030000 8.350338 0.030000 8.128154 0.030000 7.236989 0.030000 7.591274 0.150000 6.680354 0.030000 6.484422 0.030000 6.707906 0.030000 6.457617 0.030000
9.646681 0.030000 9.512077 0.030000 8.363805 0.030000 8.190261 0.030000 7.328357 0.030000 7.143752 0.030000 6.707375 0.030000 6.548363 0.150000 6.734265 0.030000 6.559925 0.030000
9.705207 0.030000 9.563567 0.030000 8.346066 0.030000 8.228429 0.030000 7.299445 0.030000 7.153865 0.030000 7.144138 0.150000 6.571013 0.030000 6.752281 0.030000 6.596299 0.030000
