1.036574 0.030000 5.318062 0.030000 3.563954 0.030000 6.596701 0.030000 8.524859 0.030000
1.078904 0.030000 5.309020 0.030000 3.603748 0.030000 6.540609 0.150000 8.478305 0.030000
1.344003 0.150000 5.339534 0.030000 3.531945 0.030000 6.669979 0.030000 8.457867 0.030000
1.060362 0.030000 5.296189 0.030000 3.548033 0.030000 6.681806 0.030000 8.439948 0.030000
1.091216 0.030000 5.302751 0.030000 4.434438 0.150000 6.627960 0.030000 8.458059 0.030000
1.062365 0.030000 5.273948 0.030000 3.587089 0.030000 6.688468 0.030000 8.421016 0.030000
1.042456 0.030000 5.220499 0.030000 3.510076 0.030000 6.694929 0.030000 8.427695 0.030000
1.133185 0.030000 5.225672 0.030000 3.515592 0.030000 6.601702 0.030000 8.433991 0.030000
1.120421 0.030000 5.274632 0.030000 3.498803 0.030000 6.659568 0.030000 8.436839 0.030000
1.101385 0.030000 5.199026 0.030000 3.469603 0.030000 6.672153 0.030000 9.089745 0.150000
1.083674 0.030000 5.077728 0.150000 3.432257 0.030000 6.707178 0.030000 8.386605 0.030000
1.146030 0.030000 5.164785 0.030000 3.544525 0.030000 6.655195 0.030000 8.398324 0.030000
1.116933 0.030000 5.790893 0.150000 3.431218 0.030000 6.659936 0.030000 8.310339 0.030000
1.177539 0.030000 5.124332 0.030000 3.454393 0.030000 6.683453 0.030000 8.349714 0.030000
1.191677 0.030000 5.077883 0.030000 3.402018 0.030000 6.747772 0.030000 8.270956 0.030000
1.277707 0.030000 5.041823 0.030000 3.366434 0.030000 6.749725 0.150000 8.284634 0.030000
1.251721 0.030000 5.003243 0.030000 3.396743 0.030000 6.688937 0.030000 8.330571 0.030000
1.366294 0.030000 5.075326 0.030000 3.357240 0.030000 6.697337 0.030000 8.276396 0.030000
1.290515 0.030000 4.848623 0.150000 3.382395 0.030000 6.718584 0.030000 8.282967 0.030000
1.343402 0.030000 4.984147 0.030000 3.286401 0.030000 6.672625 0.030000 8.219862 0.030000
1.362682 0.030000 4.937590 0.030000 3.302111 0.030000 6.760238 0.030000 8.204486 0.030000
1.323866 0.030000 4.926259 0.030000 3.296745 0.030000 6.714117 0.030000 8.244646 0.030000
1.775239 0.150000 4.929187 0.030000 3.272584 0.030000 6.660409 0.030000 8.113278 0.030000
1.423864 0.030000 4.807695 0.030000 3.913607 0.150000 6.721758 0.030000 8.153419 0.030000
1.468465 0.030000 4.819910 0.030000 3.252208 0.030000 6.765885 0.030000 8.093995 0.030000
1.407768 0.030000 4.747162 0.030000 3.241550 0.030000 6.748502 0.030000 8.125376 0.030000
1.524056 0.030000 4.695367 0.030000 3.235087 0.030000 6.798120 0.030000 8.095245 0.030000
1.533877 0.030000 4.698008 0.030000 3.216142 0.030000 6.742020 0.030000 8.080012 0.030000
1.573641 0.030000 4.643916 0.030000 3.179382 0.030000 6.736362 0.030000 8.355528 0.150000
1.861216 0.150000 4.713723 0.030000 3.189942 0.030000 6.763569 0.030000 8.015850 0.030000
1.585659 0.030000 4.601932 0.150000 3.125931 0.030000 6.770552 0.030000 7.991629 0.030000
1.629683 0.030000 4.578679 0.030000 3.180037 0.030000 6.811029 0.030000 7.956146 0.150000
1.659907 0.030000 4.547984 0.030000 3.159781 0.030000 6.801633 0.030000 7.974418 0.030000
1.708713 0.030000 4.502914 0.030000 3.137190 0.030000 6.766979 0.030000 8.004088 0.030000
1.751810 0.030000 4.511731 0.030000 3.135299 0.030000 6.774521 0.030000 7.920759 0.030000
1.465608 0.150000 4.467410 0.030000 3.125348 0.030000 6.803302 0.030000 7.919219 0.030000
1.846979 0.030000 4.420102 0.030000 3.089440 0.030000 6.770001 0.030000 7.920774 0.030000
1.798491 0.030000 4.462275 0.030000 3.056673 0.030000 6.797075 0.030000 7.857977 0.030000
1.856064 0.030000 4.358584 0.030000 4.272452 0.150000 6.864557 0.150000 7.894342 0.030000
1.884502 0.030000 4.314087 0.030000 2.987656 0.030000 6.790121 0.030000 7.851505 0.030000
2.493630 0.150000 4.315347 0.030000 3.075854 0.030000 6.888470 0.030000 7.883150 0.030000
1.949147 0.030000 4.348673 0.030000 2.998677 0.030000 6.851419 0.030000 7.809583 0.030000
1.932154 0.030000 4.235602 0.030000 3.036515 0.030000 6.826177 0.030000 7.861782 0.030000
1.962379 0.030000 4.205904 0.030000 2.986378 0.030000 6.864951 0.030000 8.335833 0.150000
2.109633 0.150000 4.179325 0.030000 3.017046 0.030000 6.847120 0.030000 7.770428 0.030000
2.020578 0.030000 4.174613 0.030000 2.997960 0.030000 6.863332 0.030000 7.783093 0.030000
2.422601 0.150000 4.146955 0.030000 2.970383 0.030000 6.876834 0.030000 7.872756 0.150000
2.119876 0.030000 4.134979 0.030000 2.925099 0.030000 6.910415 0.030000 7.711602 0.030000
2.140435 0.030000 4.117925 0.030000 2.926909 0.030000 6.901899 0.030000 7.742205 0.030000
2.437132 0.150000 4.069145 0.030000 3.178712 0.150000 6.927831 0.030000 7.744660 0.030000
2.167579 0.030000 4.023484 0.030000 2.944535 0.030000 6.950121 0.030000 7.678416 0.030000
2.176333 0.030000 4.035436 0.030000 2.934722 0.030000 6.964836 0.030000 7.657580 0.030000
2.461206 0.150000 3.975872 0.030000 2.900374 0.030000 6.904593 0.030000 7.640010 0.030000
2.234452 0.030000 3.943811 0.030000 2.852970 0.030000 6.971623 0.030000 7.946729 0.150000
2.301125 0.030000 3.848010 0.030000 2.886216 0.030000 7.023044 0.030000 7.599558 0.030000
2.360232 0.030000 3.894815 0.030000 2.915887 0.030000 6.941037 0.030000 7.598457 0.030000
2.385030 0.030000 3.831189 0.030000 2.900287 0.030000 7.014124 0.030000 7.605627 0.030000
2.416935 0.030000 3.813457 0.030000 2.824048 0.030000 6.985725 0.030000 7.616725 0.030000
2.388169 0.030000 3.782092 0.030000 2.815390 0.030000 7.018283 0.030000 7.557997 0.030000
2.446806 0.030000 3.760873 0.030000 2.844336 0.030000 6.993325 0.030000 7.558083 0.030000
2.446428 0.030000 3.707989 0.030000 2.892489 0.150000 6.887152 0.150000 7.579044 0.030000
2.488845 0.030000 3.698992 0.030000 2.847530 0.030000 7.033354 0.030000 7.543594 0.030000
2.528685 0.030000 3.641979 0.030000 2.778537 0.030000 7.064855 0.030000 7.496867 0.030000
2.558094 0.030000 3.605581 0.030000 2.801999 0.030000 7.087406 0.030000 7.474617 0.030000
2.612890 0.030000 3.558229 0.030000 2.836414 0.030000 7.064333 0.030000 7.488711 0.030000
2.614416 0.030000 3.620326 0.030000 2.776362 0.030000 7.068934 0.030000 7.456288 0.030000
2.602065 0.030000 3.525253 0.030000 2.780769 0.030000 7.748957 0.150000 7.475767 0.030000
2.654171 0.030000 3.495625 0.030000 2.691815 0.150000 7.104549 0.030000 7.981166 0.150000
2.687361 0.030000 3.490585 0.030000 2.793625 0.030000 7.090549 0.030000 7.438641 0.030000
2.747643 0.030000 3.423092 0.030000 2.786839 0.030000 7.126364 0.030000 7.369551 0.030000
2.705568 0.030000 3.432923 0.030000 2.781538 0.030000 7.114766 0.030000 7.835187 0.150000
2.717189 0.030000 3.419948 0.030000 2.721708 0.030000 7.144076 0.030000 7.409673 0.030000
2.825907 0.030000 3.387891 0.030000 2.770325 0.030000 7.158944 0.030000 7.370499 0.030000
2.850242 0.030000 3.359081 0.030000 2.760763 0.030000 7.206536 0.030000 7.414587 0.030000
2.919659 0.030000 3.308985 0.030000 2.751784 0.030000 7.181828 0.030000 7.372416 0.030000
2.864891 0.030000 3.334876 0.030000 2.753854 0.030000 7.200385 0.030000 7.334132 0.030000
2.937920 0.030000 3.245054 0.030000 2.775245 0.030000 7.402919 0.150000 7.287175 0.030000
2.927393 0.030000 3.239445 0.030000 2.747524 0.030000 7.201598 0.030000 7.293172 0.030000
2.953919 0.030000 3.262442 0.030000 2.763973 0.030000 7.220953 0.030000 7.282409 0.030000
3.010971 0.030000 3.148641 0.030000 2.736281 0.030000 7.261615 0.030000 7.270927 0.030000
3.016222 0.030000 3.101349 0.030000 2.792530 0.030000 7.207147 0.030000 7.280376 0.030000
3.358510 0.150000 4.042918 0.150000 2.755472 0.030000 7.264943 0.030000 7.255460 0.030000
3.116733 0.030000 3.086792 0.030000 2.747541 0.030000 7.233270 0.030000 7.204125 0.030000
3.113795 0.030000 3.057915 0.030000 2.728606 0.030000 7.273520 0.030000 7.211386 0.030000
3.139845 0.030000 3.013862 0.030000 2.737077 0.030000 7.231537 0.030000 7.235142 0.150000
3.181377 0.030000 3.004561 0.030000 2.740576 0.030000 7.317237 0.030000 7.214108 0.030000
3.226290 0.030000 2.943452 0.030000 2.737561 0.030000 7.331558 0.030000 7.242488 0.030000
3.263896 0.030000 2.933666 0.030000 2.744839 0.030000 7.322383 0.030000 7.194399 0.030000
3.268851 0.030000 3.108251 0.150000 2.794848 0.030000 7.627110 0.150000 7.210014 0.030000
3.310316 0.030000 2.894427 0.030000 2.742870 0.030000 7.330622 0.030000 7.164215 0.030000
3.295339 0.030000 2.919132 0.150000 2.768817 0.030000 7.398384 0.030000 7.519749 0.150000
3.351993 0.030000 2.811757 0.030000 2.731020 0.030000 7.421888 0.030000 7.104686 0.030000
3.418915 0.030000 2.816496 0.030000 2.753312 0.030000 7.350728 0.030000 7.003938 0.150000
3.406371 0.030000 2.728983 0.030000 2.792895 0.030000 7.402903 0.030000 7.131896 0.030000
3.416288 0.030000 2.771092 0.030000 3.044741 0.150000 7.365386 0.030000 7.081750 0.030000
3.438349 0.030000 2.736214 0.030000 2.758801 0.030000 7.424011 0.030000 7.100734 0.030000
3.526593 0.030000 2.707661 0.030000 2.793119 0.030000 7.463154 0.030000 7.078050 0.030000
3.564563 0.030000 2.703011 0.030000 2.747582 0.030000 7.485839 0.030000 7.054338 0.030000
3.559532 0.030000 2.615625 0.030000 2.808456 0.030000 7.490155 0.030000 7.084110 0.030000
3.663929 0.150000 2.596338 0.030000 2.750962 0.030000 7.489358 0.030000 7.019960 0.030000
3.614320 0.030000 2.580669 0.030000 2.773637 0.030000 7.489391 0.030000 7.002607 0.030000
3.657009 0.030000 2.622618 0.150000 2.820855 0.030000 7.494163 0.030000 7.047314 0.030000
3.654422 0.030000 2.526364 0.030000 2.807696 0.030000 7.553064 0.030000 6.979520 0.030000
3.742471 0.030000 2.502602 0.030000 2.840062 0.030000 7.590003 0.030000 6.946929 0.030000
3.718725 0.030000 2.460804 0.030000 2.747639 0.030000 7.595550 0.030000 6.990297 0.030000
3.766543 0.030000 2.340035 0.030000 2.761877 0.030000 7.600756 0.030000 6.975056 0.030000
3.749085 0.030000 2.381070 0.030000 2.867912 0.030000 7.588564 0.030000 6.947574 0.030000
3.839729 0.030000 2.302352 0.030000 2.854388 0.030000 7.633582 0.030000 6.960503 0.030000
3.840738 0.030000 2.333787 0.030000 2.872885 0.030000 7.658424 0.030000 6.996872 0.030000
3.853933 0.030000 2.350068 0.030000 2.870245 0.030000 7.653481 0.030000 6.852038 0.030000
3.917472 0.030000 2.294572 0.030000 2.900374 0.030000 7.689861 0.030000 6.953213 0.030000
3.939203 0.030000 2.253683 0.030000 2.911616 0.030000 7.645823 0.030000 6.878680 0.030000
3.961160 0.150000 2.200281 0.030000 2.895957 0.030000 7.644108 0.030000 6.881201 0.030000
3.944316 0.030000 2.214241 0.030000 2.877326 0.030000 7.665778 0.030000 6.904750 0.030000
4.059062 0.030000 2.183229 0.030000 2.934508 0.030000 7.736274 0.030000 6.904423 0.030000
4.088974 0.030000 2.155630 0.030000 2.952922 0.030000 7.794891 0.030000 6.886733 0.030000
4.905156 0.150000 2.117681 0.030000 2.906779 0.030000 7.778853 0.030000 6.877993 0.030000
4.146762 0.030000 2.018804 0.030000 2.889939 0.030000 7.698789 0.030000 6.890735 0.030000
4.169604 0.030000 2.040689 0.030000 2.951178 0.030000 7.774970 0.150000 6.939882 0.150000
4.168300 0.030000 2.022334 0.030000 2.912253 0.030000 7.816064 0.030000 6.858961 0.030000
4.383114 0.150000 2.704453 0.150000 2.912079 0.030000 7.752634 0.030000 6.849111 0.030000
4.266773 0.030000 1.918169 0.030000 2.964973 0.030000 7.758661 0.030000 6.851722 0.030000
4.239907 0.030000 1.939200 0.030000 2.963078 0.030000 7.778155 0.030000 6.809854 0.030000
4.290608 0.030000 1.932277 0.030000 3.063361 0.150000 7.859298 0.030000 7.644478 0.150000
4.310841 0.030000 1.861464 0.030000 3.050348 0.030000 8.073425 0.150000 6.803393 0.030000
4.370249 0.030000 1.888660 0.150000 3.025087 0.030000 7.882300 0.030000 6.780982 0.030000
4.367697 0.030000 1.835596 0.030000 3.361624 0.150000 7.910547 0.030000 6.788904 0.030000
4.463200 0.030000 1.842147 0.030000 3.019663 0.030000 7.924227 0.030000 6.741540 0.030000
4.442136 0.030000 1.765300 0.030000 3.046562 0.030000 7.937680 0.030000 6.983311 0.150000
4.524825 0.030000 1.732497 0.030000 3.022919 0.030000 7.964100 0.030000 6.718946 0.030000
4.539286 0.030000 1.701773 0.030000 3.086238 0.030000 8.034275 0.030000 6.811458 0.030000
4.748082 0.150000 1.687035 0.030000 3.103179 0.030000 7.990869 0.030000 6.733065 0.030000
4.538169 0.030000 1.654135 0.030000 3.109098 0.030000 7.977465 0.030000 6.732426 0.030000
4.776218 0.150000 1.667340 0.030000 3.133116 0.030000 8.061466 0.030000 6.685267 0.030000
4.617892 0.030000 1.640577 0.030000 3.116372 0.030000 8.045581 0.030000 6.673101 0.030000
4.615509 0.030000 1.550892 0.030000 3.127738 0.030000 8.006345 0.030000 6.752742 0.030000
4.590680 0.030000 1.581858 0.030000 3.185852 0.030000 8.035801 0.030000 6.734377 0.030000
4.634856 0.030000 1.620242 0.030000 3.105202 0.030000 8.091803 0.030000 6.744474 0.030000
4.739188 0.030000 1.592785 0.030000 3.229080 0.030000 8.038279 0.030000 6.720265 0.030000
4.660597 0.030000 1.548624 0.030000 3.166535 0.030000 8.029137 0.030000 6.776298 0.030000
4.702233 0.030000 1.578795 0.150000 3.191285 0.030000 9.232825 0.150000 6.713505 0.030000
4.725835 0.030000 1.512282 0.030000 3.125665 0.030000 8.120267 0.030000 6.969400 0.150000
4.754010 0.030000 1.485413 0.030000 3.494291 0.150000 8.103715 0.030000 6.652433 0.030000
4.727579 0.030000 1.976601 0.150000 3.199169 0.030000 8.105108 0.030000 6.727762 0.030000
4.766636 0.030000 1.343364 0.150000 3.224362 0.030000 8.098123 0.030000 6.864536 0.150000
4.889438 0.150000 1.468318 0.030000 3.216724 0.030000 8.151735 0.030000 6.651536 0.030000
4.826626 0.030000 1.531253 0.030000 3.213635 0.030000 8.150463 0.030000 6.656934 0.030000
4.784954 0.030000 1.417010 0.030000 3.262888 0.030000 8.161213 0.150000 6.682854 0.030000
4.815048 0.030000 1.419945 0.030000 3.262143 0.030000 8.233850 0.030000 6.724317 0.030000
5.128370 0.150000 1.520302 0.150000 3.282556 0.030000 8.144804 0.030000 6.645125 0.030000
4.887765 0.030000 1.347138 0.030000 3.311696 0.030000 8.214353 0.030000 7.878536 0.150000
4.876954 0.030000 1.769954 0.150000 3.264574 0.030000 8.223801 0.030000 6.681242 0.030000
4.901716 0.030000 1.366117 0.030000 3.302990 0.030000 8.195283 0.030000 6.662404 0.030000
4.925465 0.030000 1.352379 0.030000 3.290080 0.030000 8.208439 0.030000 6.649589 0.030000
4.969435 0.030000 1.315223 0.030000 3.258788 0.030000 8.750383 0.150000 6.661930 0.030000
4.944586 0.030000 1.319768 0.030000 3.255565 0.030000 8.166689 0.030000 6.699798 0.030000
5.031287 0.030000 1.333782 0.030000 3.259077 0.030000 8.236419 0.030000 6.657542 0.030000
5.003779 0.030000 1.282418 0.030000 3.395513 0.030000 8.248911 0.030000 6.637869 0.030000
4.959800 0.030000 1.309542 0.030000 3.404251 0.030000 8.246686 0.030000 6.590049 0.150000
4.956405 0.030000 1.322931 0.030000 3.288171 0.030000 8.237035 0.030000 6.694149 0.030000
5.115790 0.150000 1.331839 0.030000 3.329514 0.030000 8.250709 0.030000 6.630712 0.030000
5.048174 0.030000 1.300606 0.030000 3.392038 0.030000 8.261635 0.030000 6.678990 0.030000
4.952825 0.030000 1.283478 0.030000 3.397843 0.030000 8.294380 0.030000 6.687588 0.030000
5.016586 0.030000 1.267532 0.030000 3.398619 0.030000 8.215741 0.030000 6.659726 0.030000
4.994255 0.030000 1.316236 0.030000 3.517062 0.150000 8.298778 0.030000 6.649281 0.030000
4.966949 0.030000 1.427963 0.150000 3.386720 0.030000 8.314001 0.030000 6.677102 0.030000
4.983095 0.030000 1.307000 0.030000 3.336005 0.030000 8.272536 0.030000 6.688393 0.030000
4.987301 0.030000 1.249205 0.030000 3.359058 0.030000 8.254938 0.030000 6.691697 0.030000
5.032783 0.030000 1.203173 0.030000 3.388376 0.030000 9.007513 0.150000 6.626381 0.030000
5.039206 0.030000 1.252602 0.030000 3.379306 0.030000 8.316836 0.030000 6.644246 0.030000
5.049438 0.030000 1.204738 0.030000 3.319149 0.030000 8.299684 0.030000 6.667656 0.030000
5.109949 0.030000 1.164328 0.030000 3.335241 0.030000 8.302916 0.030000 6.665961 0.030000
5.127041 0.030000 1.237321 0.030000 3.348826 0.030000 8.312367 0.030000 6.688527 0.030000
5.148075 0.030000 1.176230 0.030000 3.371577 0.030000 8.330282 0.030000 6.587996 0.030000
5.053736 0.030000 1.210502 0.030000 3.375770 0.030000 8.304852 0.030000 6.645847 0.030000
5.183086 0.150000 1.212380 0.030000 3.409053 0.030000 8.303835 0.030000 6.601710 0.030000
5.133930 0.030000 1.215743 0.030000 3.126655 0.150000 8.338345 0.030000 6.766771 0.150000
5.172130 0.030000 1.184609 0.030000 3.397369 0.030000 8.296632 0.030000 6.581667 0.030000
5.145068 0.030000 1.231563 0.030000 3.384612 0.030000 8.341123 0.030000 6.519709 0.030000
5.246682 0.030000 1.176428 0.030000 3.393163 0.030000 8.271843 0.030000 6.565117 0.030000
5.262165 0.030000 1.136365 0.150000 3.349113 0.030000 8.312999 0.030000 6.489427 0.030000
5.236986 0.030000 1.192458 0.030000 3.304830 0.030000 8.226863 0.030000 6.489036 0.030000
5.254537 0.030000 1.290132 0.150000 3.328673 0.030000 8.280828 0.030000 6.292384 0.150000
5.359528 0.030000 1.274316 0.030000 3.383356 0.030000 8.196158 0.030000 6.443904 0.030000
5.257603 0.030000 2.374640 0.150000 3.320004 0.030000 8.167865 0.030000 6.508447 0.150000
5.307338 0.030000 1.259904 0.030000 3.468466 0.150000 8.194174 0.030000 6.435813 0.150000
5.302211 0.030000 1.391995 0.030000 3.283133 0.030000 8.190669 0.030000 6.343484 0.030000
5.338727 0.030000 1.287041 0.030000 3.261427 0.030000 8.324541 0.150000 6.285494 0.030000
5.264713 0.030000 1.305358 0.030000 3.248459 0.030000 8.135477 0.030000 6.251378 0.030000
5.533719 0.150000 1.379705 0.030000 3.222579 0.030000 8.096672 0.030000 6.226527 0.030000
5.975473 0.150000 1.403596 0.030000 3.263916 0.030000 8.116648 0.150000 6.218288 0.030000
5.670735 0.150000 1.367925 0.030000 3.183985 0.030000 8.147263 0.030000 6.185542 0.030000
5.307962 0.030000 1.464130 0.030000 3.183877 0.030000 8.050419 0.030000 6.136385 0.030000
5.750583 0.150000 1.426698 0.030000 3.129085 0.150000 8.021197 0.030000 6.099377 0.030000
5.322129 0.030000 1.481987 0.030000 3.149353 0.030000 8.019519 0.030000 6.259784 0.150000
5.355223 0.030000 1.519388 0.030000 3.147742 0.030000 8.006556 0.030000 6.082056 0.030000
5.377491 0.030000 1.517756 0.030000 3.083880 0.030000 7.971261 0.030000 6.026240 0.030000
5.377203 0.030000 1.564209 0.030000 3.030771 0.030000 7.953013 0.030000 6.032277 0.030000
5.390732 0.030000 1.555555 0.030000 3.027495 0.030000 7.922578 0.030000 5.985352 0.030000
5.514961 0.150000 1.603261 0.030000 2.968023 0.030000 7.846346 0.030000 5.892357 0.030000
5.454968 0.030000 1.632491 0.030000 3.012865 0.030000 7.909443 0.030000 6.924043 0.150000
5.282750 0.150000 1.553340 0.150000 2.888543 0.150000 7.900423 0.030000 5.893024 0.030000
5.394567 0.030000 1.708940 0.030000 2.914410 0.030000 7.832401 0.030000 5.932626 0.030000
5.423153 0.030000 1.692060 0.030000 2.924129 0.030000 7.784789 0.030000 5.776336 0.030000
5.399746 0.030000 1.793635 0.030000 2.864077 0.030000 7.757948 0.030000 5.803669 0.030000
5.466023 0.030000 1.782609 0.030000 2.829559 0.030000 8.141768 0.150000 5.741581 0.150000
5.419723 0.030000 1.838864 0.030000 2.863050 0.030000 7.693885 0.030000 5.743925 0.030000
5.437335 0.030000 1.807730 0.030000 2.844059 0.030000 7.661101 0.030000 5.726709 0.030000
5.495700 0.030000 2.299418 0.150000 2.863772 0.030000 8.092291 0.150000 5.842461 0.150000
5.453503 0.030000 1.873843 0.030000 2.813806 0.030000 7.692046 0.030000 5.670872 0.030000
5.812356 0.150000 1.790163 0.030000 2.769013 0.030000 7.666455 0.030000 5.600673 0.030000
5.482898 0.030000 1.941761 0.030000 2.746185 0.030000 7.541663 0.150000 5.558419 0.030000
5.493161 0.030000 1.977135 0.030000 3.194710 0.150000 7.608876 0.030000 5.594007 0.030000
5.462742 0.150000 1.962565 0.030000 2.734771 0.030000 7.588157 0.030000 5.520038 0.030000
5.496071 0.030000 1.983693 0.030000 2.750031 0.030000 7.594332 0.030000 5.578643 0.030000
5.535893 0.030000 1.972151 0.030000 2.687688 0.030000 7.566372 0.030000 5.508621 0.030000
5.902546 0.150000 2.307384 0.150000 2.736100 0.030000 7.540472 0.030000 5.468773 0.030000
5.546052 0.030000 2.031812 0.030000 3.089119 0.150000 7.566437 0.030000 5.427591 0.030000
5.495113 0.030000 2.128442 0.030000 2.726173 0.030000 7.535648 0.030000 5.467725 0.030000
5.681833 0.150000 2.422671 0.150000 2.648105 0.030000 7.504130 0.030000 5.368570 0.030000
5.643632 0.150000 2.135364 0.030000 2.658165 0.030000 7.431023 0.030000 5.470047 0.030000
5.545474 0.030000 2.144357 0.030000 2.656204 0.030000 7.501828 0.030000 5.435112 0.030000
5.541942 0.030000 2.121339 0.030000 2.605809 0.030000 7.474677 0.030000 5.421790 0.030000
5.545758 0.030000 2.145605 0.030000 2.618360 0.030000 7.475413 0.030000 5.395963 0.030000
5.571562 0.030000 2.173480 0.030000 2.550948 0.030000 7.413747 0.030000 5.331207 0.030000
5.605959 0.030000 2.148199 0.150000 2.619918 0.030000 7.391750 0.030000 5.318971 0.030000
5.570460 0.030000 2.159938 0.030000 2.631033 0.030000 7.358348 0.030000 6.561357 0.150000
5.544558 0.030000 2.221816 0.030000 2.629298 0.030000 7.610581 0.150000 5.328952 0.030000
5.560462 0.030000 2.211696 0.030000 2.607513 0.030000 7.411320 0.030000 5.481319 0.150000
5.588574 0.030000 2.218607 0.030000 2.563931 0.030000 7.346680 0.030000 5.244852 0.030000
5.598800 0.030000 2.228585 0.030000 2.561782 0.030000 7.361114 0.030000 5.279242 0.030000
5.632580 0.030000 2.244861 0.030000 2.518374 0.030000 7.305638 0.030000 5.306001 0.030000
5.600878 0.030000 2.267547 0.030000 2.531355 0.030000 7.307597 0.030000 5.263630 0.030000
5.638832 0.030000 2.320342 0.030000 2.502755 0.030000 7.346008 0.030000 5.195130 0.030000
6.768189 0.150000 2.275942 0.030000 2.563693 0.030000 7.314544 0.030000 5.194830 0.030000
5.570847 0.030000 2.340622 0.030000 2.524316 0.030000 7.306164 0.030000 5.198317 0.030000
5.632733 0.030000 2.316828 0.030000 2.516902 0.030000 7.351406 0.030000 5.139671 0.030000
5.817701 0.150000 2.371171 0.030000 2.443290 0.030000 7.295452 0.030000 5.175214 0.030000
5.593163 0.030000 2.370598 0.030000 3.282623 0.150000 7.308072 0.030000 5.111832 0.030000
5.659794 0.030000 2.384022 0.030000 2.553362 0.030000 7.300957 0.030000 5.133559 0.030000
5.641975 0.030000 2.383209 0.030000 2.481972 0.030000 7.270683 0.030000 5.161650 0.030000
5.659817 0.030000 2.332698 0.030000 2.462294 0.030000 7.269955 0.030000 5.131842 0.030000
5.627444 0.030000 2.324951 0.030000 2.532006 0.030000 7.233616 0.030000 5.114677 0.030000
5.612839 0.030000 2.392812 0.030000 2.457300 0.030000 7.302226 0.030000 5.161241 0.030000
5.611824 0.030000 2.385199 0.030000 2.468831 0.030000 7.254381 0.030000 5.174538 0.030000
5.679287 0.030000 2.210443 0.150000 2.513942 0.030000 7.309995 0.030000 5.050591 0.030000
5.675673 0.030000 2.409923 0.030000 2.538611 0.030000 7.251341 0.030000 5.110225 0.030000
5.619933 0.030000 2.391417 0.030000 2.502410 0.030000 7.268667 0.030000 5.084065 0.030000
5.625970 0.030000 2.371780 0.150000 2.450345 0.030000 7.955644 0.150000 5.119316 0.030000
5.656492 0.030000 2.425719 0.030000 2.451420 0.030000 7.192185 0.030000 5.023462 0.030000
5.673095 0.030000 2.439729 0.030000 2.466329 0.030000 7.183609 0.030000 5.010985 0.030000
5.704064 0.030000 2.805299 0.150000 2.504709 0.030000 7.167076 0.030000 5.062351 0.030000
5.697906 0.030000 2.428749 0.030000 2.460622 0.030000 7.218951 0.030000 5.444282 0.150000
5.666123 0.030000 2.494087 0.030000 2.419421 0.030000 7.193242 0.030000 5.055881 0.030000
5.619856 0.030000 2.489981 0.030000 2.423496 0.030000 7.174846 0.030000 5.045393 0.030000
5.667076 0.030000 2.497564 0.030000 2.435585 0.030000 7.159061 0.030000 5.067214 0.030000
5.616280 0.030000 2.537260 0.030000 2.403095 0.030000 7.151905 0.030000 5.000963 0.030000
5.623437 0.030000 2.504260 0.030000 2.330560 0.030000 7.163392 0.030000 4.968258 0.030000
5.581584 0.030000 2.550403 0.030000 2.363273 0.030000 7.085794 0.030000 4.945062 0.030000
5.676750 0.030000 2.582083 0.030000 2.347158 0.030000 7.110053 0.030000 4.985091 0.030000
5.628553 0.030000 2.639373 0.030000 2.287981 0.030000 7.001119 0.030000 4.992099 0.030000
5.591916 0.030000 3.059257 0.150000 2.277801 0.030000 6.985772 0.030000 5.183543 0.150000
5.562965 0.030000 2.639397 0.030000 2.226360 0.030000 6.940302 0.150000 4.940731 0.030000
5.615932 0.030000 2.642283 0.030000 2.233824 0.030000 6.955872 0.030000 5.016739 0.150000
5.761379 0.150000 2.703742 0.030000 2.175466 0.030000 7.361533 0.150000 4.922982 0.030000
5.502897 0.030000 2.701476 0.030000 2.191488 0.030000 6.941346 0.030000 4.964175 0.030000
5.483892 0.030000 2.715308 0.030000 2.128441 0.030000 6.837814 0.030000 4.936243 0.030000
5.550314 0.030000 2.752070 0.030000 2.052636 0.030000 6.899654 0.030000 4.914689 0.030000
5.797902 0.150000 2.739538 0.030000 2.071800 0.030000 6.846770 0.030000 4.970181 0.030000
5.396413 0.030000 2.725731 0.030000 2.021206 0.030000 6.825276 0.030000 5.156170 0.150000
5.373229 0.030000 2.785616 0.030000 2.048135 0.030000 6.774832 0.030000 4.986867 0.030000
5.343059 0.030000 2.806420 0.030000 1.985717 0.030000 6.716912 0.030000 4.933973 0.030000
5.352754 0.030000 2.810608 0.030000 1.923271 0.030000 6.747986 0.030000 4.956985 0.030000
5.302431 0.030000 2.835774 0.030000 1.917772 0.030000 6.723560 0.030000 4.952171 0.030000
5.277828 0.030000 2.836474 0.030000 1.869118 0.030000 6.723145 0.030000 4.994129 0.030000
5.251477 0.030000 2.861962 0.030000 1.858481 0.030000 6.626490 0.030000 4.992757 0.030000
5.290694 0.030000 2.850099 0.030000 1.854797 0.030000 6.685774 0.150000 4.985605 0.030000
5.196715 0.030000 2.755559 0.150000 1.803273 0.030000 6.619467 0.030000 5.085267 0.030000
5.180539 0.030000 2.926012 0.030000 1.756792 0.030000 6.627211 0.030000 4.995261 0.030000
5.168961 0.030000 2.905292 0.030000 1.720449 0.030000 6.656428 0.030000 4.946796 0.030000
5.087501 0.030000 2.910842 0.030000 1.728875 0.030000 6.624426 0.030000 4.966614 0.030000
5.006351 0.150000 2.946939 0.030000 1.684101 0.030000 6.612347 0.030000 5.064698 0.030000
5.089726 0.030000 2.961196 0.030000 1.708154 0.030000 6.534373 0.030000 5.028505 0.030000
5.074870 0.030000 3.184251 0.150000 1.664497 0.030000 6.495011 0.030000 5.098747 0.030000
5.000998 0.030000 3.143290 0.150000 1.619396 0.030000 6.546026 0.030000 5.340992 0.150000
5.020816 0.030000 3.026648 0.030000 1.577066 0.030000 6.523980 0.030000 5.051220 0.030000
4.946024 0.030000 3.050431 0.030000 1.594040 0.030000 6.442846 0.030000 5.108598 0.030000
4.936593 0.030000 3.016322 0.030000 1.612313 0.030000 6.482848 0.030000 5.330016 0.150000
4.882762 0.030000 3.002763 0.030000 1.584309 0.030000 6.411508 0.030000 5.129457 0.030000
4.937224 0.030000 3.097113 0.030000 1.533242 0.030000 6.353083 0.030000 5.157228 0.030000
4.897827 0.030000 3.164012 0.030000 1.518747 0.030000 6.379760 0.030000 5.114844 0.030000
4.894534 0.030000 3.105245 0.030000 1.464070 0.030000 6.315700 0.030000 5.176150 0.030000
4.813439 0.030000 3.148613 0.030000 1.454088 0.030000 6.293410 0.030000 5.146396 0.030000
4.838381 0.030000 3.148670 0.030000 1.379904 0.030000 6.323312 0.030000 5.096978 0.030000
4.785220 0.030000 3.136725 0.030000 1.397731 0.030000 6.302664 0.030000 5.159422 0.030000
4.737507 0.030000 3.257669 0.030000 1.356257 0.030000 6.309874 0.030000 5.225886 0.030000
4.721128 0.030000 3.188210 0.030000 1.352873 0.030000 6.257421 0.030000 5.233778 0.030000
4.704513 0.030000 3.331674 0.150000 1.323930 0.030000 6.239311 0.030000 5.183880 0.030000
4.711494 0.030000 3.274497 0.030000 1.294832 0.030000 6.227118 0.030000 5.212732 0.030000
4.623451 0.030000 3.377490 0.150000 1.288129 0.030000 6.194737 0.030000 5.256262 0.030000
4.609300 0.030000 3.279302 0.030000 1.310791 0.030000 6.192857 0.030000 5.217188 0.030000
4.626342 0.030000 3.350340 0.030000 1.258339 0.030000 6.182787 0.030000 5.240120 0.030000
4.560470 0.030000 4.486724 0.150000 1.215951 0.030000 6.125580 0.030000 5.281413 0.030000
4.822197 0.150000 3.334627 0.030000 1.469585 0.150000 6.133331 0.030000 5.265784 0.030000
4.524513 0.030000 3.348300 0.030000 1.192807 0.030000 6.117868 0.030000 5.304258 0.030000
4.506804 0.030000 3.388281 0.030000 1.205861 0.030000 6.054271 0.030000 5.320228 0.030000
4.513643 0.030000 3.397374 0.030000 1.202236 0.030000 6.112108 0.030000 5.361291 0.030000
4.510858 0.030000 4.612126 0.150000 1.127738 0.030000 6.065122 0.030000 5.323317 0.030000
4.433844 0.030000 3.456807 0.030000 1.149137 0.030000 6.056701 0.030000 5.335479 0.030000
4.430515 0.030000 3.445506 0.030000 1.084020 0.030000 6.037963 0.030000 5.320608 0.030000
4.407782 0.030000 3.493140 0.030000 1.121989 0.030000 5.980302 0.030000 5.386182 0.030000
4.486001 0.150000 3.548286 0.030000 1.087928 0.030000 5.961854 0.030000 5.419675 0.030000
4.326991 0.030000 3.584871 0.030000 1.036846 0.030000 5.939055 0.030000 5.393130 0.030000
4.282570 0.030000 3.609914 0.030000 1.034946 0.030000 5.972620 0.030000 5.419083 0.030000
4.272442 0.030000 3.544093 0.030000 1.079017 0.030000 5.953516 0.030000 5.433894 0.030000
4.235029 0.030000 3.604544 0.030000 1.041390 0.030000 5.715933 0.150000 5.442506 0.030000
4.093642 0.150000 3.616161 0.030000 0.928281 0.150000 5.920032 0.030000 5.468930 0.030000
4.201153 0.030000 3.681525 0.030000 0.945584 0.030000 5.824641 0.030000 5.480996 0.030000
4.223391 0.030000 3.653841 0.030000 1.025938 0.030000 5.835693 0.030000 5.473324 0.030000
4.229051 0.030000 3.668707 0.030000 0.993022 0.030000 5.804153 0.030000 5.452468 0.030000
4.168358 0.030000 3.742911 0.030000 0.953131 0.030000 5.834576 0.030000 5.499506 0.030000
4.141054 0.030000 3.657546 0.030000 0.979420 0.030000 5.766399 0.030000 5.523204 0.030000
4.111827 0.030000 3.740112 0.030000 0.898710 0.030000 5.785109 0.030000 5.561207 0.030000
4.074118 0.030000 4.470603 0.150000 0.950047 0.030000 5.749855 0.030000 5.549613 0.030000
4.065689 0.030000 3.739208 0.030000 0.944312 0.030000 5.785351 0.030000 5.615549 0.030000
4.017446 0.030000 3.833345 0.030000 0.908983 0.030000 5.697739 0.030000 5.549422 0.030000
3.970873 0.030000 3.669403 0.150000 0.943445 0.030000 5.710973 0.030000 5.586867 0.030000
3.998116 0.030000 3.912724 0.030000 0.990821 0.030000 5.663106 0.030000 5.629373 0.030000
3.969169 0.030000 3.946986 0.030000 0.913853 0.030000 5.700872 0.030000 5.662438 0.030000
3.915971 0.030000 3.911118 0.030000 0.909319 0.030000 6.022404 0.150000 5.624347 0.030000
3.947476 0.030000 3.966227 0.030000 1.588393 0.150000 5.687796 0.030000 5.654861 0.030000
4.256293 0.150000 3.920035 0.030000 0.935956 0.030000 5.616527 0.030000 5.719434 0.030000
3.890480 0.030000 4.015977 0.030000 0.945977 0.030000 5.591592 0.030000 5.703124 0.030000
4.209394 0.150000 3.992155 0.030000 0.952703 0.030000 5.592727 0.030000 5.733863 0.030000
3.844210 0.030000 4.047461 0.030000 0.958171 0.030000 5.577308 0.030000 5.757060 0.030000
3.782328 0.030000 4.105227 0.030000 0.893312 0.030000 5.678047 0.150000 5.747688 0.030000
3.756278 0.030000 4.068757 0.030000 0.982339 0.030000 5.591228 0.030000 5.747032 0.030000
3.876592 0.150000 4.759698 0.150000 0.992928 0.030000 5.537699 0.030000 5.768935 0.030000
3.728597 0.030000 4.183076 0.030000 0.941775 0.030000 5.476066 0.030000 5.801387 0.030000
3.678227 0.030000 4.123725 0.030000 0.957529 0.030000 5.476766 0.030000 5.799760 0.030000
3.760556 0.030000 4.111223 0.030000 1.009449 0.030000 5.571092 0.150000 5.852256 0.030000
3.646304 0.030000 4.207726 0.030000 0.994329 0.030000 5.499033 0.030000 6.174526 0.150000
3.619656 0.030000 4.253664 0.030000 1.019903 0.030000 5.515031 0.030000 5.858204 0.030000
3.667893 0.030000 4.268765 0.030000 1.019506 0.030000 5.454142 0.030000 5.954657 0.150000
3.634668 0.030000 4.266155 0.030000 1.017004 0.030000 5.460918 0.030000 5.859921 0.030000
3.641212 0.030000 4.297039 0.030000 1.045067 0.030000 5.365363 0.030000 5.933297 0.030000
3.688759 0.150000 4.332741 0.030000 1.096434 0.030000 5.521928 0.150000 5.994029 0.030000
3.640419 0.150000 4.339816 0.030000 1.049062 0.030000 5.386106 0.030000 5.983806 0.030000
3.559824 0.030000 4.394770 0.030000 1.076154 0.030000 5.394140 0.030000 5.930871 0.030000
4.057810 0.150000 4.395520 0.030000 1.117631 0.030000 5.427712 0.030000 5.995176 0.030000
3.509704 0.030000 4.404205 0.030000 1.146492 0.030000 5.308857 0.030000 6.028099 0.030000
3.438020 0.030000 5.349498 0.150000 1.184124 0.030000 5.309716 0.030000 6.013082 0.030000
3.506287 0.030000 4.481768 0.030000 1.116575 0.030000 5.329846 0.030000 6.089028 0.030000
3.441754 0.030000 4.535451 0.030000 1.234538 0.150000 5.284946 0.030000 6.066193 0.030000
4.394051 0.150000 4.525742 0.030000 1.775124 0.150000 5.330727 0.030000 6.335332 0.150000
3.357143 0.030000 4.569093 0.030000 1.217907 0.030000 5.591624 0.150000 6.095319 0.030000
4.030310 0.150000 4.569440 0.030000 1.204627 0.030000 5.281375 0.030000 6.132222 0.030000
3.354793 0.030000 4.592800 0.030000 1.221812 0.030000 5.268202 0.030000 6.173726 0.030000
3.345247 0.030000 4.670061 0.030000 1.278862 0.030000 5.242305 0.030000 6.082724 0.030000
3.278016 0.030000 4.644760 0.030000 1.444151 0.150000 5.245709 0.030000 6.161176 0.030000
3.360812 0.030000 4.673746 0.030000 1.274036 0.030000 5.273164 0.030000 6.201037 0.030000
3.294629 0.030000 4.778365 0.030000 1.367965 0.030000 5.260764 0.030000 6.236845 0.030000
3.251413 0.030000 4.769910 0.030000 1.331300 0.030000 5.165073 0.030000 6.240852 0.030000
3.207816 0.030000 4.738933 0.030000 1.374734 0.030000 5.116866 0.030000 6.264718 0.030000
3.182361 0.030000 4.798123 0.030000 1.412843 0.030000 5.097108 0.030000 6.277206 0.030000
3.232757 0.030000 4.798328 0.030000 1.443872 0.030000 5.134402 0.030000 6.255327 0.030000
3.162854 0.030000 4.789191 0.030000 1.432860 0.030000 5.193833 0.030000 6.277840 0.030000
3.157394 0.030000 4.846265 0.030000 1.466188 0.030000 5.192524 0.030000 6.288852 0.030000
3.171474 0.030000 4.833851 0.030000 1.536276 0.030000 5.135954 0.030000 6.296104 0.030000
3.246089 0.150000 4.908945 0.030000 1.492525 0.030000 5.212084 0.150000 6.357824 0.030000
3.086563 0.030000 4.942753 0.030000 1.552949 0.030000 5.074713 0.030000 6.380706 0.030000
3.030615 0.030000 4.937586 0.030000 1.602545 0.030000 5.058761 0.030000 6.440448 0.030000
3.901990 0.150000 4.953931 0.030000 1.566474 0.030000 5.064527 0.030000 6.442234 0.030000
3.040741 0.030000 5.065960 0.030000 1.626394 0.030000 5.488427 0.150000 6.441071 0.030000
3.062718 0.030000 5.064606 0.030000 1.605751 0.030000 5.031837 0.030000 6.431651 0.030000
3.045584 0.030000 5.026968 0.030000 1.637160 0.030000 5.004413 0.030000 6.494630 0.030000
3.055341 0.030000 5.042048 0.030000 1.681653 0.030000 5.090246 0.030000 6.439660 0.030000
2.952323 0.030000 5.099375 0.030000 2.143789 0.150000 5.050635 0.030000 6.525103 0.030000
2.994509 0.030000 5.138657 0.030000 1.708613 0.030000 5.062586 0.030000 6.463340 0.030000
3.577749 0.150000 5.148774 0.030000 1.760785 0.030000 5.025814 0.030000 6.560358 0.030000
2.984772 0.030000 5.260606 0.030000 2.320783 0.150000 5.016448 0.030000 6.591214 0.030000
2.999765 0.030000 5.165081 0.030000 1.741625 0.030000 4.998880 0.030000 6.579796 0.030000
2.973868 0.030000 5.271863 0.030000 1.813613 0.030000 4.965521 0.030000 6.572925 0.030000
2.905440 0.030000 5.264269 0.030000 2.186388 0.150000 4.972029 0.030000 6.555357 0.030000
2.927006 0.030000 5.784004 0.150000 1.854199 0.030000 4.992682 0.030000 6.633246 0.030000
2.942078 0.030000 5.240719 0.030000 1.826566 0.030000 4.966099 0.030000 6.626339 0.030000
2.922500 0.030000 5.310221 0.030000 1.904493 0.030000 4.996929 0.030000 6.651107 0.030000
2.923706 0.030000 5.309593 0.030000 1.908558 0.030000 4.954545 0.030000 6.653102 0.030000
2.769348 0.150000 5.379876 0.030000 2.257967 0.150000 5.010823 0.030000 6.691115 0.150000
2.928522 0.030000 5.355176 0.030000 1.950212 0.030000 4.983522 0.030000 6.778007 0.150000
2.912195 0.030000 5.357101 0.030000 1.959491 0.030000 4.937422 0.030000 6.712830 0.030000
2.836754 0.030000 5.284659 0.030000 1.935249 0.030000 4.918360 0.030000 6.706923 0.030000
2.828552 0.030000 5.365370 0.030000 2.005666 0.030000 4.981541 0.030000 6.741873 0.030000
3.721296 0.150000 5.469094 0.150000 1.988381 0.030000 4.932544 0.030000 6.763348 0.030000
2.860833 0.030000 5.393149 0.030000 2.023736 0.030000 4.924213 0.030000 6.762790 0.030000
2.883822 0.030000 5.452553 0.030000 1.987585 0.030000 4.890395 0.030000 6.740873 0.030000
2.868322 0.030000 5.373189 0.030000 2.062194 0.030000 4.928650 0.030000 6.767972 0.030000
2.820609 0.030000 5.413843 0.030000 2.068238 0.030000 5.008450 0.030000 6.707750 0.030000
2.833181 0.030000 5.409750 0.030000 2.053812 0.030000 4.941928 0.030000 6.820948 0.030000
2.821726 0.030000 5.494364 0.030000 2.057968 0.030000 4.910616 0.030000 6.775750 0.030000
2.779751 0.030000 5.468196 0.030000 1.997072 0.030000 4.932170 0.030000 6.806300 0.030000
2.845582 0.030000 5.512847 0.030000 1.982759 0.030000 4.939391 0.030000 6.788551 0.030000
3.742735 0.150000 5.469607 0.030000 2.091261 0.030000 4.873848 0.030000 6.815581 0.030000
2.791192 0.030000 5.502818 0.030000 2.320112 0.150000 4.882563 0.030000 6.824501 0.030000
2.821530 0.030000 5.524659 0.030000 2.450600 0.150000 4.912894 0.030000 6.840999 0.030000
2.814654 0.030000 5.492920 0.030000 2.134466 0.030000 4.845453 0.030000 6.826923 0.030000
2.763222 0.030000 5.712321 0.150000 2.168426 0.030000 4.914622 0.030000 6.807215 0.030000
3.054072 0.150000 5.726521 0.150000 2.130388 0.030000 4.879973 0.030000 6.831068 0.030000
2.840218 0.030000 5.549276 0.030000 2.166121 0.030000 4.882897 0.030000 6.903639 0.030000
2.766638 0.030000 5.547722 0.030000 2.159743 0.030000 4.855340 0.030000 6.863086 0.030000
2.795904 0.030000 5.581777 0.030000 2.168677 0.030000 4.916803 0.030000 6.862773 0.030000
2.812692 0.030000 5.589062 0.030000 2.122110 0.030000 4.861632 0.030000 6.882527 0.030000
2.793883 0.030000 5.342618 0.150000 2.222921 0.030000 4.862907 0.030000 6.917402 0.030000
2.797058 0.030000 5.603503 0.030000 2.231697 0.030000 4.862556 0.030000 6.904342 0.030000
2.775628 0.030000 5.574814 0.030000 2.227537 0.030000 4.895026 0.030000 6.899042 0.030000
2.784708 0.030000 5.933463 0.150000 2.108143 0.030000 4.822516 0.030000 7.350401 0.150000
2.797059 0.030000 5.619625 0.030000 2.214000 0.030000 4.876390 0.030000 6.951667 0.030000
2.754382 0.030000 5.652699 0.030000 2.219716 0.030000 4.896225 0.030000 6.928625 0.030000
2.783136 0.030000 5.617571 0.030000 2.259890 0.030000 4.849399 0.030000 6.943869 0.030000
2.735103 0.030000 5.673803 0.030000 3.303889 0.150000 4.809893 0.030000 6.953333 0.030000
2.765945 0.030000 5.674887 0.030000 2.255401 0.030000 4.733816 0.150000 6.954307 0.030000
2.832554 0.030000 5.716585 0.030000 2.228619 0.030000 4.815218 0.030000 8.128124 0.150000
2.861498 0.030000 6.349127 0.150000 2.666912 0.150000 4.793584 0.030000 6.961493 0.030000
2.793781 0.030000 5.979181 0.150000 2.255415 0.030000 4.770176 0.030000 6.907606 0.030000
2.791080 0.030000 5.788672 0.030000 2.198271 0.150000 4.771591 0.030000 6.917139 0.030000
2.812314 0.030000 5.474589 0.150000 2.384732 0.030000 4.781384 0.030000 6.975359 0.030000
2.868240 0.030000 5.795652 0.030000 2.234809 0.030000 4.770762 0.030000 6.962471 0.030000
2.900398 0.030000 5.857461 0.030000 2.362876 0.030000 4.728333 0.030000 6.960591 0.030000
2.668219 0.150000 5.869495 0.030000 2.323868 0.030000 4.688433 0.030000 6.890918 0.030000
2.913657 0.030000 5.825020 0.030000 2.344527 0.150000 4.591806 0.030000 6.891340 0.030000
2.963886 0.030000 5.870803 0.030000 2.304073 0.030000 4.633141 0.030000 6.919091 0.030000
2.928932 0.030000 5.980635 0.030000 2.305656 0.030000 4.609200 0.030000 6.910848 0.030000
2.941287 0.030000 5.948868 0.030000 2.342747 0.030000 4.560195 0.030000 7.189748 0.150000
3.029616 0.030000 5.968077 0.030000 2.319548 0.030000 5.300615 0.150000 6.897762 0.030000
3.043938 0.030000 5.976737 0.030000 2.290644 0.030000 4.519373 0.030000 6.870236 0.030000
3.045946 0.030000 6.006985 0.030000 2.303290 0.030000 4.478106 0.030000 6.859135 0.030000
3.071456 0.030000 5.987275 0.030000 2.292477 0.030000 4.420516 0.030000 6.831714 0.030000
3.114666 0.030000 5.981626 0.030000 2.254942 0.030000 4.425336 0.030000 6.801207 0.030000
4.002604 0.150000 6.037645 0.030000 2.293930 0.030000 4.423713 0.030000 7.264529 0.150000
3.135526 0.030000 6.051598 0.030000 2.298624 0.030000 4.351044 0.030000 6.745794 0.030000
3.988098 0.150000 6.090518 0.030000 2.317771 0.030000 4.349726 0.030000 6.713872 0.030000
3.201520 0.030000 6.010119 0.150000 2.278001 0.030000 4.365095 0.030000 6.800047 0.030000
3.207070 0.030000 6.102138 0.030000 2.280441 0.030000 4.244754 0.030000 6.683517 0.030000
3.260607 0.030000 6.140899 0.030000 2.251140 0.030000 4.199186 0.030000 6.671698 0.030000
3.259171 0.030000 6.987511 0.150000 2.306315 0.030000 4.196331 0.030000 6.664384 0.030000
3.283584 0.030000 6.188026 0.030000 2.240079 0.030000 4.229964 0.030000 6.678172 0.030000
3.379137 0.030000 6.274199 0.030000 2.269349 0.030000 4.131839 0.030000 6.663388 0.030000
3.396443 0.030000 6.640146 0.150000 2.213139 0.030000 4.110399 0.030000 6.754870 0.150000
3.408860 0.030000 6.629484 0.150000 2.257616 0.030000 4.119344 0.030000 6.667977 0.150000
3.490090 0.030000 6.102732 0.150000 2.396814 0.150000 4.016259 0.030000 7.088133 0.150000
3.468135 0.030000 6.298688 0.030000 2.240640 0.030000 4.181781 0.150000 7.312728 0.150000
3.530879 0.030000 6.798482 0.150000 2.315964 0.030000 4.015624 0.030000 6.586312 0.030000
3.571990 0.030000 6.279153 0.030000 2.256288 0.030000 4.699687 0.150000 6.531702 0.030000
3.597197 0.030000 6.303370 0.030000 2.202535 0.030000 4.268716 0.150000 6.507913 0.030000
3.619060 0.030000 6.287989 0.030000 2.241341 0.030000 3.882715 0.030000 6.529764 0.030000
3.656580 0.030000 6.324044 0.030000 2.269699 0.030000 3.853882 0.030000 6.562370 0.150000
3.605575 0.030000 6.351325 0.030000 2.295695 0.030000 3.812123 0.030000 6.486017 0.030000
3.748782 0.030000 6.379019 0.030000 2.165798 0.030000 3.773113 0.030000 6.446880 0.030000
3.688009 0.030000 6.365262 0.030000 1.979562 0.150000 3.808990 0.030000 6.455276 0.030000
3.768419 0.030000 6.432456 0.030000 2.323008 0.030000 3.789772 0.030000 6.445861 0.030000
3.786881 0.030000 6.400337 0.030000 2.620064 0.150000 3.804893 0.030000 6.387154 0.150000
3.763710 0.030000 6.390475 0.030000 2.285134 0.150000 3.740668 0.030000 6.487609 0.150000
3.799416 0.030000 6.433006 0.030000 2.302176 0.030000 3.773125 0.030000 6.443218 0.030000
3.815151 0.030000 6.430817 0.030000 2.506024 0.150000 3.655224 0.030000 6.439821 0.030000
3.795049 0.030000 6.475404 0.030000 2.274231 0.030000 3.686252 0.030000 7.017706 0.150000
3.881878 0.030000 6.467166 0.030000 2.267672 0.030000 3.602598 0.030000 6.319692 0.030000
3.905377 0.030000 6.480398 0.030000 2.328436 0.030000 3.575303 0.030000 6.367911 0.030000
3.953411 0.150000 6.515335 0.030000 2.295592 0.030000 3.566178 0.030000 6.304945 0.030000
3.923062 0.030000 6.483113 0.030000 2.313269 0.030000 3.564901 0.030000 6.348722 0.030000
3.959592 0.030000 6.486352 0.030000 2.314203 0.030000 3.605571 0.030000 7.725719 0.150000
3.992445 0.030000 6.513595 0.030000 2.313120 0.030000 3.531135 0.030000 6.319629 0.030000
3.981813 0.030000 6.490035 0.030000 2.318976 0.030000 3.522539 0.030000 6.325577 0.030000
4.020313 0.030000 6.519793 0.030000 2.346239 0.030000 3.518982 0.030000 6.269365 0.030000
3.981924 0.030000 6.567529 0.030000 2.300418 0.030000 3.513401 0.030000 6.908414 0.150000
5.019378 0.150000 6.576523 0.030000 2.349796 0.030000 3.433889 0.030000 6.305377 0.030000
4.024064 0.030000 6.605415 0.030000 2.297133 0.030000 3.449263 0.030000 6.607802 0.150000
4.044926 0.030000 6.604130 0.030000 2.362819 0.030000 3.456881 0.030000 6.215774 0.030000
4.040294 0.030000 6.638304 0.030000 2.368332 0.030000 3.362197 0.030000 6.237811 0.030000
4.127483 0.030000 6.532359 0.030000 2.369374 0.030000 3.413055 0.030000 6.228204 0.030000
4.119287 0.030000 6.587922 0.030000 2.362290 0.030000 3.399871 0.030000 6.213370 0.030000
4.139953 0.030000 6.636602 0.030000 2.315495 0.030000 3.382671 0.030000 6.201132 0.030000
4.126434 0.030000 6.611253 0.030000 2.315028 0.030000 3.415729 0.030000 6.217090 0.030000
4.121697 0.030000 6.626361 0.030000 2.350855 0.030000 3.370671 0.030000 6.212209 0.030000
4.134986 0.030000 6.630625 0.030000 2.359901 0.030000 3.387404 0.030000 6.157339 0.030000
4.142966 0.030000 6.688108 0.030000 2.452763 0.150000 3.354453 0.030000 6.245080 0.030000
4.172012 0.030000 6.665127 0.030000 2.379168 0.030000 3.315509 0.030000 6.183860 0.030000
4.181720 0.030000 6.688009 0.030000 2.340531 0.030000 3.299071 0.030000 6.177458 0.030000
4.149681 0.030000 6.664139 0.030000 2.390847 0.030000 3.290614 0.030000 6.171896 0.030000
4.246752 0.030000 6.665862 0.030000 2.372890 0.030000 3.289609 0.030000 6.178360 0.030000
4.245647 0.030000 6.683012 0.030000 2.392520 0.030000 3.280104 0.030000 6.213336 0.030000
4.269083 0.030000 6.689570 0.030000 2.387659 0.030000 3.271858 0.030000 6.167817 0.030000
4.310320 0.030000 6.634410 0.030000 2.334718 0.030000 3.059670 0.150000 6.212767 0.030000
4.278587 0.030000 6.698540 0.030000 2.333356 0.030000 3.277244 0.030000 6.130002 0.030000
4.241115 0.030000 6.685452 0.030000 2.381758 0.030000 3.220717 0.030000 6.129093 0.030000
4.188328 0.030000 6.753332 0.030000 2.345834 0.030000 3.272431 0.030000 6.137993 0.030000
4.202334 0.030000 6.640987 0.030000 2.346709 0.030000 3.281140 0.030000 6.104002 0.030000
4.233106 0.030000 6.712881 0.030000 2.370089 0.030000 3.249258 0.030000 6.172200 0.030000
4.273525 0.030000 7.289120 0.150000 2.389952 0.030000 3.299896 0.030000 6.252549 0.030000
4.310420 0.030000 6.695235 0.030000 2.417734 0.030000 3.189924 0.030000 6.169678 0.030000
4.291832 0.030000 6.694493 0.030000 2.404912 0.030000 3.290002 0.030000 6.136482 0.030000
4.288749 0.030000 6.724882 0.030000 2.418755 0.030000 3.241097 0.030000 6.131934 0.030000
4.263805 0.030000 6.726072 0.030000 2.517982 0.150000 3.202457 0.030000 6.077784 0.030000
4.299479 0.030000 6.781731 0.030000 2.366045 0.030000 3.169829 0.030000 6.115521 0.030000
4.353973 0.030000 6.759121 0.030000 2.395190 0.030000 3.187685 0.030000 6.095716 0.030000
4.346257 0.030000 6.756763 0.030000 2.368523 0.030000 3.134102 0.030000 6.085075 0.030000
4.372901 0.030000 6.714696 0.030000 2.359477 0.030000 3.119437 0.030000 6.089083 0.030000
4.379591 0.030000 6.732797 0.030000 2.380914 0.030000 3.121597 0.030000 6.089995 0.030000
4.390755 0.030000 6.760426 0.030000 2.388022 0.030000 3.164983 0.030000 6.041884 0.030000
4.374932 0.030000 6.741741 0.030000 2.325391 0.030000 3.095005 0.030000 5.964644 0.030000
4.406564 0.150000 6.698273 0.030000 2.709330 0.150000 3.106327 0.030000 5.981497 0.030000
4.462088 0.030000 6.663725 0.030000 2.322695 0.030000 3.135034 0.030000 5.925095 0.030000
4.508085 0.030000 6.703706 0.030000 2.227346 0.030000 3.078622 0.030000 5.937007 0.030000
4.469403 0.030000 6.652385 0.030000 2.317855 0.030000 3.124797 0.030000 5.920994 0.030000
4.484155 0.030000 6.670510 0.030000 2.260338 0.030000 3.165677 0.030000 5.883634 0.030000
4.479008 0.030000 6.689279 0.030000 2.242798 0.030000 3.106435 0.030000 6.085047 0.150000
4.501793 0.030000 6.657642 0.030000 2.216155 0.030000 3.131648 0.030000 5.824380 0.030000
4.554911 0.030000 6.608217 0.030000 2.396764 0.150000 3.146604 0.030000 5.740849 0.030000
4.523455 0.030000 6.576036 0.030000 2.137966 0.030000 3.135988 0.030000 5.777610 0.030000
4.552536 0.030000 6.520152 0.030000 2.137191 0.030000 3.123339 0.030000 5.744036 0.030000
4.576259 0.030000 6.971606 0.150000 2.113335 0.030000 3.145382 0.030000 5.704183 0.030000
4.555413 0.030000 6.546579 0.030000 2.159353 0.030000 3.199841 0.150000 5.760876 0.030000
4.554732 0.030000 6.525400 0.030000 2.076742 0.030000 3.157736 0.030000 5.656696 0.030000
4.590724 0.030000 6.508289 0.030000 2.060755 0.030000 3.180347 0.030000 5.725258 0.030000
4.613414 0.030000 6.466217 0.030000 2.026160 0.030000 3.525885 0.150000 5.646566 0.030000
4.616372 0.030000 6.922931 0.150000 1.985089 0.030000 3.868478 0.150000 5.557550 0.030000
4.594504 0.030000 6.517704 0.030000 1.913314 0.030000 3.081742 0.150000 5.567125 0.030000
4.589531 0.030000 6.408763 0.030000 1.928116 0.030000 3.216554 0.030000 5.506114 0.030000
4.595546 0.030000 6.395356 0.150000 1.968963 0.150000 3.203542 0.030000 5.500547 0.030000
4.630627 0.030000 6.384947 0.030000 1.854661 0.030000 3.260404 0.030000 5.445871 0.030000
4.659815 0.030000 6.344599 0.030000 1.789551 0.030000 3.247104 0.030000 5.398203 0.030000
4.698191 0.030000 6.344719 0.030000 1.818019 0.030000 3.268756 0.030000 5.379985 0.030000
4.706957 0.030000 7.843590 0.150000 1.771193 0.030000 3.277868 0.030000 5.347906 0.030000
4.785905 0.150000 6.321181 0.030000 1.765932 0.030000 3.347403 0.030000 5.323289 0.030000
4.672367 0.030000 6.291060 0.030000 1.689940 0.030000 3.587542 0.150000 5.369350 0.030000
4.666231 0.030000 6.261241 0.030000 1.723631 0.030000 3.339231 0.030000 5.282566 0.030000
4.723638 0.030000 6.159843 0.030000 1.726025 0.030000 3.354893 0.030000 5.248528 0.030000
4.685288 0.030000 6.215429 0.030000 1.617461 0.030000 3.378223 0.030000 5.324988 0.030000
4.749130 0.030000 6.150280 0.030000 1.653573 0.030000 3.341441 0.030000 5.239405 0.030000
4.768410 0.030000 6.180367 0.030000 1.453842 0.150000 3.366770 0.030000 5.187528 0.030000
4.737793 0.030000 6.097238 0.030000 1.576683 0.030000 3.391215 0.030000 5.188301 0.030000
4.763372 0.030000 6.141306 0.030000 1.566062 0.030000 3.450126 0.030000 5.132544 0.030000
4.743367 0.030000 6.043965 0.030000 1.520987 0.030000 3.735041 0.150000 5.120687 0.030000
4.762434 0.030000 6.108092 0.030000 1.505358 0.030000 3.422037 0.030000 5.164606 0.030000
4.822180 0.030000 6.090895 0.030000 1.504596 0.030000 3.496407 0.030000 5.095764 0.030000
4.844497 0.030000 6.035262 0.030000 2.224270 0.150000 3.477695 0.030000 5.907473 0.150000
4.812182 0.030000 5.997051 0.030000 1.454187 0.030000 3.477688 0.030000 4.993605 0.030000
4.826017 0.030000 5.987527 0.030000 1.418759 0.030000 3.546939 0.030000 5.028764 0.030000
4.826789 0.030000 5.930515 0.030000 1.356930 0.030000 3.604989 0.030000 5.008222 0.030000
4.838395 0.030000 5.934270 0.030000 1.392504 0.030000 3.524117 0.030000 4.967552 0.030000
4.858192 0.030000 5.929468 0.030000 1.725022 0.150000 3.568555 0.030000 4.926626 0.030000
4.840337 0.030000 5.915038 0.030000 1.312298 0.030000 3.644715 0.030000 4.919885 0.030000
4.896957 0.030000 6.370536 0.150000 1.326947 0.030000 3.596602 0.030000 4.874044 0.030000
4.912080 0.030000 5.865935 0.030000 1.277048 0.030000 3.647050 0.030000 4.864781 0.030000
4.953570 0.030000 5.853581 0.030000 1.283737 0.030000 3.665123 0.030000 4.864226 0.030000
4.929743 0.030000 5.816138 0.030000 1.207742 0.030000 3.627909 0.030000 4.869879 0.030000
4.954422 0.030000 5.799784 0.030000 1.202149 0.030000 3.619609 0.030000 4.802307 0.030000
4.909433 0.030000 5.733069 0.030000 1.238292 0.030000 3.678952 0.030000 4.800122 0.030000
4.911129 0.030000 5.760048 0.030000 1.124040 0.030000 3.696144 0.030000 4.755178 0.030000
4.980318 0.030000 5.685496 0.030000 1.159161 0.030000 3.756723 0.030000 4.713296 0.030000
4.999611 0.030000 5.703894 0.030000 1.129438 0.030000 4.047122 0.150000 4.737248 0.030000
5.009522 0.030000 5.993543 0.150000 1.130572 0.030000 3.786585 0.030000 4.697067 0.030000
4.965093 0.030000 5.661898 0.030000 1.116982 0.030000 3.795648 0.030000 4.663737 0.030000
5.002643 0.030000 5.681217 0.030000 1.089750 0.030000 3.821736 0.030000 4.637689 0.030000
4.996280 0.030000 5.712953 0.030000 1.117688 0.030000 3.775828 0.030000 4.564806 0.030000
5.208079 0.150000 5.705457 0.030000 1.055432 0.030000 3.811620 0.030000 4.562120 0.030000
5.311323 0.150000 5.632445 0.030000 1.026262 0.030000 3.827300 0.030000 4.542224 0.030000
5.059350 0.030000 5.546464 0.030000 1.030817 0.030000 3.880545 0.030000 4.626768 0.030000
5.114584 0.030000 5.588689 0.030000 0.986019 0.030000 3.887000 0.030000 4.479729 0.030000
5.062588 0.030000 5.521227 0.030000 1.032226 0.030000 3.929166 0.030000 5.176743 0.150000
5.080274 0.030000 5.548289 0.030000 0.991661 0.030000 3.906673 0.030000 5.476469 0.150000
5.192984 0.030000 5.571157 0.030000 1.112998 0.150000 3.974184 0.030000 4.439728 0.030000
5.179996 0.030000 6.085735 0.150000 0.978873 0.030000 4.042391 0.150000 4.433070 0.030000
5.221644 0.030000 5.477322 0.030000 1.028199 0.030000 4.025832 0.030000 4.566036 0.150000
5.214174 0.030000 5.496386 0.030000 0.973722 0.030000 4.072608 0.030000 4.400052 0.030000
5.211543 0.030000 5.462038 0.030000 0.997190 0.030000 4.015771 0.030000 4.345757 0.030000
5.231739 0.030000 5.556967 0.150000 0.958511 0.030000 4.060233 0.030000 4.296745 0.030000
5.235524 0.030000 5.412789 0.030000 0.969535 0.030000 4.127000 0.030000 4.262365 0.030000
5.252621 0.030000 5.403458 0.030000 0.931813 0.030000 4.097765 0.030000 4.274863 0.030000
5.341167 0.030000 5.410462 0.030000 0.968464 0.030000 3.881694 0.150000 4.311251 0.030000
5.319996 0.030000 5.323286 0.030000 0.942476 0.030000 4.085238 0.030000 4.224646 0.030000
5.313524 0.030000 5.303052 0.030000 0.921149 0.030000 4.154619 0.030000 4.194615 0.030000
5.376975 0.030000 5.337449 0.030000 0.971226 0.030000 4.219932 0.030000 4.148731 0.030000
5.366188 0.030000 5.331501 0.030000 0.990456 0.030000 4.227252 0.030000 4.154137 0.030000
5.338622 0.030000 5.313900 0.030000 0.960224 0.030000 4.236984 0.030000 4.143445 0.030000
5.350585 0.030000 5.296205 0.030000 0.934120 0.030000 4.223657 0.030000 4.113627 0.030000
5.409707 0.030000 5.229881 0.030000 0.969252 0.030000 4.270804 0.030000 4.069735 0.030000
5.393818 0.030000 5.249861 0.030000 0.960101 0.030000 4.278121 0.030000 4.074904 0.030000
5.454898 0.030000 5.230513 0.030000 1.001091 0.030000 4.320826 0.030000 4.097992 0.030000
5.484529 0.030000 5.195598 0.030000 1.011351 0.030000 4.344699 0.030000 4.114037 0.030000
5.488850 0.030000 5.208519 0.030000 1.583046 0.150000 4.370733 0.030000 4.075493 0.030000
5.523776 0.030000 5.742193 0.150000 0.902636 0.030000 4.361479 0.030000 4.024183 0.030000
5.521360 0.030000 5.201346 0.030000 1.005119 0.030000 4.294760 0.150000 3.983383 0.030000
5.490276 0.030000 5.203133 0.030000 1.268203 0.150000 5.003432 0.150000 3.790570 0.150000
5.566380 0.030000 5.142797 0.030000 0.983483 0.030000 4.464616 0.030000 3.998372 0.030000
5.526668 0.030000 5.146948 0.030000 1.049684 0.030000 4.457953 0.030000 3.913816 0.030000
5.630063 0.030000 5.124597 0.030000 1.001535 0.030000 4.427082 0.030000 3.922814 0.030000
5.641235 0.030000 5.119199 0.030000 1.044356 0.030000 4.501391 0.030000 4.088312 0.150000
5.667174 0.030000 5.067026 0.030000 1.059967 0.030000 5.026914 0.150000 3.885928 0.030000
5.673337 0.030000 5.052717 0.030000 1.062096 0.030000 4.477830 0.150000 4.189383 0.150000
5.633131 0.030000 5.046990 0.030000 1.050867 0.030000 4.523560 0.030000 3.814116 0.030000
5.743552 0.030000 5.026275 0.030000 1.081274 0.030000 4.590040 0.030000 3.778467 0.030000
5.723000 0.030000 4.978433 0.030000 1.132807 0.030000 4.712020 0.030000 3.790589 0.030000
5.719861 0.030000 5.008602 0.030000 1.135702 0.030000 4.623578 0.030000 3.751357 0.030000
5.867952 0.150000 5.844569 0.150000 1.078174 0.030000 4.645610 0.030000 3.708455 0.030000
5.793761 0.030000 5.042097 0.030000 1.147675 0.030000 4.713217 0.030000 3.768845 0.030000
5.725346 0.030000 4.941428 0.030000 1.534521 0.150000 5.086742 0.150000 3.691319 0.030000
6.526773 0.150000 4.966965 0.030000 1.155022 0.030000 4.699786 0.030000 3.685906 0.030000
5.804803 0.030000 4.972064 0.030000 1.241573 0.030000 4.749551 0.030000 3.703294 0.030000
5.823028 0.030000 4.943090 0.030000 1.514718 0.150000 4.769500 0.030000 3.644847 0.030000
5.826454 0.030000 4.937954 0.030000 1.266618 0.030000 4.746383 0.030000 3.614314 0.030000
5.958070 0.150000 4.932689 0.030000 1.293186 0.030000 4.820580 0.030000 3.546443 0.030000
5.918428 0.030000 4.876528 0.030000 1.294732 0.030000 4.917811 0.030000 3.779473 0.150000
5.857325 0.030000 4.925686 0.030000 1.587501 0.150000 4.868839 0.030000 3.572562 0.030000
5.882661 0.030000 4.838355 0.030000 1.342487 0.030000 4.903547 0.030000 3.577373 0.030000
6.005887 0.030000 4.615705 0.150000 1.807550 0.150000 4.966560 0.030000 3.528446 0.030000
5.995286 0.030000 4.837835 0.030000 1.335839 0.030000 4.952310 0.030000 3.512950 0.030000
6.005128 0.030000 4.848410 0.030000 1.406306 0.030000 5.022131 0.030000 3.479881 0.030000
5.994120 0.030000 4.832118 0.030000 1.380512 0.150000 5.368263 0.150000 3.514074 0.030000
6.033130 0.030000 4.834753 0.030000 1.463970 0.030000 5.096653 0.030000 3.461228 0.030000
6.050094 0.030000 4.816396 0.030000 1.478489 0.030000 5.015345 0.030000 3.454440 0.030000
6.044919 0.030000 4.791625 0.030000 1.463154 0.030000 5.078061 0.030000 3.430804 0.030000
6.742000 0.150000 4.814250 0.030000 1.699878 0.150000 5.113683 0.030000 3.396383 0.030000
6.076932 0.030000 4.781463 0.030000 1.560873 0.030000 5.126796 0.030000 3.393138 0.030000
6.195307 0.030000 4.760573 0.030000 1.571082 0.030000 5.164466 0.030000 3.408657 0.030000
6.132240 0.030000 4.751600 0.030000 1.594183 0.030000 5.203327 0.030000 3.392816 0.030000
6.209694 0.030000 4.720540 0.030000 1.616653 0.030000 5.176162 0.030000 3.317043 0.030000
6.211201 0.030000 4.681237 0.030000 1.668824 0.030000 5.165644 0.030000 3.328985 0.030000
6.263199 0.030000 4.664012 0.030000 1.623247 0.030000 5.250920 0.030000 3.365679 0.030000
6.249686 0.030000 4.667995 0.030000 1.696764 0.030000 5.306753 0.030000 3.319699 0.030000
6.262624 0.030000 4.670457 0.030000 1.953195 0.150000 5.247851 0.030000 3.294103 0.030000
6.283677 0.030000 4.681431 0.030000 1.721776 0.030000 5.285640 0.030000 3.246281 0.030000
6.249907 0.030000 4.745867 0.030000 1.768235 0.030000 5.301515 0.030000 3.221795 0.030000
6.288107 0.030000 4.647077 0.030000 1.752653 0.030000 5.408211 0.030000 3.269529 0.030000
6.318578 0.030000 4.693369 0.030000 1.775712 0.030000 5.371779 0.030000 3.194722 0.030000
6.359025 0.030000 4.580816 0.030000 1.762540 0.030000 5.543021 0.150000 3.367763 0.150000
6.345651 0.030000 4.739335 0.150000 1.887412 0.030000 5.427262 0.030000 3.194850 0.030000
6.367224 0.030000 4.696548 0.030000 1.868886 0.030000 5.222832 0.150000 3.241023 0.030000
6.391530 0.030000 4.906867 0.150000 1.853639 0.030000 5.472564 0.030000 3.226933 0.030000
6.454341 0.030000 4.643381 0.030000 1.864232 0.030000 5.440082 0.030000 3.197419 0.030000
6.455915 0.030000 4.595446 0.030000 2.407970 0.150000 5.429760 0.030000 3.181430 0.030000
6.398496 0.030000 4.548713 0.030000 1.903490 0.030000 6.071660 0.150000 3.185490 0.030000
6.519269 0.150000 4.616089 0.030000 1.922346 0.030000 5.535164 0.030000 4.072896 0.150000
6.487574 0.030000 4.596213 0.030000 1.968463 0.030000 5.510119 0.030000 3.254512 0.030000
6.491869 0.030000 4.634737 0.030000 1.971217 0.030000 5.561915 0.030000 3.101093 0.030000
7.337341 0.150000 4.606202 0.030000 1.927195 0.030000 5.599921 0.150000 3.118320 0.030000
6.537623 0.030000 4.558314 0.030000 1.981770 0.030000 5.540702 0.030000 3.153186 0.030000
6.456203 0.030000 4.637115 0.030000 2.131740 0.150000 5.657503 0.030000 3.317171 0.150000
6.523300 0.030000 4.637916 0.030000 2.034314 0.030000 5.592193 0.030000 3.133617 0.030000
6.496141 0.030000 4.630666 0.030000 1.976156 0.030000 5.646543 0.030000 3.079685 0.030000
6.535090 0.030000 4.504349 0.030000 2.026254 0.030000 5.647814 0.030000 3.151727 0.030000
6.552556 0.150000 4.723789 0.150000 2.029294 0.030000 5.596264 0.030000 3.081778 0.030000
6.574161 0.030000 4.584440 0.150000 2.067703 0.030000 5.686246 0.030000 3.094125 0.030000
6.628103 0.030000 4.597665 0.030000 2.112712 0.030000 5.624949 0.030000 3.410503 0.150000
6.584144 0.030000 4.547810 0.030000 2.101210 0.030000 5.617912 0.030000 3.058976 0.030000
6.984494 0.150000 4.801702 0.150000 2.160760 0.030000 6.481583 0.150000 3.113938 0.030000
6.608045 0.030000 4.516205 0.030000 2.050324 0.030000 5.727598 0.030000 3.127156 0.030000
6.643198 0.030000 4.535871 0.030000 2.085792 0.030000 5.713912 0.030000 3.077896 0.030000
6.661948 0.030000 4.490170 0.030000 2.123759 0.030000 5.658194 0.150000 3.300206 0.150000
6.636188 0.030000 4.601832 0.030000 2.170831 0.030000 5.708062 0.030000 3.083670 0.030000
6.603623 0.030000 4.466462 0.030000 2.144968 0.030000 5.741599 0.030000 3.098640 0.030000
6.628474 0.030000 4.524506 0.030000 2.150363 0.030000 5.794742 0.030000 3.048530 0.030000
6.633619 0.030000 4.520516 0.030000 2.199834 0.030000 5.615119 0.150000 3.093033 0.030000
6.660526 0.030000 4.525391 0.030000 2.254622 0.030000 5.719227 0.030000 3.004050 0.030000
6.615728 0.030000 4.517246 0.030000 2.221894 0.030000 5.897707 0.150000 3.056417 0.030000
6.651265 0.030000 4.549366 0.030000 2.217447 0.030000 5.752710 0.030000 3.129503 0.030000
6.693101 0.030000 4.552203 0.030000 2.177785 0.030000 5.787525 0.030000 2.744000 0.150000
6.699701 0.030000 4.575627 0.030000 2.155857 0.030000 5.817060 0.030000 3.039414 0.030000
6.702663 0.030000 4.493749 0.030000 2.240853 0.030000 5.820285 0.030000 3.079154 0.030000
6.682010 0.030000 4.526077 0.030000 2.473882 0.150000 5.810999 0.030000 3.087072 0.030000
6.716927 0.030000 4.510636 0.030000 2.194189 0.030000 6.278889 0.150000 3.034808 0.030000
6.692022 0.030000 4.538996 0.030000 2.212817 0.030000 6.122488 0.150000 3.029267 0.150000
6.789214 0.030000 4.573769 0.030000 2.260411 0.030000 5.804973 0.030000 3.037692 0.030000
6.673321 0.030000 4.531254 0.030000 2.292855 0.030000 5.780123 0.030000 3.030539 0.030000
6.785312 0.030000 4.563522 0.030000 2.270881 0.030000 6.117539 0.150000 2.985018 0.030000
6.796971 0.030000 4.547757 0.030000 2.320816 0.030000 6.150636 0.150000 2.960669 0.030000
6.808622 0.030000 4.597337 0.030000 2.289857 0.030000 5.887269 0.030000 2.915636 0.030000
6.764289 0.030000 4.573910 0.030000 2.380826 0.030000 5.949829 0.150000 2.977265 0.030000
6.854817 0.030000 4.585605 0.030000 2.345819 0.030000 5.879601 0.030000 2.919254 0.030000
7.297069 0.150000 4.539240 0.030000 2.303779 0.030000 5.873428 0.030000 2.928917 0.030000
6.899294 0.030000 4.596027 0.030000 2.439602 0.030000 6.192479 0.150000 2.898373 0.030000
6.895426 0.030000 4.659277 0.030000 2.415643 0.030000 5.906717 0.030000 2.894982 0.030000
6.972234 0.030000 4.668759 0.030000 2.408773 0.030000 5.852164 0.030000 2.806244 0.030000
6.990993 0.030000 4.899396 0.150000 2.422251 0.030000 5.897891 0.030000 2.797566 0.030000
7.060544 0.030000 4.680412 0.030000 2.466371 0.030000 5.891386 0.030000 2.803411 0.030000
6.955508 0.030000 4.714519 0.030000 2.536305 0.030000 5.960308 0.030000 2.739498 0.030000
6.985204 0.030000 4.755578 0.030000 2.544704 0.030000 5.844136 0.030000 2.725622 0.030000
7.044562 0.030000 4.821049 0.030000 2.502136 0.030000 5.859947 0.030000 2.643966 0.030000
7.088266 0.030000 4.811796 0.030000 2.580151 0.030000 5.816835 0.030000 3.741585 0.150000
7.118150 0.030000 4.831535 0.030000 2.591243 0.030000 5.803262 0.030000 2.687881 0.030000
6.907983 0.150000 4.882575 0.030000 2.604455 0.030000 5.780512 0.030000 3.308889 0.150000
7.139667 0.030000 4.901137 0.030000 2.629373 0.030000 5.785463 0.030000 2.620766 0.030000
7.149335 0.030000 4.950639 0.030000 2.629791 0.030000 5.797805 0.030000 2.581785 0.030000
7.165904 0.030000 4.912944 0.030000 2.639788 0.030000 5.766988 0.030000 2.530995 0.030000
7.224466 0.030000 5.013552 0.030000 2.731106 0.030000 5.765982 0.030000 2.476430 0.030000
7.248660 0.030000 5.003487 0.030000 2.692832 0.030000 5.729535 0.030000 2.470295 0.030000
7.282793 0.030000 5.755169 0.150000 2.720719 0.030000 5.739725 0.030000 2.369364 0.030000
7.293297 0.030000 5.093267 0.030000 2.718400 0.030000 5.774461 0.030000 2.416949 0.030000
7.525196 0.150000 5.061016 0.030000 2.793942 0.030000 5.759339 0.150000 2.374512 0.030000
7.347604 0.030000 5.164225 0.030000 2.833380 0.030000 5.758149 0.030000 2.352833 0.030000
7.391744 0.030000 5.128500 0.030000 2.742221 0.030000 5.691152 0.030000 2.318677 0.030000
7.392585 0.030000 5.194715 0.030000 2.779341 0.030000 5.757386 0.030000 2.255717 0.030000
7.390998 0.030000 5.225348 0.030000 2.789348 0.030000 5.655835 0.030000 2.298005 0.030000
7.403227 0.030000 5.653537 0.150000 2.828173 0.030000 5.674261 0.030000 2.258309 0.030000
7.420443 0.030000 5.267206 0.030000 2.877199 0.030000 5.642848 0.030000 2.150010 0.030000
7.484793 0.030000 5.302745 0.030000 2.884249 0.030000 5.639241 0.030000 2.157879 0.030000
7.537543 0.030000 5.629957 0.150000 2.935329 0.030000 5.639454 0.030000 2.147307 0.030000
7.514575 0.030000 5.354113 0.030000 2.904452 0.030000 5.629897 0.030000 2.125594 0.030000
7.704122 0.150000 5.388051 0.030000 2.991167 0.030000 5.636104 0.030000 2.051668 0.030000
7.579578 0.030000 5.422050 0.030000 2.930911 0.030000 5.653951 0.030000 2.047681 0.030000
7.589961 0.030000 5.462717 0.030000 2.973908 0.030000 5.628136 0.030000 2.021554 0.030000
7.576727 0.030000 5.494174 0.030000 3.029419 0.030000 5.599297 0.030000 2.038710 0.030000
7.582695 0.030000 5.495134 0.030000 2.994525 0.030000 5.560882 0.030000 1.972052 0.030000
7.552931 0.030000 5.459950 0.030000 3.063803 0.030000 5.569446 0.030000 1.985084 0.030000
7.663415 0.030000 6.407612 0.150000 3.029150 0.030000 5.579551 0.030000 1.931410 0.150000
7.639401 0.030000 5.601831 0.030000 3.071159 0.030000 5.576336 0.030000 1.923365 0.030000
7.646862 0.030000 6.103639 0.150000 3.113614 0.030000 5.784046 0.150000 1.871001 0.030000
7.690232 0.030000 5.548879 0.030000 3.117729 0.030000 5.571089 0.030000 2.154435 0.150000
7.695453 0.030000 5.658371 0.030000 3.156782 0.030000 5.564963 0.030000 1.896878 0.030000
7.658488 0.030000 5.640907 0.030000 3.144726 0.030000 5.538516 0.030000 1.859495 0.030000
7.669629 0.030000 5.666666 0.030000 3.045261 0.030000 5.554551 0.030000 1.893455 0.030000
7.761814 0.030000 5.671962 0.030000 3.123522 0.030000 5.520343 0.030000 1.833085 0.030000
7.732300 0.030000 5.699489 0.030000 3.157311 0.030000 5.544030 0.030000 1.864502 0.030000
7.768926 0.030000 5.746701 0.030000 3.145573 0.030000 5.532294 0.030000 1.816359 0.030000
7.786373 0.030000 5.697303 0.030000 3.195186 0.030000 5.526143 0.030000 1.727586 0.030000
7.844345 0.030000 5.768404 0.030000 3.117613 0.030000 5.488857 0.030000 1.765515 0.030000
7.829668 0.030000 5.795736 0.030000 3.214353 0.030000 5.479253 0.030000 1.716774 0.030000
7.799805 0.030000 5.837262 0.030000 3.218058 0.030000 5.528405 0.030000 2.396407 0.150000
7.813793 0.030000 5.814899 0.030000 3.227912 0.030000 5.525319 0.030000 1.710420 0.030000
7.864563 0.030000 5.822206 0.030000 3.281023 0.030000 5.511003 0.030000 1.656868 0.030000
7.797565 0.030000 5.843806 0.030000 3.247646 0.030000 5.502304 0.030000 1.665194 0.030000
7.934204 0.030000 5.869001 0.030000 3.239684 0.030000 5.514686 0.030000 1.639821 0.030000
7.871260 0.030000 5.865456 0.030000 3.233641 0.030000 5.500894 0.030000 1.659934 0.030000
7.838737 0.030000 5.855696 0.030000 3.616061 0.150000 5.492643 0.030000 1.606010 0.030000
7.846289 0.030000 5.846360 0.030000 3.295925 0.030000 5.470219 0.030000 1.649424 0.030000
7.880628 0.030000 5.903255 0.030000 3.296295 0.030000 5.635974 0.150000 1.614151 0.030000
7.952423 0.030000 5.922261 0.030000 3.338179 0.030000 5.461510 0.030000 1.581094 0.030000
7.929801 0.150000 6.108583 0.150000 3.596060 0.150000 5.507351 0.030000 1.619522 0.030000
7.979211 0.030000 6.598342 0.150000 3.368337 0.030000 5.457162 0.030000 1.557097 0.030000
7.925143 0.030000 5.935020 0.030000 3.277980 0.150000 5.468668 0.030000 1.563003 0.030000
7.982265 0.030000 7.109922 0.150000 3.390383 0.030000 5.874473 0.150000 1.566878 0.030000
7.937707 0.030000 5.975688 0.030000 3.337227 0.030000 5.463995 0.030000 1.566117 0.030000
7.990049 0.030000 5.939640 0.030000 3.381609 0.030000 5.442273 0.030000 1.554767 0.030000
7.885394 0.030000 5.931453 0.030000 3.363376 0.030000 5.437284 0.030000 1.570166 0.030000
7.940952 0.030000 5.983859 0.030000 3.367856 0.030000 5.424978 0.030000 1.568039 0.030000
7.944788 0.030000 5.980333 0.030000 3.410446 0.030000 5.490420 0.030000 1.571863 0.030000
7.980136 0.030000 6.128938 0.150000 3.425100 0.030000 5.465393 0.030000 1.536287 0.030000
8.040515 0.030000 6.015100 0.030000 3.385223 0.030000 5.435457 0.030000 1.548152 0.030000
8.462664 0.150000 6.054317 0.030000 3.380226 0.030000 5.438843 0.030000 1.595226 0.030000
8.014329 0.030000 6.013156 0.030000 3.347522 0.030000 5.499667 0.030000 1.505362 0.030000
8.034267 0.030000 6.003740 0.030000 3.369322 0.030000 5.458131 0.030000 1.520706 0.030000
7.997470 0.030000 6.044007 0.030000 3.328283 0.030000 5.419287 0.030000 1.480819 0.030000
7.977673 0.030000 6.019888 0.030000 3.370002 0.030000 5.466563 0.030000 1.517708 0.030000
8.025957 0.030000 6.037603 0.030000 3.383778 0.030000 5.430549 0.030000 1.446853 0.030000
8.038881 0.030000 6.060078 0.030000 3.393018 0.030000 5.431262 0.030000 1.474037 0.030000
7.971303 0.030000 6.059436 0.030000 3.440542 0.030000 5.415320 0.030000 1.543454 0.150000
7.969384 0.030000 6.110756 0.030000 3.418829 0.030000 5.386676 0.030000 1.467603 0.030000
8.023799 0.030000 6.099611 0.030000 3.415965 0.030000 5.385462 0.030000 1.516757 0.030000
8.036490 0.030000 6.101205 0.030000 3.397781 0.030000 5.408778 0.030000 1.500705 0.030000
8.005463 0.030000 6.150908 0.030000 3.428224 0.030000 5.371775 0.030000 1.471005 0.030000
7.988145 0.030000 6.143176 0.030000 3.385162 0.030000 5.358122 0.030000 1.512511 0.030000
8.076467 0.030000 6.172480 0.030000 3.410934 0.030000 5.287295 0.030000 1.489389 0.030000
8.369745 0.150000 6.190670 0.030000 3.443264 0.030000 5.276246 0.030000 1.483366 0.030000
8.003200 0.030000 6.185912 0.030000 3.425089 0.030000 5.767629 0.150000 1.481407 0.030000
7.998924 0.030000 6.194743 0.030000 3.433228 0.030000 5.181201 0.030000 1.472149 0.030000
7.948651 0.030000 6.186211 0.030000 3.750840 0.150000 5.824348 0.150000 1.488878 0.030000
7.979590 0.030000 6.202562 0.030000 3.341959 0.030000 5.188401 0.030000 1.502027 0.030000
7.944691 0.030000 6.824901 0.150000 3.426140 0.030000 5.105847 0.030000 1.513250 0.030000
7.939432 0.030000 6.281205 0.030000 3.370259 0.030000 5.101841 0.030000 1.546206 0.030000
7.941706 0.030000 6.236912 0.030000 3.336409 0.030000 5.073074 0.030000 1.538390 0.030000
7.884530 0.030000 6.304864 0.030000 3.284381 0.030000 5.035333 0.030000 1.525070 0.030000
7.861184 0.030000 6.259334 0.030000 3.324367 0.030000 5.026727 0.030000 1.561250 0.030000
7.850330 0.030000 6.280826 0.030000 3.276459 0.030000 4.962541 0.030000 1.566859 0.030000
7.838830 0.030000 6.488521 0.150000 3.242585 0.030000 4.994566 0.030000 1.632449 0.030000
7.824447 0.030000 6.328559 0.030000 3.233396 0.030000 4.916353 0.030000 1.708932 0.030000
7.857207 0.030000 6.266850 0.030000 3.196607 0.030000 4.967781 0.030000 1.649869 0.030000
8.027673 0.150000 6.319484 0.030000 3.224672 0.030000 4.909541 0.030000 1.621441 0.030000
7.782667 0.030000 6.294701 0.030000 3.767693 0.150000 4.889218 0.030000 1.754585 0.030000
7.749680 0.030000 6.328929 0.030000 3.184992 0.030000 4.792975 0.030000 1.726585 0.030000
7.705348 0.030000 6.256131 0.030000 3.196731 0.030000 4.740757 0.030000 1.810537 0.030000
7.699989 0.030000 6.304853 0.030000 3.156960 0.030000 4.733425 0.030000 1.959106 0.150000
7.687973 0.030000 6.342460 0.030000 3.117416 0.030000 4.759793 0.030000 1.836443 0.030000
7.720509 0.030000 6.321788 0.030000 3.081961 0.030000 4.740052 0.030000 1.919991 0.030000
7.628469 0.150000 6.344651 0.030000 3.119482 0.030000 4.723340 0.030000 1.903441 0.030000
7.879293 0.150000 6.275710 0.030000 3.040587 0.030000 4.660797 0.030000 1.963898 0.030000
7.623386 0.030000 6.387496 0.030000 3.073216 0.030000 4.648290 0.030000 1.941775 0.030000
7.577246 0.030000 6.408716 0.030000 3.075593 0.030000 4.601498 0.030000 1.863391 0.030000
7.612871 0.030000 6.355095 0.030000 3.027285 0.030000 4.628050 0.030000 2.050367 0.030000
7.574035 0.030000 6.425752 0.030000 2.987028 0.030000 4.539941 0.030000 2.031072 0.030000
7.531314 0.030000 6.836130 0.150000 3.028341 0.030000 4.531749 0.030000 2.011766 0.030000
7.592210 0.030000 6.342719 0.030000 3.010512 0.030000 4.488157 0.030000 2.044386 0.030000
7.503063 0.030000 6.362995 0.030000 3.385366 0.150000 4.498810 0.030000 2.071699 0.030000
7.989873 0.150000 6.353357 0.030000 2.956407 0.030000 4.411445 0.030000 2.080118 0.030000
7.470792 0.030000 6.391732 0.030000 2.989179 0.030000 4.413012 0.030000 2.264557 0.150000
7.469666 0.030000 6.388188 0.030000 2.972592 0.030000 4.363754 0.030000 2.147281 0.030000
7.451788 0.030000 6.415978 0.030000 2.990197 0.030000 4.322841 0.030000 2.163773 0.030000
7.403937 0.030000 6.405133 0.030000 2.926373 0.030000 4.324459 0.030000 2.214334 0.030000
7.337508 0.030000 6.391427 0.030000 3.090241 0.150000 4.295585 0.030000 2.240563 0.030000
7.431511 0.030000 6.453007 0.030000 2.841862 0.030000 4.299146 0.030000 2.209878 0.030000
7.730466 0.150000 6.403874 0.030000 2.927838 0.030000 4.222362 0.030000 2.298376 0.030000
8.755929 0.150000 6.589374 0.150000 2.869656 0.030000 4.203174 0.030000 2.527097 0.150000
7.346798 0.030000 6.494046 0.030000 2.881941 0.030000 4.224214 0.030000 2.334928 0.030000
7.308909 0.030000 6.450447 0.030000 2.878339 0.030000 4.167560 0.030000 2.372470 0.030000
7.334167 0.030000 6.517756 0.030000 2.911308 0.030000 4.089298 0.030000 2.359132 0.030000
7.271985 0.030000 6.469902 0.030000 2.821068 0.030000 4.067003 0.030000 2.390986 0.030000
7.257320 0.030000 6.540052 0.030000 2.824675 0.030000 4.064858 0.030000 2.397861 0.030000
7.260267 0.030000 6.762652 0.150000 2.864245 0.030000 4.063739 0.030000 2.497245 0.030000
7.254741 0.030000 6.511157 0.030000 2.834247 0.030000 3.983164 0.030000 2.868657 0.150000
7.196514 0.030000 6.543417 0.030000 2.841585 0.030000 3.961693 0.030000 2.804037 0.150000
7.252049 0.030000 6.698927 0.150000 2.748785 0.030000 3.916352 0.030000 2.539144 0.030000
7.218070 0.030000 6.513635 0.030000 2.821971 0.030000 3.910021 0.030000 2.620524 0.150000
7.197481 0.030000 6.595000 0.030000 2.753605 0.030000 3.845930 0.030000 2.644517 0.030000
7.151248 0.030000 6.595116 0.030000 2.767299 0.030000 3.809923 0.030000 2.607856 0.030000
7.193481 0.030000 6.547279 0.030000 2.758595 0.030000 3.824201 0.030000 2.655904 0.030000
7.128780 0.030000 6.610520 0.030000 2.747704 0.030000 3.811820 0.030000 2.663518 0.030000
7.114499 0.030000 6.592863 0.030000 3.185819 0.150000 3.795323 0.030000 2.769472 0.030000
7.086617 0.030000 6.600326 0.030000 2.739807 0.030000 3.737581 0.030000 2.776270 0.030000
7.125830 0.030000 6.619789 0.030000 2.751915 0.030000 3.683338 0.030000 3.526551 0.150000
7.108224 0.030000 6.613377 0.030000 2.709475 0.030000 5.276301 0.150000 2.818533 0.030000
7.040751 0.030000 6.621927 0.030000 2.666560 0.030000 3.635450 0.030000 2.836659 0.030000
7.025533 0.030000 7.001616 0.150000 2.712523 0.030000 3.606218 0.030000 2.914811 0.030000
7.524266 0.150000 6.582542 0.030000 2.718926 0.030000 3.614878 0.030000 3.531671 0.150000
7.014227 0.030000 6.666393 0.030000 2.797624 0.150000 3.577873 0.030000 2.967129 0.030000
6.951024 0.030000 6.792558 0.150000 2.686791 0.030000 3.571040 0.030000 2.937799 0.030000
6.976339 0.030000 6.721714 0.030000 2.737714 0.030000 3.464489 0.030000 3.030021 0.030000
6.958669 0.030000 6.768575 0.030000 2.692233 0.030000 3.529481 0.030000 3.042507 0.030000
6.978406 0.030000 6.722897 0.030000 2.656683 0.030000 3.447570 0.030000 2.983414 0.030000
6.983768 0.030000 6.742297 0.030000 2.692852 0.030000 3.414709 0.030000 3.068316 0.030000
6.944071 0.030000 6.734919 0.030000 2.721098 0.030000 3.400296 0.030000 3.056033 0.030000
6.884150 0.030000 6.735631 0.030000 2.686447 0.030000 3.374827 0.030000 3.094788 0.030000
6.902235 0.030000 6.746662 0.030000 2.727728 0.030000 3.359523 0.030000 3.097244 0.030000
6.860583 0.030000 6.754699 0.030000 2.664897 0.030000 3.318877 0.030000 3.154471 0.030000
6.823670 0.030000 6.786862 0.030000 2.676945 0.030000 3.303336 0.030000 3.145012 0.030000
6.710813 0.150000 6.800625 0.030000 2.684775 0.030000 3.266064 0.030000 3.242715 0.030000
6.825416 0.030000 6.792164 0.030000 2.695839 0.030000 3.251614 0.030000 3.226335 0.030000
6.822688 0.030000 6.835205 0.030000 2.701972 0.030000 3.196137 0.030000 3.280773 0.030000
7.024883 0.150000 7.094869 0.150000 2.747278 0.030000 3.156581 0.030000 3.294230 0.030000
6.818842 0.030000 6.816882 0.030000 2.696961 0.030000 3.212655 0.030000 3.376303 0.030000
6.813934 0.030000 6.822206 0.030000 2.660439 0.030000 3.573117 0.150000 3.310883 0.030000
6.768880 0.030000 6.861398 0.030000 2.706560 0.030000 3.103716 0.030000 3.437867 0.030000
6.770616 0.030000 6.880712 0.030000 2.773222 0.030000 3.015938 0.030000 3.410590 0.030000
6.726218 0.030000 6.921053 0.030000 2.677573 0.030000 3.066893 0.030000 3.401223 0.030000
6.754442 0.030000 6.921231 0.030000 2.712699 0.030000 2.998641 0.030000 3.444730 0.030000
6.485854 0.150000 6.864981 0.030000 2.683443 0.030000 2.976663 0.030000 3.505852 0.030000
7.119505 0.150000 6.920239 0.030000 2.692414 0.030000 2.985157 0.030000 3.541617 0.030000
6.716223 0.030000 6.996050 0.030000 2.663676 0.030000 2.908035 0.030000 3.572201 0.030000
6.680623 0.030000 6.976984 0.030000 2.705732 0.030000 2.900075 0.030000 3.561328 0.030000
6.712277 0.150000 7.006307 0.030000 2.703513 0.030000 2.911090 0.030000 3.608338 0.030000
6.672494 0.030000 7.000442 0.030000 2.734381 0.030000 2.828643 0.030000 3.599964 0.030000
6.629403 0.030000 7.028104 0.030000 2.674948 0.030000 2.848645 0.030000 3.693929 0.030000
6.644526 0.030000 7.082460 0.030000 2.754840 0.030000 2.798312 0.030000 3.732105 0.030000
6.631024 0.150000 7.085629 0.030000 2.760713 0.030000 3.126734 0.150000 3.747019 0.030000
6.631777 0.030000 7.927006 0.150000 2.676251 0.030000 2.713302 0.030000 3.997264 0.150000
6.578672 0.030000 7.052975 0.030000 2.699639 0.030000 3.270085 0.150000 3.820772 0.030000
6.562231 0.030000 7.095921 0.030000 2.701603 0.030000 2.662369 0.030000 3.812509 0.030000
6.576606 0.030000 7.046143 0.030000 2.681705 0.030000 2.686341 0.030000 3.570123 0.150000
6.763717 0.150000 7.138750 0.030000 2.733403 0.030000 2.677304 0.150000 3.877613 0.030000
6.569717 0.030000 6.966320 0.150000 2.744667 0.030000 2.652233 0.030000 3.911404 0.030000
6.525161 0.030000 7.187497 0.030000 2.774819 0.150000 2.625262 0.030000 3.970632 0.030000
6.489754 0.030000 7.150110 0.030000 2.762971 0.030000 2.577361 0.030000 3.933993 0.030000
6.544485 0.030000 7.244987 0.030000 2.775360 0.030000 2.533985 0.030000 3.990378 0.030000
6.551787 0.030000 7.185718 0.030000 2.748574 0.030000 2.522575 0.030000 3.981098 0.030000
6.518203 0.030000 7.209081 0.030000 2.811588 0.030000 2.452937 0.030000 4.861494 0.150000
6.484003 0.030000 7.178607 0.030000 2.776035 0.030000 2.440929 0.030000 4.091055 0.030000
6.450094 0.030000 7.468715 0.150000 2.822828 0.030000 2.446130 0.030000 4.453345 0.150000
6.458535 0.030000 7.411421 0.150000 2.770062 0.030000 2.370978 0.030000 4.133283 0.030000
6.506731 0.030000 7.282777 0.030000 2.804529 0.030000 2.639985 0.150000 4.184683 0.030000
6.457241 0.030000 7.280928 0.030000 2.854497 0.030000 2.371235 0.030000 4.224249 0.030000
6.454706 0.030000 7.294354 0.030000 2.831193 0.030000 2.304591 0.030000 4.198811 0.030000
6.428425 0.030000 7.324236 0.030000 2.857407 0.030000 2.323301 0.030000 4.263683 0.030000
6.452138 0.030000 7.318404 0.030000 2.852874 0.030000 2.262373 0.030000 4.319614 0.030000
6.429921 0.030000 7.307020 0.030000 2.895240 0.030000 2.260988 0.030000 4.283723 0.030000
6.420539 0.030000 7.348894 0.030000 2.922719 0.030000 2.229316 0.030000 5.209906 0.150000
6.387297 0.030000 7.342049 0.030000 2.916305 0.030000 2.171288 0.030000 4.370295 0.030000
6.399054 0.030000 7.356637 0.030000 2.914885 0.030000 2.240258 0.030000 4.407240 0.030000
6.357545 0.030000 7.430064 0.030000 2.979315 0.030000 2.172848 0.030000 4.417159 0.030000
6.321592 0.030000 7.472849 0.030000 2.965273 0.030000 2.148516 0.030000 4.485109 0.030000
6.391744 0.030000 7.315619 0.150000 2.969546 0.030000 2.119826 0.030000 4.489836 0.030000
6.374501 0.030000 7.468694 0.030000 2.971447 0.030000 2.062177 0.030000 4.506340 0.030000
6.567243 0.150000 7.549787 0.030000 3.232687 0.150000 2.061686 0.030000 4.544726 0.030000
6.405898 0.030000 7.553839 0.030000 3.046534 0.030000 2.059322 0.030000 4.603240 0.030000
6.289724 0.030000 7.548812 0.030000 3.045149 0.030000 2.059569 0.030000 4.608888 0.030000
6.350671 0.030000 7.544063 0.030000 3.059512 0.030000 1.984530 0.030000 4.622028 0.030000
6.291669 0.030000 7.526112 0.030000 3.081689 0.030000 1.948858 0.030000 4.634111 0.030000
6.315246 0.030000 7.342433 0.150000 2.995858 0.030000 1.971960 0.030000 4.694537 0.030000
6.268888 0.030000 7.608373 0.030000 2.996375 0.030000 1.976143 0.030000 4.648164 0.030000
6.266394 0.030000 7.579450 0.030000 3.038640 0.030000 1.888888 0.030000 4.735739 0.030000
6.301085 0.030000 8.296899 0.150000 3.078684 0.030000 1.913548 0.030000 4.722474 0.030000
6.295227 0.030000 7.559747 0.030000 3.122395 0.030000 1.926635 0.030000 4.796703 0.030000
6.332724 0.030000 7.622246 0.030000 3.136749 0.030000 1.827785 0.030000 4.773580 0.030000
6.258759 0.030000 7.682648 0.030000 3.169956 0.030000 1.919695 0.030000 4.679899 0.150000
6.303774 0.030000 7.621455 0.030000 3.082282 0.030000 1.840005 0.030000 4.826821 0.030000
6.325083 0.030000 7.640309 0.030000 3.135632 0.030000 1.835460 0.030000 4.822506 0.030000
6.224346 0.030000 7.621062 0.030000 3.107637 0.030000 1.883934 0.030000 4.838774 0.030000
6.228339 0.030000 7.666936 0.030000 3.156849 0.030000 1.852401 0.030000 4.855524 0.030000
6.291430 0.030000 7.739071 0.030000 3.146275 0.030000 2.195715 0.150000 4.846716 0.030000
6.308955 0.030000 7.717299 0.030000 3.158065 0.030000 1.742757 0.030000 5.063782 0.150000
6.194174 0.030000 7.761061 0.030000 3.198677 0.030000 1.791563 0.030000 4.885145 0.030000
6.255425 0.030000 7.714558 0.030000 3.205601 0.030000 1.796445 0.030000 4.915739 0.030000
6.258333 0.030000 7.732960 0.030000 3.150510 0.030000 1.900887 0.150000 5.146835 0.150000
6.267653 0.030000 7.744735 0.030000 3.182706 0.030000 1.757748 0.030000 5.217369 0.150000
6.271641 0.030000 7.759581 0.030000 3.183259 0.030000 1.704616 0.030000 5.001149 0.030000
6.271177 0.030000 7.753165 0.030000 3.109603 0.030000 1.729595 0.030000 5.003418 0.030000
6.189880 0.030000 7.768579 0.030000 3.184441 0.030000 1.866969 0.150000 4.982407 0.030000
6.246093 0.030000 7.738973 0.030000 3.236257 0.030000 1.728585 0.030000 4.998535 0.030000
6.365188 0.150000 8.050501 0.150000 3.211466 0.030000 2.583738 0.150000 5.013769 0.030000
6.246892 0.030000 7.842596 0.030000 3.152198 0.150000 1.681401 0.030000 5.031803 0.030000
6.199519 0.030000 7.811236 0.030000 3.202063 0.030000 1.666720 0.030000 5.310726 0.150000
6.243439 0.030000 7.779995 0.030000 3.768148 0.150000 1.698247 0.030000 5.058469 0.030000
6.232067 0.030000 7.782552 0.030000 3.514339 0.150000 1.717492 0.030000 5.096714 0.030000
6.610873 0.150000 7.822645 0.030000 3.257969 0.030000 1.643352 0.030000 5.103947 0.030000
6.182659 0.030000 7.815893 0.030000 3.234800 0.030000 1.644583 0.030000 5.076604 0.030000
