7.759964 0.030000 0.522010 0.030000 9.402654 0.030000 5.527924 0.030000 7.454272 0.030000 4.815813 0.030000 4.010901 0.030000 8.811932 0.030000 3.511715 0.030000
7.713665 0.030000 0.434726 0.030000 9.367578 0.030000 5.427742 0.030000 7.450848 0.030000 4.817449 0.030000 3.999427 0.030000 8.763711 0.030000 3.091553 0.150000
7.614859 0.030000 0.489537 0.030000 9.330964 0.030000 5.395981 0.030000 7.477007 0.030000 4.739857 0.030000 4.010451 0.030000 8.716895 0.030000 3.280163 0.030000
7.572299 0.030000 0.448412 0.030000 9.232419 0.030000 5.190261 0.030000 7.429033 0.030000 4.679780 0.030000 4.102763 0.030000 8.685033 0.030000 3.748339 0.150000
7.440291 0.030000 0.515526 0.030000 9.933971 0.150000 5.110560 0.030000 7.481384 0.030000 4.647871 0.030000 4.140704 0.030000 8.712431 0.030000 3.035423 0.030000
7.294291 0.030000 0.631834 0.150000 9.120625 0.030000 5.001208 0.030000 7.453396 0.030000 4.553199 0.030000 4.171239 0.030000 8.640362 0.030000 2.862551 0.150000
7.136586 0.030000 0.634189 0.030000 9.022068 0.030000 4.824841 0.030000 7.503445 0.030000 4.546954 0.030000 4.238503 0.030000 8.691094 0.030000 2.767876 0.030000
7.120448 0.030000 0.734270 0.030000 8.994207 0.030000 4.725050 0.030000 7.524024 0.030000 4.401435 0.030000 4.184914 0.150000 8.632953 0.030000 2.926257 0.150000
6.980234 0.030000 0.912009 0.030000 8.935620 0.030000 4.506326 0.030000 7.573019 0.030000 4.370924 0.030000 4.355515 0.030000 8.629042 0.030000 2.526178 0.030000
6.957429 0.030000 0.948045 0.030000 8.851411 0.030000 4.411664 0.030000 7.537403 0.030000 4.337538 0.030000 4.374771 0.030000 8.620279 0.030000 2.380246 0.030000
7.071060 0.150000 1.101711 0.030000 8.795252 0.030000 4.321710 0.030000 7.539428 0.030000 4.298782 0.030000 5.146311 0.150000 8.627580 0.030000 2.317690 0.030000
6.725724 0.150000 1.343024 0.150000 8.807178 0.030000 4.210213 0.030000 7.597120 0.030000 4.273519 0.030000 4.550084 0.030000 8.638550 0.030000 2.157854 0.030000
6.655456 0.030000 1.281922 0.030000 8.670907 0.030000 4.084731 0.150000 7.600617 0.030000 4.186548 0.030000 4.611963 0.030000 8.536011 0.030000 2.288689 0.150000
6.496719 0.030000 1.444940 0.030000 8.678307 0.030000 3.973143 0.030000 7.637040 0.030000 4.159550 0.030000 4.631589 0.030000 8.571483 0.030000 1.866696 0.150000
6.363421 0.030000 1.577002 0.030000 8.667175 0.030000 3.823301 0.030000 7.596978 0.030000 4.631607 0.150000 4.972366 0.150000 8.590632 0.030000 1.834227 0.030000
6.309003 0.030000 1.614581 0.030000 8.649175 0.150000 3.665624 0.030000 7.717383 0.030000 4.124707 0.030000 4.784057 0.030000 8.587546 0.030000 1.741407 0.030000
6.212951 0.030000 1.761395 0.030000 8.559102 0.030000 3.561742 0.030000 7.717057 0.030000 4.089298 0.030000 4.928043 0.030000 8.886262 0.150000 1.533465 0.030000
6.094791 0.030000 1.890524 0.030000 8.488088 0.030000 3.431561 0.030000 7.757752 0.030000 3.990393 0.030000 5.624186 0.150000 8.545375 0.030000 1.415762 0.030000
6.031337 0.030000 2.027265 0.030000 8.465431 0.030000 3.310885 0.030000 7.808399 0.030000 4.022459 0.030000 5.074822 0.030000 8.504145 0.030000 1.317798 0.030000
6.034398 0.150000 2.077960 0.030000 8.830572 0.150000 3.199322 0.030000 7.804833 0.030000 3.989796 0.030000 5.124068 0.030000 8.560229 0.030000 1.146264 0.030000
5.874602 0.030000 2.268904 0.030000 8.485382 0.150000 3.051915 0.030000 7.886473 0.030000 3.986687 0.030000 5.154532 0.030000 8.477807 0.030000 1.292005 0.150000
5.690791 0.030000 2.340248 0.030000 8.381036 0.030000 2.996887 0.030000 8.105314 0.150000 4.005931 0.030000 5.299461 0.030000 8.583920 0.030000 0.953115 0.030000
5.677327 0.030000 2.472163 0.030000 8.302647 0.030000 2.909259 0.150000 7.977662 0.030000 3.989546 0.030000 5.335030 0.030000 8.553516 0.030000 0.979610 0.030000
5.600135 0.030000 3.196017 0.150000 8.257158 0.030000 2.673947 0.030000 7.990816 0.030000 3.938888 0.030000 5.480187 0.030000 8.560779 0.030000 0.743255 0.030000
5.506872 0.030000 3.205072 0.150000 8.194995 0.030000 2.584948 0.030000 8.068749 0.030000 4.034609 0.030000 6.753751 0.150000 8.977659 0.150000 0.708846 0.030000
5.374098 0.030000 2.870400 0.030000 8.175280 0.030000 2.426419 0.030000 8.098664 0.030000 3.994622 0.030000 5.654484 0.030000 8.641286 0.030000 0.592064 0.030000
5.271503 0.030000 3.020358 0.030000 8.225602 0.030000 2.381242 0.030000 8.163631 0.030000 4.035189 0.030000 5.728272 0.030000 8.641261 0.030000 0.571672 0.030000
5.201296 0.030000 3.104008 0.030000 8.179439 0.030000 2.212319 0.030000 8.197841 0.030000 3.960147 0.030000 5.835978 0.030000 8.929084 0.150000 1.058809 0.150000
5.163289 0.030000 3.519132 0.150000 8.132405 0.030000 2.067577 0.030000 7.991014 0.150000 4.079663 0.030000 5.919632 0.030000 8.665049 0.030000 0.195907 0.150000
5.055674 0.030000 3.351583 0.150000 8.097621 0.030000 1.916991 0.030000 8.307163 0.030000 4.102697 0.030000 6.012236 0.030000 8.700016 0.030000 0.502462 0.030000
4.993182 0.030000 3.455258 0.030000 8.129722 0.030000 1.791218 0.030000 8.368516 0.030000 4.076577 0.030000 6.118835 0.030000 8.676383 0.030000 0.607988 0.030000
4.876707 0.030000 3.636866 0.030000 8.078156 0.030000 1.697370 0.030000 8.422333 0.030000 4.156671 0.030000 6.466273 0.150000 8.715043 0.030000 0.680152 0.030000
4.835145 0.030000 3.732959 0.030000 8.033707 0.030000 1.511795 0.030000 8.450423 0.030000 4.175399 0.030000 6.277812 0.030000 8.722527 0.030000 0.729342 0.030000
5.223674 0.150000 3.813096 0.030000 8.060313 0.030000 1.455247 0.030000 8.530526 0.030000 4.239225 0.030000 6.372637 0.030000 8.812651 0.030000 1.349626 0.150000
4.693405 0.030000 3.970765 0.030000 8.010467 0.030000 1.330447 0.030000 8.590596 0.030000 4.262697 0.030000 6.452170 0.030000 8.851205 0.030000 0.900526 0.030000
4.639787 0.030000 4.088505 0.030000 7.966444 0.030000 1.245304 0.030000 8.651826 0.030000 4.290542 0.030000 6.547393 0.030000 8.854847 0.030000 1.086683 0.030000
4.589124 0.030000 4.195436 0.030000 8.045290 0.030000 1.031041 0.030000 8.722229 0.030000 4.277248 0.030000 6.645962 0.030000 8.876519 0.030000 1.171037 0.030000
4.504190 0.150000 4.332786 0.030000 7.957797 0.030000 0.900719 0.030000 8.792731 0.030000 4.448233 0.030000 6.766672 0.030000 8.895473 0.030000 1.243905 0.030000
4.497329 0.030000 4.508371 0.030000 7.961675 0.030000 0.834128 0.030000 8.876297 0.030000 4.458209 0.030000 6.912437 0.030000 8.907651 0.030000 1.398435 0.030000
4.408298 0.030000 4.612105 0.030000 8.000703 0.030000 0.708081 0.030000 8.870098 0.030000 4.493790 0.030000 6.969673 0.030000 8.963112 0.030000 1.510516 0.030000
4.359894 0.030000 4.728016 0.030000 8.025265 0.030000 0.553701 0.030000 8.988207 0.030000 4.590145 0.030000 7.056736 0.030000 9.014321 0.030000 1.607801 0.030000
4.309496 0.030000 4.852957 0.030000 8.080928 0.030000 0.461976 0.030000 9.104324 0.030000 4.603677 0.030000 7.169066 0.030000 9.106386 0.030000 1.740624 0.030000
4.265006 0.030000 5.072939 0.150000 8.242689 0.150000 0.376202 0.030000 9.107869 0.030000 4.713351 0.030000 7.550587 0.150000 9.119307 0.030000 1.890213 0.150000
4.245464 0.030000 5.059635 0.030000 7.982278 0.030000 0.271128 0.030000 9.160743 0.030000 4.694497 0.030000 7.358974 0.030000 9.155358 0.030000 1.926405 0.030000
4.224260 0.030000 5.097178 0.030000 7.995749 0.030000 0.180590 0.030000 9.215687 0.030000 5.495386 0.150000 7.471197 0.030000 9.211007 0.030000 2.015187 0.030000
4.126065 0.030000 5.410664 0.150000 8.003150 0.030000 0.088623 0.030000 9.269023 0.030000 4.792724 0.030000 7.471688 0.030000 9.221082 0.030000 2.107766 0.030000
4.468828 0.150000 5.268424 0.030000 7.970736 0.030000 -0.017781 0.030000 9.298270 0.030000 5.014240 0.150000 7.609684 0.030000 9.177827 0.030000 2.138376 0.030000
4.113581 0.030000 5.284519 0.030000 8.024990 0.030000 0.043448 0.030000 9.348149 0.030000 4.926046 0.030000 7.631449 0.030000 9.247627 0.030000 2.173191 0.030000
4.534213 0.150000 5.419081 0.030000 8.017443 0.030000 0.509803 0.150000 9.356780 0.030000 4.938695 0.030000 7.667827 0.030000 9.252560 0.030000 2.255033 0.030000
4.129436 0.030000 5.435122 0.030000 8.065859 0.030000 0.116652 0.030000 9.446810 0.030000 4.957759 0.030000 7.732420 0.030000 9.209270 0.030000 2.305622 0.030000
4.057206 0.030000 5.451637 0.030000 8.028021 0.030000 0.156828 0.030000 9.434174 0.030000 4.943490 0.030000 7.697593 0.030000 9.257923 0.030000 2.262329 0.030000
4.068933 0.030000 5.488881 0.030000 7.982560 0.030000 0.211051 0.030000 9.361727 0.030000 5.006321 0.030000 7.752116 0.030000 9.289939 0.030000 2.310513 0.030000
4.025115 0.030000 5.543455 0.030000 8.028514 0.030000 0.251424 0.030000 9.453653 0.030000 5.000419 0.030000 7.786946 0.030000 9.275943 0.030000 3.054905 0.150000
3.967626 0.030000 5.608293 0.030000 7.942092 0.030000 0.296918 0.030000 9.403307 0.030000 4.910514 0.030000 7.809965 0.030000 9.220508 0.030000 2.373164 0.150000
3.868392 0.030000 5.671261 0.030000 7.819355 0.030000 0.443881 0.030000 9.498696 0.150000 4.889026 0.030000 7.807583 0.030000 9.136582 0.030000 2.583154 0.030000
3.661381 0.030000 5.683987 0.030000 7.661822 0.030000 0.536442 0.030000 9.295481 0.030000 4.861865 0.030000 7.788848 0.030000 10.313706 0.150000 2.665803 0.030000
3.580081 0.030000 5.765914 0.030000 7.594126 0.030000 0.665137 0.030000 9.212032 0.030000 4.685140 0.030000 7.744268 0.030000 8.972411 0.030000 2.684354 0.030000
3.461300 0.030000 5.824710 0.030000 7.418790 0.030000 0.714972 0.030000 9.078507 0.030000 4.663689 0.030000 7.695195 0.030000 8.788634 0.030000 2.721868 0.030000
3.354979 0.030000 5.786250 0.030000 7.380629 0.030000 0.840568 0.030000 8.983498 0.030000 4.510642 0.030000 7.626487 0.030000 8.748682 0.030000 3.168000 0.150000
3.244476 0.030000 5.795172 0.030000 7.209243 0.030000 0.967367 0.030000 8.975996 0.030000 4.522648 0.030000 7.592657 0.030000 8.641688 0.030000 2.860206 0.030000
3.107539 0.030000 5.862377 0.030000 7.059834 0.030000 1.080692 0.030000 8.831902 0.030000 4.398765 0.030000 7.544832 0.030000 8.497129 0.030000 2.966929 0.030000
2.946256 0.030000 5.934594 0.030000 6.967819 0.030000 1.175506 0.030000 8.771617 0.030000 4.341281 0.030000 7.492648 0.030000 8.417172 0.030000 2.981465 0.030000
2.783233 0.150000 5.933739 0.030000 6.891785 0.030000 1.297599 0.030000 8.713507 0.030000 4.266992 0.030000 7.450683 0.030000 8.367800 0.030000 3.084603 0.030000
2.815016 0.030000 5.935782 0.030000 6.739339 0.030000 1.427216 0.030000 8.611197 0.030000 4.141831 0.030000 7.433878 0.030000 8.213554 0.030000 3.157862 0.030000
2.677358 0.030000 6.047073 0.030000 6.689970 0.030000 1.436267 0.030000 8.515437 0.030000 4.107224 0.030000 7.425833 0.030000 8.136275 0.030000 3.185279 0.030000
2.723980 0.030000 6.077885 0.030000 6.760373 0.150000 1.541754 0.030000 8.504437 0.030000 4.061813 0.030000 7.295956 0.030000 8.092781 0.030000 3.231929 0.030000
2.588149 0.030000 6.068220 0.030000 6.574615 0.030000 1.634233 0.030000 8.434496 0.030000 4.003644 0.030000 7.360911 0.030000 8.059725 0.030000 3.273455 0.030000
2.488783 0.030000 6.081335 0.030000 6.482546 0.030000 1.634934 0.030000 9.159470 0.150000 3.986445 0.030000 7.365944 0.030000 7.979994 0.030000 3.336652 0.030000
2.441357 0.030000 6.115905 0.030000 6.479459 0.030000 1.766799 0.030000 8.451550 0.030000 3.974974 0.030000 7.302062 0.030000 7.963426 0.030000 3.325517 0.030000
2.443203 0.030000 6.355718 0.150000 6.419613 0.030000 2.395535 0.150000 8.560023 0.150000 3.929380 0.030000 7.268310 0.030000 7.872056 0.030000 3.258541 0.030000
2.403458 0.030000 6.119234 0.030000 6.362055 0.030000 1.760634 0.030000 9.083092 0.150000 3.921208 0.030000 7.309926 0.030000 7.921078 0.030000 3.392919 0.030000
2.377429 0.030000 6.094785 0.030000 6.364116 0.030000 1.800480 0.030000 8.566676 0.150000 3.929033 0.030000 7.255829 0.030000 7.844588 0.030000 3.349945 0.030000
2.345158 0.030000 6.097801 0.030000 6.288479 0.030000 1.850379 0.030000 8.267162 0.030000 3.842401 0.030000 7.248433 0.030000 7.790412 0.030000 3.419034 0.030000
2.309599 0.030000 6.049402 0.030000 6.267658 0.030000 1.902116 0.030000 8.204678 0.030000 3.830357 0.030000 7.151442 0.030000 7.725541 0.030000 3.392651 0.030000
2.283105 0.030000 6.042969 0.030000 6.112493 0.030000 1.942755 0.030000 8.069238 0.030000 3.707217 0.030000 7.058381 0.030000 7.597932 0.030000 3.406866 0.030000
2.348957 0.030000 5.892232 0.030000 6.137956 0.030000 1.948129 0.030000 7.938406 0.030000 3.566976 0.030000 6.927982 0.030000 7.517864 0.030000 3.228928 0.030000
2.405978 0.030000 5.761055 0.030000 6.110392 0.030000 1.866355 0.030000 7.882551 0.030000 3.484753 0.030000 6.822088 0.030000 7.410448 0.030000 3.146821 0.030000
2.424790 0.030000 5.701421 0.030000 6.064349 0.030000 1.980288 0.030000 7.764686 0.030000 3.367257 0.030000 6.693832 0.030000 7.422670 0.030000 3.102239 0.030000
2.539787 0.030000 5.542383 0.030000 6.803580 0.150000 1.932165 0.030000 7.757413 0.030000 3.096206 0.150000 6.587494 0.030000 7.389489 0.030000 2.992074 0.030000
2.592659 0.030000 5.419822 0.030000 6.069651 0.030000 1.920606 0.030000 7.599697 0.030000 3.115526 0.030000 6.438878 0.030000 7.483349 0.150000 2.990525 0.030000
2.693216 0.030000 5.360917 0.030000 6.042931 0.030000 2.007583 0.030000 7.538910 0.030000 3.098563 0.030000 6.301710 0.030000 7.302885 0.030000 3.058809 0.150000
2.773895 0.030000 5.253138 0.030000 6.089732 0.030000 2.045248 0.030000 7.460412 0.030000 2.974487 0.030000 6.182166 0.030000 7.183413 0.030000 2.821373 0.030000
3.161317 0.150000 5.080223 0.030000 6.084749 0.030000 2.122400 0.030000 7.368141 0.030000 2.915455 0.030000 6.079695 0.030000 7.114670 0.030000 2.740177 0.030000
2.902347 0.030000 5.064791 0.030000 6.096148 0.030000 2.130787 0.030000 7.259782 0.030000 2.826591 0.030000 5.954891 0.030000 7.104227 0.030000 2.733318 0.030000
3.030245 0.030000 4.867751 0.030000 6.055370 0.030000 2.170046 0.030000 7.230105 0.030000 2.677462 0.030000 5.841218 0.030000 7.045520 0.030000 2.653991 0.030000
3.445037 0.150000 4.783880 0.030000 6.065882 0.030000 2.273044 0.030000 7.136382 0.030000 2.626455 0.030000 5.719525 0.030000 7.007011 0.030000 2.664969 0.030000
3.215214 0.030000 4.628916 0.030000 6.107503 0.030000 2.310729 0.030000 7.009774 0.030000 2.481422 0.030000 5.612854 0.030000 6.998700 0.030000 2.597339 0.030000
3.309396 0.030000 4.569151 0.030000 6.119465 0.030000 2.425626 0.030000 6.922208 0.030000 2.484782 0.030000 5.496531 0.030000 6.966271 0.030000 2.554602 0.030000
3.906556 0.150000 4.476832 0.030000 6.108831 0.030000 2.412516 0.030000 6.950850 0.030000 2.547307 0.150000 5.365545 0.030000 6.945287 0.030000 2.518257 0.030000
3.528496 0.030000 4.384770 0.030000 6.124944 0.030000 2.537287 0.030000 6.784073 0.030000 2.297364 0.030000 5.267485 0.030000 6.830539 0.030000 2.698446 0.150000
3.578353 0.030000 4.267728 0.030000 6.198633 0.030000 2.638168 0.030000 6.776697 0.030000 2.280543 0.030000 5.275154 0.150000 6.869658 0.030000 2.444191 0.030000
3.774006 0.150000 4.169315 0.030000 6.221637 0.030000 2.713675 0.030000 6.637428 0.030000 2.255541 0.030000 5.552797 0.150000 6.824298 0.030000 2.484974 0.030000
3.820591 0.030000 4.751305 0.150000 6.320570 0.150000 2.825790 0.030000 6.623613 0.030000 2.168973 0.150000 4.940013 0.030000 6.768077 0.030000 2.420201 0.030000
3.924625 0.030000 3.976042 0.030000 6.261226 0.030000 2.888936 0.030000 6.655025 0.150000 2.173532 0.030000 4.831989 0.030000 6.749956 0.030000 2.478666 0.030000
4.015851 0.030000 3.854677 0.030000 5.949212 0.150000 2.975984 0.030000 6.446826 0.030000 2.124228 0.030000 4.691125 0.030000 6.710460 0.030000 2.432522 0.030000
4.101439 0.030000 3.815407 0.030000 6.290695 0.030000 3.090243 0.030000 6.365741 0.030000 2.022879 0.030000 4.561313 0.030000 6.654118 0.030000 2.571277 0.150000
4.185025 0.030000 4.156086 0.150000 6.348636 0.030000 3.803271 0.150000 6.359653 0.030000 2.034284 0.030000 4.470229 0.030000 6.672031 0.030000 2.546864 0.030000
4.337530 0.030000 3.587573 0.030000 6.356819 0.030000 3.287907 0.030000 6.248500 0.030000 2.076516 0.030000 4.339653 0.030000 6.652708 0.030000 2.524571 0.030000
4.506872 0.030000 3.491491 0.030000 7.457724 0.150000 3.378076 0.030000 6.210570 0.030000 2.020388 0.030000 4.220508 0.030000 6.623844 0.030000 2.555614 0.030000
4.625038 0.150000 3.419079 0.030000 6.425427 0.030000 3.422087 0.030000 6.157525 0.030000 2.062303 0.030000 4.096089 0.030000 6.636090 0.150000 2.590588 0.030000
4.670831 0.030000 3.303376 0.030000 6.461257 0.030000 3.626588 0.030000 6.039606 0.030000 2.102039 0.030000 3.978062 0.030000 6.592000 0.030000 2.667000 0.030000
5.139115 0.150000 3.242705 0.030000 6.586264 0.030000 3.670000 0.030000 6.018697 0.030000 2.078378 0.030000 3.884886 0.030000 7.045398 0.150000 2.690625 0.030000
4.907476 0.030000 3.147773 0.030000 6.582383 0.030000 3.813228 0.030000 5.944536 0.030000 2.049447 0.030000 3.795585 0.030000 6.589316 0.030000 2.741749 0.030000
5.018326 0.030000 3.060912 0.030000 6.626027 0.030000 3.898127 0.030000 5.927996 0.030000 2.098512 0.030000 3.643200 0.030000 6.613540 0.030000 2.772992 0.030000
5.163042 0.030000 3.020290 0.030000 6.693985 0.030000 4.008025 0.030000 5.918509 0.030000 2.175637 0.030000 3.622465 0.030000 6.581785 0.030000 2.847200 0.030000
5.252630 0.030000 2.936819 0.030000 6.730236 0.030000 4.084902 0.030000 5.832617 0.030000 2.190196 0.030000 3.463119 0.030000 6.607261 0.030000 2.904967 0.030000
5.287767 0.030000 2.893558 0.030000 6.819482 0.030000 4.272196 0.030000 5.790362 0.030000 2.235188 0.030000 3.338185 0.030000 6.617519 0.030000 2.923218 0.030000
5.477664 0.030000 2.852775 0.030000 6.852225 0.030000 4.355680 0.030000 5.736675 0.030000 2.309991 0.030000 3.301043 0.030000 6.606083 0.030000 3.057002 0.030000
5.547736 0.030000 2.761788 0.030000 6.921054 0.030000 4.452939 0.030000 5.722925 0.030000 2.367545 0.030000 3.180193 0.030000 6.550969 0.030000 3.159655 0.030000
5.697361 0.030000 2.691757 0.030000 6.983177 0.030000 4.516338 0.030000 5.660000 0.030000 2.410745 0.030000 3.057133 0.030000 6.635673 0.030000 3.239107 0.030000
5.803362 0.030000 2.628456 0.030000 7.074069 0.030000 4.638877 0.030000 5.659791 0.030000 2.654210 0.150000 2.918571 0.030000 6.658971 0.030000 3.321875 0.030000
5.902968 0.030000 2.631824 0.030000 7.088638 0.030000 4.884557 0.150000 5.598299 0.030000 2.558803 0.030000 2.925236 0.030000 6.666479 0.030000 3.405863 0.030000
6.051634 0.150000 2.585828 0.030000 7.188188 0.030000 4.936597 0.030000 5.585498 0.030000 2.682900 0.030000 2.760069 0.030000 6.609446 0.030000 3.537763 0.030000
6.146320 0.030000 2.912546 0.150000 7.223701 0.030000 4.980010 0.030000 5.507529 0.030000 3.169177 0.150000 2.698454 0.030000 6.700560 0.030000 3.539511 0.030000
6.201217 0.030000 2.555419 0.030000 7.287264 0.030000 5.126299 0.030000 5.501840 0.030000 2.809820 0.030000 2.621292 0.030000 6.736015 0.030000 3.605376 0.030000
6.367365 0.030000 2.501460 0.030000 7.338347 0.030000 5.207888 0.030000 5.528384 0.030000 2.896862 0.030000 2.541539 0.030000 6.696995 0.030000 3.748492 0.030000
6.451280 0.030000 2.523263 0.030000 7.441065 0.030000 5.299346 0.030000 5.460915 0.030000 2.912146 0.030000 2.453484 0.030000 6.731310 0.030000 3.757669 0.030000
6.480041 0.030000 2.457751 0.030000 7.465549 0.030000 5.375244 0.030000 5.507794 0.030000 2.998664 0.030000 2.420705 0.030000 6.688582 0.030000 3.855283 0.030000
6.541687 0.030000 2.469250 0.030000 7.529357 0.030000 5.414099 0.030000 5.462158 0.030000 3.073823 0.030000 2.338403 0.030000 6.759657 0.030000 3.926144 0.030000
6.634218 0.030000 2.436876 0.030000 7.562666 0.030000 5.839954 0.150000 5.483929 0.030000 3.094365 0.030000 2.330301 0.030000 6.755436 0.030000 3.901918 0.030000
6.673517 0.030000 2.463489 0.030000 7.536975 0.030000 5.512319 0.030000 5.478687 0.030000 3.163395 0.030000 2.368365 0.030000 6.828029 0.030000 4.095234 0.150000
6.682086 0.030000 2.491181 0.030000 7.549486 0.030000 5.571916 0.030000 5.533575 0.030000 3.188939 0.030000 2.344979 0.030000 6.805632 0.030000 4.033456 0.030000
6.740628 0.030000 2.513356 0.030000 7.646368 0.030000 5.612510 0.030000 5.536745 0.030000 3.182340 0.030000 2.209512 0.030000 6.787556 0.030000 4.075230 0.030000
6.802107 0.030000 2.429264 0.030000 7.574356 0.030000 5.637707 0.030000 5.457852 0.030000 3.274821 0.030000 2.238019 0.030000 6.743404 0.030000 4.043469 0.030000
6.830276 0.030000 2.495701 0.030000 7.625491 0.030000 6.008831 0.150000 5.461713 0.030000 3.182140 0.030000 2.552050 0.150000 6.773352 0.030000 4.131916 0.030000
6.821921 0.030000 2.576778 0.030000 7.646638 0.030000 5.813545 0.030000 5.330867 0.030000 3.266179 0.030000 2.069974 0.030000 6.778450 0.030000 4.937845 0.150000
6.847524 0.030000 2.660657 0.030000 7.601805 0.030000 5.877311 0.030000 5.263745 0.030000 3.272259 0.030000 1.999167 0.030000 6.708766 0.030000 4.337777 0.030000
6.847435 0.030000 2.776996 0.030000 7.517090 0.030000 5.923588 0.030000 5.138974 0.030000 3.842329 0.150000 1.886479 0.030000 6.857994 0.150000 4.418111 0.030000
6.883187 0.030000 3.112111 0.150000 7.421909 0.030000 5.954514 0.030000 5.007092 0.150000 3.149871 0.030000 2.176261 0.150000 6.500073 0.030000 4.449336 0.030000
6.855750 0.030000 3.057661 0.030000 7.364403 0.030000 6.100209 0.030000 4.904566 0.030000 3.099978 0.030000 1.702865 0.030000 6.351839 0.030000 4.593120 0.030000
6.815314 0.030000 3.194937 0.030000 7.230864 0.030000 6.143079 0.030000 4.758159 0.030000 3.054729 0.030000 1.579301 0.030000 6.261615 0.030000 4.645695 0.150000
6.778716 0.030000 3.293711 0.030000 7.176141 0.030000 6.290190 0.150000 4.623743 0.030000 2.937055 0.030000 1.501898 0.030000 6.537259 0.150000 5.184919 0.150000
6.847996 0.030000 3.393215 0.030000 7.076774 0.030000 6.260513 0.030000 4.522402 0.030000 2.958156 0.030000 1.372738 0.030000 6.015735 0.030000 4.839276 0.030000
6.773164 0.030000 3.596983 0.030000 7.075554 0.030000 6.344309 0.030000 4.348042 0.030000 2.954308 0.030000 1.266294 0.030000 6.547920 0.150000 4.889007 0.030000
6.722582 0.030000 3.615064 0.030000 6.890105 0.030000 6.377385 0.030000 4.404528 0.150000 2.853839 0.030000 1.211390 0.030000 5.789581 0.030000 5.062880 0.030000
6.773327 0.030000 4.759490 0.150000 6.811943 0.030000 6.422887 0.030000 4.486327 0.150000 2.887399 0.030000 1.203953 0.030000 5.682123 0.030000 5.081946 0.030000
6.780204 0.030000 3.860899 0.030000 6.819862 0.030000 6.481404 0.030000 4.118662 0.030000 2.863771 0.030000 1.118143 0.030000 5.575556 0.030000 5.200982 0.030000
6.774950 0.030000 3.946613 0.030000 6.760845 0.030000 6.536304 0.030000 4.039525 0.030000 2.892304 0.030000 1.092961 0.030000 5.570688 0.030000 5.258234 0.030000
6.719139 0.030000 3.977756 0.030000 6.685863 0.030000 6.571413 0.030000 3.926270 0.030000 2.824801 0.030000 1.045203 0.030000 5.473073 0.030000 5.295109 0.030000
6.793314 0.030000 4.020525 0.030000 6.613047 0.030000 6.634109 0.030000 3.877035 0.030000 2.831667 0.030000 1.001133 0.030000 5.465260 0.030000 5.328244 0.030000
6.761912 0.030000 4.041796 0.030000 6.590535 0.030000 6.645297 0.030000 3.797266 0.030000 2.842154 0.030000 0.977053 0.030000 5.416542 0.030000 5.353540 0.030000
6.776899 0.030000 4.067826 0.030000 6.586854 0.030000 6.693671 0.030000 3.780894 0.030000 2.805829 0.030000 1.011225 0.030000 5.373690 0.030000 5.372572 0.030000
6.756225 0.030000 4.189554 0.030000 6.581248 0.030000 6.632304 0.030000 3.775322 0.030000 2.751642 0.030000 0.975245 0.030000 5.301956 0.030000 5.445311 0.030000
7.212538 0.150000 4.238394 0.030000 6.560493 0.030000 7.651949 0.150000 3.899289 0.150000 2.877905 0.030000 1.037130 0.030000 5.255719 0.030000 5.639589 0.150000
6.698545 0.030000 4.265620 0.030000 6.503445 0.030000 6.629787 0.030000 3.719179 0.030000 2.781225 0.030000 1.012156 0.030000 5.265671 0.030000 5.772477 0.150000
6.657888 0.030000 4.287202 0.030000 6.448854 0.030000 6.731568 0.030000 3.675934 0.030000 2.651590 0.150000 1.045821 0.030000 5.168757 0.030000 5.480281 0.030000
6.534071 0.030000 4.331445 0.030000 6.320083 0.030000 6.596890 0.030000 3.640745 0.030000 2.660550 0.030000 1.194376 0.030000 5.059821 0.030000 5.475291 0.030000
6.442785 0.030000 4.333472 0.030000 6.177458 0.030000 6.530323 0.030000 3.577487 0.030000 2.476285 0.030000 1.362904 0.030000 4.992994 0.030000 5.417009 0.030000
6.371035 0.030000 4.424867 0.030000 6.139686 0.030000 6.453659 0.030000 3.579178 0.030000 2.548820 0.150000 1.530851 0.150000 4.938824 0.030000 5.892519 0.150000
6.201655 0.030000 4.386021 0.030000 6.055097 0.030000 6.387372 0.030000 3.585904 0.030000 2.245612 0.030000 1.507293 0.030000 4.898015 0.030000 5.272412 0.030000
6.104266 0.030000 4.388477 0.030000 5.948325 0.030000 6.255490 0.030000 3.634813 0.030000 2.103965 0.030000 1.646899 0.030000 4.866154 0.030000 5.204959 0.030000
5.940529 0.030000 4.448303 0.030000 5.793627 0.030000 6.158572 0.030000 3.590724 0.030000 2.020538 0.030000 1.747694 0.030000 4.760003 0.030000 5.114869 0.030000
6.245355 0.150000 4.466837 0.030000 5.717252 0.030000 5.982393 0.030000 3.716009 0.030000 1.823581 0.030000 1.934349 0.030000 4.780264 0.030000 5.068177 0.030000
5.699284 0.030000 4.506735 0.030000 5.642033 0.030000 6.017906 0.030000 3.717681 0.030000 1.811469 0.030000 2.010903 0.030000 4.761299 0.030000 5.037329 0.030000
5.553861 0.030000 4.442016 0.030000 5.605021 0.030000 5.865431 0.030000 3.576504 0.150000 1.581348 0.030000 2.097696 0.030000 4.733820 0.030000 4.975664 0.030000
5.464200 0.030000 4.521178 0.030000 5.506793 0.030000 5.872650 0.030000 3.779017 0.030000 1.479465 0.030000 2.218042 0.030000 4.923807 0.150000 4.902003 0.030000
5.313151 0.030000 4.572257 0.030000 5.408510 0.030000 5.660562 0.030000 3.876009 0.030000 1.345560 0.030000 2.419306 0.030000 5.181925 0.150000 4.913230 0.030000
5.193451 0.030000 4.586170 0.030000 5.299489 0.030000 5.605612 0.030000 4.415416 0.150000 1.262938 0.030000 3.301084 0.150000 4.661998 0.030000 4.809066 0.030000
5.111243 0.030000 4.615307 0.030000 5.598144 0.150000 5.557565 0.030000 3.893862 0.030000 1.225699 0.150000 2.638179 0.030000 4.604784 0.030000 4.783385 0.030000
4.933538 0.030000 4.655181 0.030000 5.166722 0.030000 5.461635 0.030000 3.957568 0.030000 1.997570 0.150000 2.841044 0.030000 4.643403 0.030000 4.718911 0.030000
4.868578 0.030000 4.767560 0.030000 5.070151 0.030000 5.373058 0.030000 4.023795 0.030000 0.904721 0.030000 2.900388 0.030000 4.607690 0.030000 4.698250 0.030000
4.675719 0.030000 4.727807 0.030000 5.005719 0.030000 5.262272 0.030000 4.134997 0.030000 0.720473 0.030000 3.013572 0.030000 4.639756 0.030000 4.687555 0.030000
4.625127 0.030000 4.814629 0.030000 4.918295 0.030000 5.163135 0.030000 4.166533 0.030000 0.601303 0.030000 3.172541 0.030000 4.676531 0.030000 4.604158 0.030000
4.428604 0.030000 4.815982 0.030000 4.897945 0.030000 5.112530 0.030000 4.176114 0.030000 0.484473 0.030000 3.280373 0.030000 4.616971 0.030000 4.592939 0.030000
4.306500 0.030000 4.907357 0.030000 4.817921 0.030000 5.044122 0.030000 4.315292 0.030000 0.340766 0.030000 3.401778 0.030000 4.601834 0.030000 4.546488 0.030000
4.146932 0.030000 5.673847 0.150000 4.753150 0.030000 4.915529 0.030000 4.418014 0.030000 0.215970 0.030000 3.488147 0.030000 4.656321 0.030000 4.514861 0.030000
4.122556 0.030000 5.022982 0.030000 4.642163 0.030000 4.865939 0.030000 4.549568 0.150000 0.112785 0.030000 3.703979 0.030000 4.630563 0.030000 4.484961 0.030000
3.934259 0.030000 5.023341 0.030000 4.639566 0.030000 4.812295 0.030000 4.530960 0.030000 0.343471 0.150000 3.739561 0.030000 4.665680 0.030000 4.499228 0.030000
3.811665 0.030000 5.110903 0.030000 4.573133 0.030000 4.779241 0.030000 4.580980 0.030000 0.187153 0.030000 3.922109 0.030000 4.713424 0.030000 4.479661 0.030000
3.673486 0.030000 5.280116 0.030000 4.507967 0.030000 4.691771 0.030000 4.667175 0.030000 0.257428 0.030000 4.020749 0.030000 4.927985 0.150000 4.539993 0.150000
3.572851 0.030000 5.276535 0.030000 4.482034 0.030000 4.568756 0.030000 4.791443 0.030000 0.391771 0.030000 4.152034 0.030000 4.756962 0.030000 4.433309 0.030000
3.422629 0.030000 5.369831 0.030000 4.374437 0.030000 4.587967 0.030000 4.841110 0.030000 0.528425 0.030000 4.263462 0.150000 4.738656 0.030000 4.434069 0.030000
3.299103 0.030000 5.413611 0.030000 4.392851 0.030000 4.499114 0.030000 4.923637 0.030000 0.618117 0.030000 4.518795 0.150000 4.767689 0.030000 4.426303 0.030000
3.314877 0.150000 5.513449 0.030000 4.291536 0.030000 5.385988 0.150000 5.017581 0.030000 0.766627 0.030000 4.588553 0.030000 4.820216 0.030000 4.448023 0.030000
3.100033 0.030000 5.877522 0.150000 4.222659 0.030000 4.447127 0.030000 5.097359 0.030000 0.863096 0.030000 4.683965 0.030000 4.881230 0.030000 4.459271 0.030000
2.952135 0.030000 5.657697 0.030000 4.351183 0.150000 4.313719 0.030000 5.179031 0.030000 1.006614 0.030000 4.707150 0.030000 4.870217 0.030000 4.539235 0.150000
2.827257 0.030000 5.700822 0.030000 4.175017 0.030000 4.314252 0.030000 5.907448 0.150000 1.137517 0.030000 4.889092 0.030000 5.019531 0.030000 4.466420 0.030000
2.674493 0.030000 5.878883 0.150000 4.153466 0.030000 4.253607 0.030000 5.357301 0.030000 1.194311 0.030000 5.013905 0.030000 5.006149 0.030000 4.523302 0.030000
2.541506 0.030000 5.948582 0.030000 4.143582 0.030000 4.207131 0.030000 5.487989 0.030000 1.432308 0.030000 5.140577 0.030000 4.997314 0.030000 4.545961 0.030000
2.488558 0.030000 5.992224 0.030000 4.088166 0.030000 4.212685 0.030000 5.544005 0.030000 1.512262 0.030000 5.361397 0.030000 5.086650 0.030000 4.515441 0.030000
2.350431 0.030000 6.173501 0.150000 4.027560 0.030000 4.182381 0.030000 5.698670 0.030000 1.652087 0.030000 5.379537 0.030000 5.123433 0.030000 4.547971 0.030000
2.272047 0.030000 6.140069 0.030000 4.016415 0.030000 4.088876 0.030000 5.777894 0.030000 1.758242 0.030000 5.525292 0.030000 5.196114 0.030000 4.681569 0.150000
2.049225 0.030000 6.252520 0.030000 4.027365 0.030000 4.068102 0.030000 5.821990 0.030000 2.630094 0.150000 5.577391 0.030000 5.235556 0.030000 4.639305 0.030000
1.946447 0.030000 6.358565 0.030000 4.088503 0.030000 4.080282 0.030000 5.982568 0.030000 1.855505 0.150000 5.775848 0.030000 5.350874 0.030000 6.358130 0.150000
1.801749 0.030000 6.419424 0.030000 4.021575 0.030000 4.007458 0.030000 6.082282 0.030000 2.123448 0.030000 5.955618 0.030000 5.428537 0.030000 4.709934 0.030000
1.699853 0.030000 6.501616 0.030000 3.999814 0.030000 4.154179 0.150000 6.241918 0.030000 2.247766 0.030000 6.080447 0.030000 5.443731 0.030000 4.759606 0.030000
1.615219 0.030000 6.595830 0.030000 4.017732 0.030000 4.049713 0.030000 6.251499 0.030000 2.359810 0.030000 6.105526 0.030000 5.503302 0.030000 5.184179 0.150000
1.458302 0.030000 6.667117 0.030000 4.016881 0.030000 4.012333 0.030000 6.352970 0.030000 2.431650 0.030000 6.192523 0.030000 5.578477 0.030000 4.770697 0.030000
1.395228 0.030000 6.769056 0.030000 4.013303 0.030000 4.011001 0.030000 6.414741 0.030000 2.562158 0.030000 6.333174 0.030000 5.578173 0.030000 4.886062 0.030000
1.300229 0.030000 6.816455 0.030000 4.030080 0.030000 4.027084 0.030000 6.518018 0.030000 2.547136 0.030000 6.315884 0.030000 5.609304 0.030000 4.952517 0.150000
1.292057 0.030000 6.801088 0.030000 4.084877 0.030000 3.967787 0.030000 6.526022 0.030000 2.738966 0.030000 6.418782 0.030000 5.684679 0.030000 4.940039 0.030000
1.230364 0.030000 6.906029 0.030000 4.050534 0.030000 3.961285 0.030000 6.536771 0.030000 2.783038 0.030000 6.298101 0.150000 6.181196 0.150000 4.912374 0.030000
1.133124 0.030000 6.925309 0.030000 4.039624 0.030000 3.998457 0.030000 6.634264 0.030000 2.764119 0.030000 6.523533 0.030000 5.737664 0.030000 5.010497 0.030000
1.120923 0.030000 6.979179 0.030000 4.075380 0.030000 3.977371 0.030000 6.667871 0.030000 2.797999 0.030000 6.646286 0.030000 5.750347 0.030000 4.961308 0.030000
1.073204 0.030000 6.903371 0.150000 4.040859 0.030000 3.969408 0.030000 6.660749 0.030000 2.868443 0.030000 6.635267 0.030000 5.786987 0.030000 5.039127 0.030000
1.031100 0.030000 7.041514 0.030000 4.065911 0.030000 3.958494 0.030000 6.708108 0.030000 2.883377 0.030000 6.679340 0.030000 5.845515 0.030000 5.059091 0.030000
0.940946 0.030000 7.130349 0.030000 4.091185 0.030000 3.983058 0.030000 6.741366 0.030000 2.983556 0.030000 6.744839 0.030000 5.835596 0.030000 5.070246 0.030000
0.927690 0.030000 7.163084 0.030000 3.974991 0.150000 4.119517 0.030000 6.800162 0.030000 3.065951 0.030000 6.787520 0.030000 5.825772 0.030000 5.170741 0.030000
0.811680 0.030000 7.773549 0.150000 3.927846 0.030000 4.167343 0.030000 6.759588 0.030000 3.836456 0.150000 6.876954 0.030000 5.782905 0.030000 5.314519 0.030000
0.871959 0.030000 7.421759 0.030000 3.814643 0.030000 4.324558 0.030000 6.752928 0.030000 3.088650 0.030000 6.920299 0.030000 5.691911 0.030000 5.440762 0.030000
0.803204 0.150000 7.441988 0.030000 3.718864 0.030000 4.481815 0.030000 6.671331 0.030000 3.015639 0.150000 6.939559 0.030000 5.594835 0.030000 5.521503 0.030000
0.934050 0.030000 7.585784 0.030000 3.561171 0.030000 4.636149 0.030000 6.626190 0.030000 3.163456 0.030000 6.937765 0.030000 5.539433 0.030000 5.639389 0.030000
1.059980 0.030000 7.637071 0.030000 3.491353 0.030000 4.756309 0.030000 6.585117 0.030000 3.247851 0.030000 6.948570 0.030000 5.425379 0.150000 5.778339 0.030000
1.138322 0.030000 7.751404 0.030000 3.341805 0.030000 4.855960 0.030000 6.572676 0.030000 3.269132 0.030000 6.988563 0.030000 5.319449 0.030000 5.851417 0.030000
1.216368 0.030000 7.892762 0.030000 3.242648 0.030000 4.967955 0.030000 6.486139 0.030000 3.326969 0.030000 7.159122 0.150000 5.253695 0.030000 5.973392 0.030000
1.283327 0.030000 7.886236 0.030000 3.080830 0.030000 5.134592 0.030000 6.498125 0.030000 3.342138 0.030000 7.003981 0.030000 5.159328 0.030000 6.088264 0.030000
1.390426 0.030000 7.991912 0.030000 3.036660 0.030000 5.275014 0.030000 6.800053 0.150000 3.401796 0.030000 7.308799 0.150000 5.093685 0.030000 6.199332 0.030000
1.443529 0.030000 8.096144 0.030000 2.938515 0.030000 5.289989 0.030000 6.383704 0.030000 3.432849 0.030000 7.108256 0.030000 5.119236 0.030000 6.273325 0.030000
1.582624 0.030000 8.166810 0.030000 2.849323 0.030000 5.383296 0.030000 6.337676 0.030000 3.447894 0.030000 7.140580 0.030000 5.027250 0.030000 6.333953 0.030000
1.626723 0.030000 8.240874 0.030000 2.764272 0.030000 5.481033 0.030000 6.364199 0.030000 3.474689 0.030000 7.116009 0.030000 4.928266 0.030000 6.465674 0.030000
1.717489 0.030000 8.287093 0.030000 2.714323 0.030000 5.532897 0.030000 6.358321 0.030000 3.528470 0.030000 7.205430 0.030000 4.871547 0.030000 6.523324 0.030000
1.737847 0.030000 8.286581 0.030000 2.640941 0.030000 5.550460 0.030000 6.293188 0.030000 3.553954 0.030000 7.159524 0.030000 4.964561 0.030000 6.558984 0.030000
1.714635 0.030000 8.351548 0.030000 2.594213 0.030000 5.702657 0.030000 6.255057 0.030000 3.587162 0.030000 7.209842 0.030000 5.622459 0.150000 6.598269 0.030000
1.820387 0.030000 8.355068 0.030000 2.551928 0.030000 5.662999 0.030000 6.277941 0.030000 3.760331 0.150000 7.195499 0.030000 4.843675 0.030000 6.685914 0.030000
1.918299 0.030000 8.484631 0.030000 2.477357 0.030000 5.715324 0.030000 6.239670 0.030000 3.640754 0.030000 7.168605 0.030000 4.818194 0.030000 6.602980 0.150000
1.872921 0.030000 8.370511 0.030000 2.508380 0.030000 5.823426 0.030000 6.278496 0.030000 3.612311 0.030000 7.156559 0.030000 4.813994 0.030000 6.764583 0.030000
2.169198 0.150000 8.462223 0.030000 2.444497 0.030000 5.808473 0.030000 6.238809 0.030000 3.633021 0.030000 7.146592 0.150000 4.792361 0.030000 6.691963 0.030000
2.567051 0.150000 8.413954 0.030000 2.373004 0.030000 5.868281 0.030000 6.213993 0.030000 3.629379 0.150000 7.133997 0.030000 4.676983 0.030000 6.522301 0.150000
2.072563 0.030000 8.891727 0.150000 2.423940 0.150000 5.901075 0.030000 6.056634 0.030000 3.514147 0.030000 7.045985 0.030000 4.624849 0.030000 6.774823 0.030000
2.213521 0.030000 8.340578 0.030000 2.236141 0.030000 5.848277 0.030000 5.966212 0.030000 3.477007 0.030000 6.972898 0.030000 4.450576 0.030000 6.752331 0.030000
2.280179 0.030000 8.256428 0.030000 2.149216 0.030000 6.106474 0.150000 5.893065 0.030000 3.329895 0.030000 6.825146 0.030000 4.682042 0.150000 6.771374 0.030000
2.298633 0.030000 8.235727 0.030000 2.152029 0.030000 5.884973 0.030000 5.679980 0.030000 3.286228 0.030000 6.675082 0.030000 4.272311 0.030000 6.719791 0.030000
2.416882 0.030000 8.118168 0.030000 2.092257 0.030000 5.939289 0.030000 5.629445 0.030000 3.212861 0.030000 6.662486 0.030000 4.163614 0.030000 6.710470 0.030000
2.498957 0.030000 8.073729 0.030000 2.079260 0.030000 5.946343 0.030000 6.276286 0.150000 3.104427 0.030000 6.456627 0.030000 4.030410 0.030000 6.656391 0.030000
2.524220 0.030000 7.976086 0.030000 2.032957 0.030000 5.924909 0.030000 5.294369 0.030000 2.944913 0.030000 6.375250 0.030000 3.938286 0.030000 6.614061 0.030000
2.627469 0.030000 7.880490 0.030000 2.077283 0.030000 5.954359 0.030000 5.205208 0.030000 2.944166 0.150000 6.262378 0.030000 3.897127 0.030000 6.578745 0.030000
2.743829 0.030000 7.824457 0.030000 2.084559 0.030000 5.937090 0.030000 5.070994 0.030000 2.800882 0.030000 6.122350 0.030000 3.773187 0.030000 7.089732 0.150000
2.791137 0.030000 7.752678 0.030000 2.160843 0.030000 5.963920 0.030000 4.931590 0.030000 2.718254 0.030000 6.018908 0.030000 3.774598 0.030000 6.576091 0.030000
2.893010 0.030000 7.680405 0.030000 2.056952 0.030000 5.997303 0.030000 4.875189 0.030000 2.596934 0.030000 5.868744 0.030000 3.689935 0.150000 6.551585 0.030000
3.043177 0.030000 7.636854 0.030000 2.142948 0.030000 5.990561 0.030000 4.766188 0.030000 2.529553 0.030000 5.817557 0.030000 3.489892 0.030000 6.456148 0.030000
3.226510 0.150000 7.588793 0.030000 2.165071 0.030000 6.082644 0.030000 4.614497 0.030000 2.451428 0.030000 6.426474 0.150000 4.129940 0.150000 6.458000 0.030000
3.213580 0.030000 7.467621 0.030000 2.192816 0.030000 6.102209 0.030000 4.499065 0.030000 2.380946 0.030000 5.576350 0.030000 3.349165 0.030000 6.468892 0.030000
3.278841 0.030000 7.456985 0.030000 2.255232 0.030000 5.904136 0.150000 4.416903 0.030000 2.394921 0.150000 5.458761 0.030000 3.263370 0.030000 6.467031 0.030000
3.378768 0.030000 7.401108 0.030000 2.303818 0.030000 6.187316 0.030000 4.293542 0.030000 2.278086 0.030000 5.255762 0.030000 3.224881 0.030000 6.592223 0.150000
3.484828 0.150000 7.295935 0.030000 2.364898 0.030000 6.899553 0.150000 4.165863 0.030000 2.244989 0.030000 5.224295 0.030000 3.174379 0.030000 6.461903 0.030000
3.631781 0.030000 7.237923 0.030000 2.433789 0.030000 6.259408 0.030000 4.010700 0.030000 2.108826 0.030000 5.076856 0.030000 3.068175 0.030000 6.430967 0.030000
3.733090 0.030000 7.220852 0.030000 2.474718 0.030000 6.265161 0.030000 3.881405 0.030000 2.114046 0.030000 4.997969 0.030000 2.986977 0.030000 6.442610 0.030000
3.793958 0.030000 7.197295 0.030000 2.544191 0.150000 6.385497 0.030000 3.780081 0.030000 2.307618 0.150000 4.856083 0.030000 2.949567 0.030000 6.453669 0.030000
3.923978 0.030000 7.039328 0.030000 2.608670 0.030000 6.364400 0.030000 3.687379 0.030000 1.989148 0.030000 4.778407 0.030000 2.887162 0.030000 6.531911 0.150000
4.018733 0.030000 7.068248 0.030000 2.728346 0.030000 6.371091 0.030000 3.568362 0.030000 1.950308 0.030000 4.636412 0.030000 2.836003 0.030000 6.502734 0.030000
4.424368 0.150000 6.980503 0.030000 2.783239 0.030000 6.559397 0.030000 3.398397 0.030000 2.003281 0.030000 4.540619 0.030000 2.748232 0.030000 7.266470 0.150000
4.265902 0.030000 6.946771 0.030000 2.842762 0.030000 6.531829 0.030000 4.489723 0.150000 1.993242 0.030000 4.395227 0.030000 2.734759 0.030000 6.496433 0.030000
4.399625 0.030000 6.896948 0.030000 2.935407 0.030000 6.584342 0.030000 3.263321 0.030000 1.956959 0.030000 4.064240 0.150000 2.666463 0.030000 6.475978 0.030000
4.479280 0.030000 6.904234 0.030000 3.081708 0.030000 6.669698 0.030000 3.146515 0.030000 1.991520 0.030000 4.223785 0.030000 2.640756 0.030000 6.460161 0.030000
4.586321 0.030000 6.844563 0.030000 3.149709 0.030000 6.698788 0.030000 2.987247 0.030000 1.970069 0.030000 4.131200 0.150000 2.650966 0.030000 6.540012 0.030000
4.708457 0.030000 6.779740 0.030000 3.001770 0.150000 6.889972 0.150000 2.924425 0.030000 1.997110 0.030000 4.027726 0.030000 2.648925 0.030000 6.579329 0.030000
4.769497 0.030000 6.791332 0.030000 3.332854 0.030000 6.738085 0.030000 2.791805 0.030000 2.058850 0.030000 3.921638 0.030000 3.791776 0.150000 6.465255 0.030000
5.003234 0.030000 6.756269 0.030000 3.452806 0.030000 6.683300 0.150000 2.669566 0.030000 1.929694 0.150000 3.733900 0.030000 2.639929 0.030000 6.575005 0.030000
5.077539 0.030000 6.659016 0.030000 3.620763 0.030000 6.908097 0.030000 2.591509 0.030000 2.094741 0.030000 3.694506 0.030000 2.591804 0.030000 6.656033 0.030000
5.327352 0.150000 6.718560 0.030000 3.650507 0.030000 6.955857 0.030000 2.429515 0.030000 2.165157 0.030000 3.554819 0.030000 2.602644 0.030000 6.621610 0.030000
5.277888 0.030000 6.657374 0.030000 3.740316 0.030000 7.058139 0.030000 2.354017 0.030000 2.180039 0.030000 3.480268 0.030000 2.601594 0.030000 6.670378 0.030000
5.798050 0.150000 6.587598 0.030000 3.880196 0.030000 7.107681 0.030000 2.285949 0.030000 2.258932 0.030000 3.382224 0.030000 2.654165 0.150000 6.722424 0.030000
5.531015 0.030000 6.550584 0.030000 4.007262 0.030000 7.242776 0.030000 2.268276 0.030000 2.317093 0.030000 3.288397 0.030000 2.626601 0.030000 6.735011 0.030000
5.631219 0.030000 6.518773 0.030000 4.060296 0.030000 7.249797 0.030000 2.061010 0.030000 2.411199 0.030000 3.161634 0.030000 2.690610 0.030000 6.753466 0.030000
5.644691 0.150000 6.540532 0.030000 4.201321 0.030000 7.316957 0.030000 2.053536 0.030000 2.491344 0.030000 3.108230 0.030000 2.815464 0.150000 6.869796 0.030000
5.915838 0.030000 6.563483 0.030000 4.253528 0.030000 7.403744 0.030000 1.915049 0.030000 2.530212 0.030000 2.992846 0.030000 2.710144 0.030000 6.856809 0.030000
6.152789 0.150000 6.521577 0.030000 4.367948 0.030000 7.459619 0.030000 1.885642 0.030000 2.576153 0.030000 2.935187 0.030000 2.789102 0.030000 6.902073 0.030000
6.143269 0.030000 6.453449 0.030000 4.518018 0.030000 7.547315 0.030000 1.712479 0.030000 3.124812 0.150000 2.907184 0.030000 2.850790 0.030000 6.956784 0.030000
6.281954 0.030000 6.507210 0.030000 4.606016 0.030000 7.629619 0.030000 1.715061 0.030000 2.780039 0.030000 2.743888 0.030000 2.870968 0.030000 7.171807 0.150000
6.317973 0.030000 6.429074 0.030000 4.711024 0.030000 7.678646 0.030000 1.689373 0.030000 2.846964 0.030000 2.697978 0.030000 2.942832 0.030000 7.015663 0.030000
6.631852 0.150000 6.660520 0.150000 4.759274 0.030000 7.794293 0.030000 1.591923 0.030000 2.982570 0.030000 2.655117 0.030000 2.955301 0.030000 7.089678 0.030000
6.523034 0.030000 6.477833 0.030000 4.844927 0.030000 7.799087 0.030000 1.622651 0.030000 2.959010 0.030000 2.595569 0.030000 2.955689 0.030000 7.061143 0.030000
6.584845 0.030000 6.688719 0.150000 4.899509 0.030000 7.795571 0.030000 1.565689 0.030000 3.073781 0.030000 2.579965 0.030000 3.052164 0.030000 7.139231 0.030000
6.620171 0.030000 6.481283 0.030000 4.939161 0.030000 7.863805 0.030000 1.858054 0.150000 3.142796 0.030000 2.478908 0.030000 3.060937 0.030000 7.128417 0.030000
6.657057 0.030000 6.456055 0.030000 5.010255 0.030000 7.874731 0.030000 1.563772 0.030000 3.125424 0.030000 2.419561 0.030000 3.058294 0.030000 7.200751 0.030000
6.760110 0.030000 6.586658 0.150000 5.305882 0.150000 7.927655 0.030000 1.476013 0.030000 3.133277 0.030000 2.482331 0.030000 3.204643 0.030000 7.213622 0.030000
6.724601 0.030000 6.488862 0.030000 5.096005 0.030000 7.955665 0.030000 1.573299 0.030000 3.151735 0.030000 2.468249 0.030000 3.195806 0.030000 7.178331 0.030000
6.787877 0.030000 6.422111 0.030000 5.109630 0.030000 7.995896 0.030000 1.563821 0.030000 3.186771 0.030000 2.469627 0.030000 3.174869 0.030000 7.271009 0.030000
6.830889 0.030000 6.636567 0.150000 5.180736 0.030000 8.073119 0.030000 1.505342 0.030000 3.260243 0.030000 2.387596 0.030000 3.180005 0.030000 7.250489 0.030000
6.914277 0.030000 6.611560 0.030000 5.216967 0.030000 8.173581 0.030000 1.888694 0.150000 3.355559 0.030000 2.455187 0.030000 3.128901 0.030000 7.423070 0.030000
7.105611 0.030000 6.639157 0.030000 5.245479 0.030000 8.289558 0.150000 1.615172 0.150000 3.215997 0.150000 2.516919 0.030000 3.022001 0.150000 7.446532 0.030000
7.075560 0.030000 6.769585 0.030000 5.194147 0.030000 8.295592 0.030000 1.173487 0.150000 3.533790 0.030000 2.585597 0.030000 3.008528 0.150000 7.579215 0.030000
7.159682 0.030000 6.865639 0.030000 5.222736 0.030000 8.869410 0.150000 0.996687 0.030000 3.655459 0.030000 2.878430 0.150000 2.951488 0.030000 7.717734 0.030000
7.174026 0.030000 7.055254 0.030000 5.164642 0.030000 8.540021 0.030000 0.939519 0.030000 3.737680 0.030000 2.859800 0.030000 2.902696 0.030000 7.810317 0.030000
7.228087 0.030000 7.148128 0.030000 5.063886 0.150000 8.716898 0.030000 0.763430 0.030000 3.879447 0.030000 2.942365 0.030000 2.828203 0.030000 7.988844 0.030000
7.915597 0.150000 7.287776 0.030000 5.077120 0.030000 8.799624 0.030000 0.679636 0.030000 5.001707 0.150000 3.086743 0.030000 2.724169 0.030000 8.114276 0.030000
7.332065 0.150000 7.382262 0.030000 5.125495 0.030000 8.837746 0.030000 0.530738 0.030000 4.034891 0.030000 3.184980 0.030000 2.630950 0.030000 8.232027 0.030000
7.227327 0.150000 7.512004 0.030000 5.039279 0.030000 8.952043 0.030000 0.431131 0.030000 4.128021 0.030000 3.325001 0.030000 2.588138 0.030000 8.354295 0.030000
7.486178 0.030000 7.598385 0.030000 5.065021 0.030000 9.097033 0.030000 0.616030 0.150000 4.112180 0.150000 3.372913 0.030000 2.515073 0.030000 8.365416 0.030000
7.435644 0.030000 7.724755 0.030000 5.029441 0.030000 9.145153 0.030000 0.210774 0.030000 4.345249 0.030000 3.520276 0.030000 2.502766 0.030000 8.499746 0.030000
7.561101 0.030000 7.815803 0.030000 4.993279 0.030000 9.513156 0.150000 0.133079 0.030000 4.333731 0.030000 3.606221 0.030000 2.468283 0.030000 8.580220 0.030000
7.546930 0.030000 7.871259 0.030000 5.798473 0.150000 9.241761 0.030000 0.005645 0.030000 4.401319 0.030000 3.647166 0.030000 2.401884 0.030000 8.617156 0.030000
7.637238 0.030000 7.928366 0.030000 5.036877 0.030000 9.335297 0.030000 0.028188 0.030000 5.183728 0.150000 3.747568 0.030000 2.378857 0.030000 8.708325 0.030000
7.773541 0.150000 8.578694 0.150000 5.014669 0.030000 9.353073 0.030000 0.055401 0.030000 4.528315 0.030000 3.768679 0.030000 2.615888 0.150000 9.523838 0.150000
7.665765 0.030000 8.139554 0.030000 4.969448 0.030000 9.448474 0.030000 0.164921 0.150000 4.572113 0.030000 3.785668 0.030000 2.346547 0.030000 8.816748 0.030000
7.699994 0.030000 8.116222 0.030000 5.008862 0.030000 9.755480 0.150000 0.168857 0.030000 4.560948 0.030000 3.908343 0.030000 2.337825 0.030000 8.839974 0.030000
7.727922 0.030000 8.216029 0.030000 5.046457 0.030000 9.499344 0.030000 0.240331 0.030000 4.760856 0.150000 3.927476 0.030000 2.334585 0.030000 8.873474 0.030000
7.733711 0.030000 8.173618 0.030000 4.986148 0.030000 9.524614 0.030000 0.240114 0.030000 4.663265 0.030000 3.901078 0.030000 2.310990 0.030000 8.933007 0.030000
7.758001 0.030000 8.214615 0.030000 5.024416 0.030000 9.532223 0.030000 0.264790 0.030000 4.674578 0.030000 3.949000 0.030000 2.258931 0.030000 8.941642 0.030000
7.588854 0.150000 8.283425 0.030000 4.961207 0.030000 9.569010 0.030000 0.372035 0.030000 4.689709 0.030000 4.063403 0.030000 2.171272 0.030000 8.972031 0.030000
7.635983 0.030000 8.331759 0.030000 4.809938 0.030000 9.551533 0.030000 0.420891 0.030000 4.655026 0.030000 4.101648 0.030000 2.126834 0.030000 9.054935 0.030000
7.548701 0.030000 8.355114 0.030000 5.360888 0.150000 9.549536 0.030000 0.559359 0.030000 4.708440 0.150000 4.219260 0.030000 2.038961 0.030000 8.988892 0.030000
7.464282 0.030000 8.387573 0.030000 6.339046 0.150000 9.480467 0.030000 0.620057 0.030000 4.635756 0.030000 4.221813 0.030000 1.854601 0.030000 8.928253 0.030000
7.375294 0.030000 8.402130 0.030000 4.506978 0.030000 9.569731 0.150000 0.699140 0.030000 4.525253 0.030000 4.252943 0.030000 1.946562 0.150000 8.892122 0.030000
7.179931 0.030000 8.331752 0.030000 4.359980 0.030000 9.325752 0.030000 0.645152 0.150000 4.493716 0.030000 4.327791 0.030000 1.567754 0.030000 8.859365 0.030000
7.168559 0.030000 8.383815 0.030000 4.252411 0.030000 9.266758 0.030000 1.031599 0.150000 4.381149 0.030000 4.425128 0.030000 1.480275 0.030000 8.831699 0.030000
7.068136 0.030000 8.782349 0.150000 4.152645 0.030000 9.217674 0.030000 1.042570 0.030000 4.311622 0.030000 4.430949 0.030000 1.395118 0.030000 8.807612 0.030000
6.965490 0.030000 8.380257 0.030000 3.982581 0.030000 9.179601 0.030000 1.483024 0.150000 4.317021 0.030000 4.511667 0.030000 1.257910 0.030000 8.729137 0.030000
6.829925 0.030000 8.685106 0.150000 3.844498 0.030000 9.093340 0.030000 1.238079 0.030000 4.252702 0.030000 4.534049 0.030000 1.154966 0.030000 8.714639 0.030000
6.737110 0.030000 8.471446 0.030000 3.772413 0.030000 8.998766 0.030000 1.352287 0.030000 4.218785 0.030000 4.577845 0.030000 1.008114 0.030000 8.744727 0.030000
6.625042 0.150000 8.488696 0.030000 3.462721 0.150000 8.979585 0.030000 1.496942 0.030000 4.162300 0.030000 4.638219 0.030000 0.971052 0.030000 8.640249 0.030000
6.518545 0.030000 8.483974 0.030000 3.505573 0.030000 8.856654 0.030000 1.689611 0.030000 3.948133 0.150000 4.727506 0.030000 0.912552 0.030000 8.582924 0.030000
6.472703 0.030000 8.516804 0.030000 3.459223 0.150000 8.871330 0.030000 1.779711 0.030000 4.128401 0.030000 4.819962 0.030000 0.808665 0.030000 9.557584 0.150000
6.386932 0.030000 8.559959 0.030000 3.226037 0.030000 8.777016 0.030000 1.878119 0.030000 4.231176 0.150000 5.446620 0.150000 0.725852 0.030000 8.586380 0.030000
6.269097 0.030000 8.614525 0.030000 3.092114 0.030000 8.784317 0.030000 1.987786 0.030000 3.933213 0.150000 4.982171 0.030000 0.682700 0.030000 8.590717 0.030000
6.181138 0.030000 8.609468 0.030000 3.042720 0.030000 8.621564 0.150000 2.105034 0.030000 4.063551 0.030000 5.053102 0.030000 0.660775 0.030000 8.586642 0.030000
6.036084 0.030000 8.588589 0.030000 2.796332 0.030000 8.713559 0.030000 2.190423 0.030000 3.988727 0.030000 5.187348 0.030000 0.661440 0.030000 8.520495 0.030000
5.974320 0.030000 8.673535 0.030000 2.750251 0.030000 8.617855 0.030000 2.363183 0.030000 3.979554 0.030000 5.190458 0.030000 0.630352 0.030000 9.197461 0.150000
5.895057 0.030000 8.681186 0.030000 2.539650 0.030000 8.580125 0.030000 2.707069 0.150000 3.971563 0.030000 5.249191 0.150000 0.487827 0.150000 8.482429 0.030000
5.828003 0.030000 8.754376 0.030000 2.478052 0.030000 8.516806 0.030000 2.580666 0.150000 3.931171 0.150000 5.353340 0.030000 0.714177 0.030000 9.188795 0.150000
5.713326 0.030000 8.767784 0.030000 2.373666 0.030000 8.445090 0.030000 2.686835 0.030000 3.935586 0.030000 5.512004 0.030000 0.776129 0.030000 8.490733 0.030000
5.571175 0.030000 9.014085 0.150000 2.256594 0.030000 8.460877 0.030000 2.799241 0.030000 3.965631 0.030000 5.502636 0.030000 0.884370 0.030000 8.462698 0.030000
5.573869 0.030000 8.892663 0.030000 2.106272 0.030000 8.378719 0.030000 2.950944 0.030000 4.570663 0.150000 5.620110 0.030000 0.944958 0.030000 8.489835 0.030000
5.450512 0.030000 8.866701 0.030000 1.995943 0.030000 8.315042 0.030000 3.026300 0.030000 4.499067 0.150000 5.701810 0.030000 1.064869 0.030000 8.475542 0.030000
5.361467 0.030000 8.923234 0.030000 1.830509 0.030000 8.366090 0.030000 3.225743 0.030000 4.021664 0.030000 5.756445 0.030000 1.113527 0.030000 8.462713 0.030000
5.324094 0.030000 8.956354 0.030000 1.714124 0.030000 8.302130 0.030000 3.351016 0.030000 4.041926 0.030000 5.867414 0.030000 1.285000 0.030000 8.446192 0.030000
5.185504 0.030000 9.041608 0.030000 1.603770 0.030000 8.248871 0.030000 3.475934 0.030000 4.026192 0.030000 5.945136 0.030000 1.422012 0.150000 8.465606 0.030000
5.078192 0.030000 9.592945 0.150000 1.479185 0.030000 8.244950 0.030000 3.539326 0.030000 4.038681 0.030000 6.099057 0.030000 1.589122 0.030000 8.460704 0.030000
5.062545 0.030000 9.086621 0.030000 1.366782 0.030000 8.182959 0.030000 3.660127 0.030000 4.135567 0.030000 6.171397 0.030000 1.625764 0.030000 8.441311 0.030000
5.440991 0.150000 9.169597 0.030000 1.259600 0.030000 8.168716 0.030000 3.826270 0.030000 4.092546 0.030000 6.312232 0.030000 1.830041 0.030000 8.511955 0.030000
4.963238 0.030000 9.233611 0.030000 1.078641 0.030000 8.102381 0.030000 3.977653 0.030000 4.078127 0.030000 6.536271 0.150000 1.883078 0.030000 8.471576 0.030000
4.819477 0.150000 9.253907 0.030000 0.963944 0.030000 8.132312 0.030000 4.433271 0.150000 4.116664 0.030000 6.406042 0.030000 1.874030 0.150000 8.544790 0.030000
4.751123 0.030000 9.745931 0.150000 0.851483 0.030000 8.132537 0.030000 4.155189 0.030000 4.271768 0.030000 6.592510 0.030000 2.088156 0.030000 8.517046 0.030000
4.726654 0.030000 9.457513 0.150000 0.677328 0.030000 8.624314 0.150000 4.380694 0.030000 4.258942 0.030000 6.631164 0.030000 2.190349 0.030000 8.478556 0.030000
4.617241 0.030000 9.430982 0.030000 0.616722 0.030000 8.140644 0.030000 4.663477 0.150000 4.618671 0.150000 6.755787 0.030000 2.298017 0.030000 8.541166 0.030000
4.596921 0.030000 9.488811 0.030000 0.478716 0.030000 8.086066 0.030000 4.648016 0.030000 4.367748 0.030000 6.858346 0.030000 2.490103 0.030000 8.548143 0.030000
4.483525 0.150000 9.495904 0.030000 0.672707 0.150000 8.037461 0.030000 4.709095 0.030000 4.403133 0.030000 6.931523 0.030000 3.091971 0.150000 8.617152 0.030000
4.501961 0.030000 9.779063 0.150000 0.184197 0.030000 8.380532 0.150000 4.856482 0.030000 4.468345 0.150000 7.107179 0.030000 2.696594 0.030000 8.585812 0.030000
4.462467 0.030000 9.643690 0.030000 0.083730 0.030000 8.043854 0.030000 5.046225 0.030000 4.558576 0.030000 7.188881 0.030000 2.796940 0.030000 8.605075 0.030000
4.360561 0.030000 9.752539 0.030000 -0.029309 0.030000 8.054003 0.030000 5.126883 0.030000 4.589528 0.030000 7.256057 0.030000 2.879577 0.030000 8.656016 0.030000
4.331844 0.030000 9.775159 0.030000 0.159977 0.030000 7.989853 0.030000 5.182739 0.030000 4.606192 0.030000 7.376964 0.030000 3.109487 0.030000 8.666077 0.030000
4.276874 0.030000 9.886761 0.150000 0.182192 0.030000 8.056827 0.030000 5.260924 0.030000 4.650912 0.030000 7.469534 0.030000 3.124729 0.030000 8.717094 0.030000
4.314716 0.030000 9.860332 0.030000 0.329200 0.030000 8.002669 0.030000 5.362599 0.030000 4.742182 0.030000 7.468750 0.030000 3.219216 0.030000 8.754546 0.030000
4.227751 0.030000 9.888783 0.030000 0.392687 0.030000 8.055419 0.030000 5.472565 0.030000 4.798361 0.030000 7.499563 0.030000 3.296686 0.030000 8.712301 0.030000
4.648333 0.150000 9.952669 0.030000 0.497544 0.030000 8.039103 0.030000 5.515496 0.030000 4.787233 0.030000 7.653176 0.030000 3.448714 0.150000 8.731083 0.030000
5.578216 0.150000 9.985693 0.150000 0.531186 0.030000 8.059803 0.030000 5.581689 0.030000 4.838125 0.030000 7.722900 0.030000 3.358976 0.030000 8.743465 0.030000
4.168475 0.030000 10.011584 0.030000 0.573993 0.030000 8.029851 0.030000 5.641534 0.030000 4.831225 0.030000 7.687972 0.030000 3.465839 0.030000 8.912763 0.150000
4.183165 0.030000 10.013190 0.030000 0.685602 0.030000 8.478097 0.150000 5.697727 0.030000 5.223228 0.150000 7.804471 0.030000 3.487535 0.030000 8.755745 0.030000
