1.544637 0.021000 1.378081 0.021000 7.033254 0.021000 7.014413 0.021000 6.922510 0.021000 7.120866 0.021000 9.788989 0.021000 10.005918 0.021000 4.154716 0.021000 4.284645 0.021000
1.525621 0.021000 1.497075 0.021000 7.871643 0.105000 6.959567 0.021000 6.824094 0.021000 7.836307 0.105000 9.742603 0.021000 10.068642 0.105000 4.103456 0.021000 4.241313 0.021000
1.640982 0.021000 1.541888 0.021000 7.019547 0.021000 7.059067 0.021000 7.099423 0.105000 6.911052 0.021000 9.677848 0.021000 9.765216 0.021000 4.096359 0.105000 4.154563 0.021000
1.776456 0.021000 1.612851 0.021000 7.160654 0.021000 7.000283 0.021000 6.616964 0.021000 6.839021 0.021000 9.619535 0.021000 9.693626 0.021000 3.891559 0.021000 4.036614 0.021000
1.852602 0.021000 1.758942 0.021000 7.431399 0.105000 7.229422 0.105000 6.483345 0.021000 6.781425 0.105000 9.477262 0.021000 9.643059 0.021000 4.223743 0.105000 3.956761 0.021000
2.000455 0.021000 1.784675 0.021000 7.146829 0.021000 7.159625 0.021000 6.386662 0.021000 6.580995 0.021000 9.427845 0.021000 9.540599 0.021000 3.807193 0.021000 3.944551 0.021000
2.109417 0.021000 1.948335 0.021000 7.248403 0.021000 7.152692 0.021000 6.281488 0.021000 6.453475 0.021000 9.309568 0.021000 9.448242 0.021000 3.633084 0.021000 3.796834 0.021000
2.183234 0.021000 2.002595 0.021000 7.239088 0.021000 7.184917 0.021000 6.104241 0.021000 6.336169 0.021000 9.271692 0.021000 9.329822 0.021000 3.602496 0.021000 3.757062 0.021000
2.347330 0.021000 2.112784 0.021000 7.293200 0.021000 7.510156 0.105000 6.161888 0.105000 6.246814 0.021000 9.141279 0.021000 9.257144 0.021000 3.518738 0.021000 3.731021 0.021000
2.362743 0.021000 2.249384 0.021000 7.314046 0.021000 7.512845 0.105000 5.892003 0.021000 6.128644 0.021000 9.146223 0.021000 9.179550 0.021000 3.704637 0.105000 3.587915 0.021000
2.507796 0.021000 2.324139 0.021000 7.353650 0.021000 7.273726 0.021000 6.077353 0.105000 5.966801 0.021000 9.023157 0.021000 9.550527 0.105000 3.421181 0.021000 3.505972 0.021000
2.648987 0.021000 2.488014 0.021000 7.572944 0.105000 7.333777 0.021000 5.639166 0.021000 5.833028 0.021000 8.937684 0.021000 9.064929 0.021000 3.358123 0.021000 3.445348 0.021000
2.766931 0.021000 2.614057 0.021000 7.644741 0.105000 7.357287 0.021000 5.469467 0.021000 5.771716 0.021000 8.842145 0.021000 9.011233 0.021000 3.292886 0.021000 3.876891 0.105000
2.843185 0.021000 2.682186 0.021000 7.543278 0.021000 7.407348 0.021000 5.386017 0.021000 5.608554 0.021000 8.917157 0.105000 8.896392 0.021000 3.278610 0.021000 3.361595 0.021000
2.979870 0.021000 2.810123 0.021000 7.520587 0.021000 7.504951 0.021000 6.362241 0.105000 5.512826 0.021000 8.696513 0.021000 8.818114 0.021000 3.204909 0.021000 3.278513 0.021000
3.135666 0.021000 2.882414 0.021000 7.587329 0.021000 7.762884 0.105000 5.177798 0.021000 5.382264 0.021000 8.582646 0.021000 8.720521 0.021000 3.179139 0.021000 3.201492 0.021000
3.223125 0.021000 3.002058 0.021000 7.622700 0.021000 7.552571 0.021000 5.034525 0.021000 5.227129 0.021000 8.524001 0.021000 8.685337 0.021000 3.095630 0.105000 3.227258 0.021000
3.362637 0.021000 3.190398 0.021000 7.692768 0.021000 7.601450 0.021000 4.888465 0.021000 5.111579 0.021000 8.563981 0.021000 8.585335 0.021000 3.123988 0.021000 3.121169 0.021000
3.484970 0.021000 3.292523 0.021000 7.709093 0.021000 7.641585 0.021000 4.793761 0.021000 4.960833 0.021000 8.403285 0.021000 9.363583 0.105000 3.045872 0.021000 3.172718 0.021000
3.556645 0.021000 3.408067 0.021000 7.788630 0.021000 7.698471 0.021000 4.650781 0.021000 4.820017 0.021000 8.364231 0.021000 8.450581 0.021000 3.044277 0.021000 3.156945 0.105000
3.700936 0.021000 3.531406 0.021000 7.858829 0.021000 7.512312 0.105000 4.540789 0.021000 4.744587 0.021000 8.324921 0.021000 8.417190 0.021000 3.041718 0.021000 2.994702 0.021000
3.802579 0.021000 3.603632 0.021000 7.869258 0.021000 7.848083 0.021000 4.411112 0.021000 4.596977 0.021000 8.213713 0.021000 8.289962 0.021000 3.027166 0.021000 2.980690 0.021000
3.964829 0.021000 3.714976 0.021000 7.983630 0.021000 7.893436 0.021000 4.321910 0.021000 4.507677 0.021000 8.194296 0.021000 8.225796 0.021000 2.998149 0.021000 2.974717 0.021000
4.106898 0.021000 3.881440 0.105000 8.047796 0.021000 7.929222 0.021000 4.192298 0.021000 4.378225 0.021000 8.058022 0.021000 8.192973 0.021000 3.124777 0.105000 2.986191 0.021000
4.335053 0.105000 4.010981 0.021000 8.080577 0.021000 7.996407 0.021000 4.027720 0.021000 4.241962 0.021000 8.019716 0.021000 8.154085 0.021000 2.920069 0.021000 3.027765 0.021000
4.296247 0.021000 4.078622 0.021000 8.151555 0.021000 8.083044 0.021000 3.955646 0.021000 4.113507 0.021000 7.977417 0.021000 8.100672 0.021000 3.053192 0.105000 3.018861 0.021000
4.427279 0.021000 4.221017 0.021000 8.237454 0.021000 8.122969 0.021000 3.791753 0.021000 4.003456 0.021000 7.931621 0.021000 7.980661 0.021000 2.982506 0.021000 3.022702 0.021000
4.575711 0.021000 4.360997 0.021000 8.292621 0.021000 8.175920 0.021000 3.657748 0.021000 3.873808 0.021000 7.846696 0.021000 7.986259 0.021000 2.992036 0.021000 3.007236 0.021000
4.682871 0.021000 4.427438 0.021000 8.350125 0.021000 8.243946 0.021000 3.636743 0.021000 3.790733 0.021000 8.104085 0.105000 7.859843 0.021000 3.068422 0.021000 3.005916 0.021000
4.776562 0.021000 4.730859 0.105000 8.417839 0.021000 8.255828 0.021000 3.407297 0.021000 3.640459 0.021000 7.700539 0.021000 7.884800 0.021000 3.041809 0.021000 3.033288 0.021000
4.930666 0.021000 4.911967 0.105000 8.493626 0.021000 8.390099 0.021000 3.388671 0.021000 3.560835 0.021000 7.713194 0.021000 7.759381 0.021000 3.820271 0.105000 3.099532 0.021000
5.072008 0.021000 4.867784 0.021000 8.554607 0.021000 8.928274 0.105000 3.232914 0.021000 3.381439 0.021000 7.659967 0.021000 7.722436 0.021000 3.136914 0.021000 3.089355 0.021000
5.132621 0.021000 4.950254 0.021000 8.627437 0.021000 8.528566 0.021000 3.068074 0.021000 3.240197 0.021000 7.583249 0.021000 7.651316 0.021000 3.235564 0.021000 3.088912 0.021000
5.296575 0.021000 5.036662 0.021000 8.710727 0.021000 8.603448 0.021000 2.962299 0.021000 3.164719 0.021000 7.558776 0.021000 7.630284 0.021000 3.176321 0.021000 3.182332 0.021000
5.433332 0.021000 5.180415 0.021000 8.823104 0.021000 8.641147 0.021000 2.865601 0.021000 3.052962 0.021000 7.475356 0.021000 7.570819 0.021000 3.435954 0.105000 3.225500 0.021000
5.573675 0.021000 5.359204 0.021000 8.705425 0.105000 8.697273 0.021000 2.772341 0.021000 2.962048 0.105000 7.391357 0.021000 7.511621 0.021000 3.328703 0.021000 3.250340 0.021000
5.658524 0.021000 5.443417 0.021000 8.934431 0.021000 8.763953 0.021000 2.667489 0.021000 2.780802 0.021000 7.503408 0.105000 7.458058 0.021000 3.547530 0.105000 3.332325 0.021000
5.798180 0.021000 5.853277 0.105000 9.014074 0.021000 8.896928 0.021000 2.506559 0.021000 2.765139 0.021000 7.378659 0.021000 7.357921 0.021000 4.007167 0.105000 3.308968 0.021000
5.919719 0.021000 5.683365 0.021000 9.650518 0.105000 8.937418 0.021000 2.414394 0.021000 2.549798 0.021000 7.339775 0.021000 7.413089 0.021000 3.519836 0.021000 4.275211 0.105000
5.995547 0.105000 5.858916 0.021000 9.188218 0.021000 9.088202 0.021000 2.299466 0.021000 2.461025 0.021000 7.307899 0.021000 7.407334 0.021000 3.601220 0.021000 3.473926 0.021000
6.127021 0.021000 6.073610 0.105000 9.244404 0.021000 9.186081 0.105000 2.169764 0.021000 2.319503 0.021000 7.289950 0.021000 7.294596 0.021000 3.696960 0.021000 3.519749 0.021000
6.314985 0.021000 6.086628 0.021000 9.376563 0.021000 9.207374 0.021000 2.056097 0.021000 2.228294 0.021000 7.243750 0.021000 7.272723 0.021000 3.701077 0.021000 3.630637 0.105000
6.320444 0.021000 6.189603 0.021000 9.511167 0.105000 9.280986 0.021000 1.926124 0.021000 2.159122 0.021000 7.157856 0.021000 7.956732 0.105000 3.772609 0.021000 3.674050 0.021000
6.465507 0.021000 6.265007 0.021000 9.505104 0.021000 9.357001 0.021000 1.897100 0.021000 2.085722 0.021000 7.167335 0.021000 7.225380 0.021000 3.820083 0.021000 3.705219 0.021000
6.549493 0.021000 6.367755 0.021000 9.533685 0.021000 9.424727 0.021000 1.810661 0.021000 1.933007 0.021000 7.204373 0.021000 7.204523 0.105000 3.871992 0.021000 3.779653 0.021000
6.582258 0.021000 6.442433 0.021000 9.639537 0.021000 10.042580 0.105000 2.258301 0.105000 1.938820 0.021000 7.139545 0.021000 7.238008 0.021000 3.958900 0.021000 3.851774 0.021000
6.679686 0.021000 6.495624 0.021000 9.619471 0.021000 9.536142 0.021000 1.713873 0.021000 1.922759 0.021000 7.160114 0.021000 7.206086 0.021000 3.951510 0.021000 3.840643 0.021000
6.737956 0.021000 6.576396 0.021000 9.662681 0.021000 9.584016 0.021000 1.627838 0.021000 1.747760 0.021000 7.119648 0.021000 7.182051 0.021000 4.047442 0.021000 3.895930 0.021000
6.889932 0.021000 6.585921 0.021000 9.739564 0.021000 9.605826 0.021000 1.624505 0.021000 1.820948 0.021000 7.124725 0.021000 7.175745 0.021000 4.050486 0.021000 3.935515 0.021000
7.164403 0.105000 6.664724 0.021000 9.712962 0.021000 9.555113 0.021000 1.565766 0.021000 1.762298 0.021000 7.101798 0.021000 7.179586 0.021000 4.081092 0.021000 3.979438 0.021000
6.867302 0.021000 6.627941 0.021000 9.752078 0.021000 9.611831 0.021000 1.885902 0.105000 1.693937 0.021000 7.074546 0.021000 7.158350 0.021000 4.048296 0.021000 4.000119 0.021000
6.873076 0.021000 6.697894 0.021000 9.705345 0.021000 9.600474 0.021000 1.563334 0.021000 1.664290 0.021000 7.050940 0.105000 7.175736 0.021000 4.063638 0.021000 3.980828 0.021000
6.950896 0.105000 6.699716 0.021000 9.734463 0.021000 9.747394 0.021000 1.548954 0.021000 1.656651 0.021000 6.985342 0.021000 7.120675 0.021000 4.133408 0.021000 4.091462 0.021000
6.996890 0.021000 6.857833 0.021000 9.668926 0.021000 9.783989 0.021000 1.604880 0.021000 1.535734 0.021000 6.910165 0.021000 7.103892 0.021000 4.343009 0.105000 4.112076 0.021000
7.059915 0.021000 6.945085 0.021000 9.619254 0.021000 9.733312 0.021000 1.814254 0.105000 1.574964 0.021000 6.792560 0.021000 7.041701 0.021000 3.954734 0.021000 4.039138 0.021000
7.067379 0.021000 7.000173 0.021000 9.555954 0.021000 9.680062 0.021000 1.775617 0.021000 1.683528 0.021000 7.350303 0.105000 6.845683 0.021000 3.918872 0.021000 4.032683 0.021000
7.146708 0.021000 7.049892 0.021000 9.943000 0.105000 9.609080 0.021000 1.905519 0.021000 1.741214 0.021000 6.488417 0.021000 7.522397 0.105000 3.853837 0.021000 3.967319 0.105000
7.174495 0.021000 7.373897 0.105000 9.419556 0.021000 9.486897 0.021000 1.882189 0.021000 1.851087 0.021000 6.441904 0.021000 6.632786 0.021000 3.783656 0.021000 3.853810 0.021000
7.207686 0.021000 7.269259 0.105000 9.307019 0.105000 9.466565 0.021000 2.087184 0.021000 1.922310 0.021000 6.270455 0.021000 6.430463 0.021000 3.671210 0.021000 3.737246 0.021000
7.141556 0.021000 7.172691 0.021000 9.207933 0.021000 9.501686 0.105000 2.194244 0.021000 1.995108 0.021000 6.153045 0.021000 6.306641 0.021000 3.736056 0.105000 3.707803 0.021000
7.276623 0.021000 7.228656 0.021000 9.184098 0.021000 9.225805 0.021000 2.252762 0.021000 2.104201 0.021000 5.989879 0.021000 6.217741 0.021000 3.644052 0.105000 3.637655 0.021000
7.286451 0.021000 7.200643 0.021000 9.083577 0.021000 9.178442 0.021000 2.397130 0.021000 2.204662 0.021000 6.096706 0.105000 6.066046 0.021000 3.463738 0.021000 3.633324 0.021000
7.327543 0.021000 8.008142 0.105000 9.016185 0.021000 9.116821 0.021000 2.492216 0.021000 2.302819 0.021000 5.794313 0.021000 6.183165 0.105000 3.432673 0.021000 3.500445 0.021000
7.404185 0.021000 7.305396 0.021000 8.961116 0.021000 9.115939 0.021000 2.629231 0.021000 2.440702 0.021000 5.722197 0.021000 5.819682 0.021000 3.375075 0.021000 3.514026 0.021000
7.376902 0.021000 7.314726 0.021000 8.939620 0.021000 9.018172 0.021000 2.652796 0.021000 2.473951 0.021000 5.614820 0.021000 5.800886 0.021000 3.919681 0.105000 3.373019 0.021000
7.461698 0.021000 7.382869 0.021000 8.854391 0.021000 8.973396 0.021000 2.796614 0.021000 2.601060 0.021000 5.517321 0.021000 5.703894 0.021000 3.307976 0.021000 3.411622 0.021000
7.435834 0.021000 7.376418 0.021000 8.830752 0.021000 8.921060 0.021000 2.798244 0.021000 2.613541 0.021000 5.492046 0.021000 5.704518 0.021000 3.264342 0.021000 3.365110 0.021000
7.440904 0.021000 7.386312 0.021000 8.753448 0.021000 8.938813 0.021000 3.174358 0.105000 2.709067 0.021000 5.349196 0.021000 5.632109 0.021000 3.303672 0.021000 3.359534 0.021000
7.486562 0.021000 7.374772 0.021000 8.678121 0.021000 8.864270 0.021000 2.960009 0.021000 2.794805 0.021000 5.420266 0.021000 5.576262 0.021000 3.234541 0.021000 3.308031 0.021000
7.947433 0.105000 7.424334 0.021000 8.712728 0.021000 8.803549 0.021000 2.936972 0.021000 2.717084 0.021000 5.317401 0.021000 5.512799 0.021000 3.218012 0.021000 3.453328 0.105000
7.522508 0.021000 7.397706 0.021000 8.722405 0.021000 8.781121 0.021000 3.034561 0.021000 2.822772 0.021000 5.357969 0.021000 5.431520 0.021000 3.434273 0.105000 3.300187 0.021000
7.490540 0.021000 7.468918 0.021000 8.631172 0.021000 8.767600 0.021000 3.194096 0.105000 2.817218 0.021000 5.328684 0.021000 5.598223 0.105000 3.159733 0.021000 3.308412 0.021000
7.463880 0.021000 7.494384 0.021000 8.583918 0.021000 8.772553 0.021000 3.091988 0.021000 2.871993 0.021000 5.250152 0.021000 5.443566 0.021000 3.088160 0.021000 3.248930 0.021000
7.363255 0.021000 7.518498 0.021000 8.469647 0.021000 8.672140 0.021000 3.144822 0.021000 3.006841 0.021000 5.241317 0.021000 5.356010 0.021000 3.010222 0.021000 3.181939 0.021000
7.200441 0.105000 7.399763 0.105000 8.364583 0.021000 8.580115 0.021000 3.206187 0.021000 3.041089 0.021000 5.299813 0.021000 5.278795 0.021000 2.933991 0.021000 3.086289 0.021000
7.240975 0.021000 7.370434 0.021000 8.334316 0.021000 8.461964 0.021000 3.254432 0.021000 3.181216 0.021000 5.567919 0.105000 5.242737 0.021000 2.829474 0.021000 2.990063 0.021000
7.058040 0.021000 8.085079 0.105000 8.678287 0.105000 8.365598 0.021000 3.291820 0.021000 3.226508 0.021000 5.356354 0.021000 5.240460 0.021000 2.693672 0.021000 2.875909 0.021000
6.975670 0.021000 7.180018 0.021000 8.130345 0.021000 8.223222 0.021000 3.381454 0.021000 3.248199 0.021000 5.404426 0.021000 5.328900 0.021000 2.505141 0.021000 2.774983 0.021000
6.860244 0.021000 7.088917 0.021000 7.977607 0.021000 8.149221 0.021000 3.913483 0.105000 3.263077 0.021000 5.418660 0.021000 5.310482 0.021000 2.448684 0.021000 2.692278 0.105000
6.800892 0.021000 7.015334 0.105000 7.989336 0.105000 8.112579 0.021000 3.500345 0.021000 3.423290 0.021000 5.407217 0.021000 5.297283 0.021000 2.341448 0.021000 2.484562 0.021000
6.663033 0.021000 6.812906 0.021000 7.820671 0.021000 7.962881 0.021000 3.571685 0.021000 3.452485 0.021000 5.463684 0.021000 5.425461 0.021000 2.194212 0.021000 2.416988 0.021000
6.509702 0.021000 6.691374 0.021000 7.721507 0.021000 7.831764 0.021000 3.670421 0.021000 3.499730 0.021000 5.471864 0.105000 5.439414 0.021000 2.141390 0.021000 2.290774 0.021000
6.384709 0.021000 6.585510 0.021000 7.604974 0.021000 7.748113 0.021000 3.687660 0.021000 3.636653 0.021000 5.571440 0.021000 5.483717 0.021000 1.971387 0.021000 2.172046 0.021000
6.314076 0.021000 6.474906 0.021000 8.649893 0.105000 9.074784 0.105000 3.794743 0.021000 3.669389 0.021000 5.559690 0.021000 5.501695 0.021000 1.881701 0.021000 2.195760 0.105000
6.193457 0.021000 6.396787 0.021000 7.666232 0.105000 7.730311 0.105000 3.920126 0.021000 3.756858 0.021000 5.634205 0.021000 5.524847 0.021000 1.814129 0.021000 1.981270 0.021000
6.116654 0.021000 6.276265 0.021000 7.895517 0.105000 7.558721 0.021000 4.005549 0.021000 3.884212 0.021000 6.035547 0.105000 5.572326 0.021000 1.652596 0.021000 1.776446 0.105000
5.959799 0.021000 6.157185 0.021000 7.235987 0.021000 7.402537 0.021000 4.034833 0.021000 3.909644 0.021000 5.765767 0.021000 5.690015 0.021000 1.600118 0.021000 1.729265 0.021000
5.889500 0.021000 5.990020 0.021000 7.171976 0.021000 7.277256 0.021000 4.200224 0.021000 4.062107 0.021000 5.803821 0.021000 5.738037 0.021000 1.475006 0.021000 1.699742 0.021000
5.815411 0.105000 5.957645 0.021000 7.052461 0.021000 7.165300 0.021000 4.293073 0.021000 4.137911 0.021000 5.900719 0.021000 5.781236 0.021000 1.408745 0.021000 1.567735 0.021000
5.638193 0.021000 5.764326 0.021000 6.969519 0.021000 7.131744 0.021000 4.357470 0.021000 4.203955 0.021000 5.986649 0.021000 5.852822 0.021000 1.343961 0.021000 1.418511 0.021000
5.527872 0.021000 5.702533 0.021000 6.880445 0.021000 6.717502 0.105000 4.475463 0.021000 4.261238 0.021000 6.286179 0.105000 5.904309 0.021000 1.262557 0.021000 1.378927 0.021000
5.779763 0.105000 5.659406 0.021000 7.020151 0.105000 7.853438 0.105000 4.905282 0.105000 4.465215 0.021000 6.073387 0.021000 5.979936 0.021000 1.159530 0.021000 1.316300 0.021000
5.361804 0.021000 5.542009 0.021000 6.684094 0.021000 6.861520 0.021000 4.603638 0.021000 4.526857 0.021000 6.142135 0.021000 6.051834 0.021000 1.134243 0.021000 1.173807 0.021000
5.271758 0.021000 5.437015 0.021000 6.621566 0.021000 7.363998 0.105000 4.732201 0.021000 4.516402 0.021000 6.200236 0.021000 6.134295 0.021000 1.129991 0.021000 1.141276 0.021000
5.156532 0.021000 5.293549 0.021000 6.592748 0.021000 6.721866 0.021000 4.832172 0.021000 4.652759 0.021000 6.294637 0.021000 6.197886 0.021000 1.044181 0.021000 1.122439 0.021000
5.028746 0.021000 5.209688 0.021000 6.474165 0.021000 6.600149 0.021000 4.951234 0.021000 4.805549 0.021000 6.418343 0.021000 6.239275 0.021000 0.974462 0.021000 1.073162 0.021000
4.899760 0.021000 5.126648 0.021000 6.353002 0.021000 6.503178 0.021000 4.992765 0.021000 4.818787 0.021000 6.425659 0.021000 6.355145 0.021000 1.059923 0.021000 1.052385 0.021000
4.823370 0.021000 4.963229 0.021000 6.260081 0.021000 6.416230 0.021000 5.109784 0.021000 4.968531 0.021000 6.556789 0.021000 6.407135 0.021000 1.059225 0.021000 1.007188 0.021000
4.798043 0.021000 4.958843 0.021000 6.259878 0.021000 6.378160 0.021000 5.202617 0.021000 5.093800 0.021000 6.638891 0.021000 6.477802 0.021000 1.068327 0.021000 1.041300 0.021000
4.718076 0.021000 4.713407 0.105000 6.177778 0.021000 6.353497 0.021000 5.302672 0.021000 5.182780 0.021000 6.729658 0.021000 6.552028 0.021000 1.110891 0.021000 1.008173 0.021000
4.627376 0.021000 4.703139 0.021000 6.078774 0.021000 6.252801 0.021000 5.470629 0.021000 5.280417 0.021000 6.791839 0.021000 6.644513 0.021000 1.187130 0.021000 1.157743 0.105000
4.465303 0.021000 4.636371 0.021000 5.985207 0.021000 6.199490 0.021000 5.521219 0.021000 5.384066 0.021000 6.867584 0.021000 6.732855 0.021000 1.177857 0.021000 1.127164 0.021000
4.825956 0.105000 4.504334 0.021000 5.955274 0.021000 6.047742 0.021000 6.548188 0.105000 5.476574 0.021000 7.482922 0.105000 6.765789 0.021000 1.261612 0.021000 1.194323 0.021000
4.327881 0.021000 4.982569 0.105000 5.884085 0.021000 6.017299 0.105000 5.769739 0.021000 5.598131 0.021000 7.029071 0.021000 6.863176 0.021000 1.334861 0.021000 1.276868 0.021000
4.217548 0.021000 4.360610 0.021000 5.792853 0.021000 5.929221 0.021000 5.850409 0.021000 5.732537 0.021000 7.173003 0.021000 6.983811 0.021000 1.549351 0.021000 1.298913 0.021000
4.056309 0.021000 4.231823 0.021000 5.712477 0.021000 5.842955 0.021000 5.960027 0.021000 5.818491 0.021000 7.248898 0.021000 7.089085 0.021000 1.553323 0.021000 1.438447 0.021000
4.026027 0.021000 4.163976 0.021000 5.645070 0.021000 5.696395 0.021000 6.443738 0.105000 5.933520 0.021000 7.246751 0.021000 7.145952 0.021000 1.650141 0.021000 1.513137 0.021000
3.982788 0.021000 4.098024 0.021000 5.649571 0.021000 5.742136 0.021000 6.242259 0.021000 6.050624 0.021000 7.394467 0.105000 7.262894 0.021000 1.779811 0.021000 1.624024 0.021000
3.860391 0.021000 3.983765 0.021000 5.550445 0.021000 5.652986 0.021000 6.312445 0.021000 6.113785 0.021000 7.469916 0.021000 7.342505 0.021000 1.859418 0.021000 1.639733 0.021000
3.775466 0.021000 3.949116 0.021000 5.541386 0.021000 5.631437 0.021000 6.381238 0.021000 6.165086 0.021000 8.271437 0.105000 7.414333 0.021000 1.993757 0.021000 1.729094 0.105000
3.726009 0.021000 3.810820 0.021000 5.434867 0.021000 5.542662 0.021000 6.505034 0.021000 6.363598 0.021000 7.671286 0.021000 7.463905 0.021000 2.085343 0.105000 1.896929 0.021000
3.621075 0.021000 3.744669 0.021000 5.411006 0.021000 5.452638 0.021000 6.614484 0.021000 6.482883 0.021000 7.712352 0.021000 7.601127 0.021000 3.004632 0.105000 1.974009 0.021000
3.536164 0.021000 3.708079 0.021000 5.359495 0.021000 5.440017 0.021000 6.764565 0.021000 6.537202 0.021000 7.819813 0.021000 7.670199 0.021000 2.271684 0.021000 2.081324 0.021000
3.492358 0.021000 3.654140 0.021000 5.276858 0.021000 5.324513 0.021000 6.924841 0.021000 6.686245 0.021000 7.937026 0.021000 7.787179 0.021000 2.414266 0.021000 2.453308 0.105000
3.455217 0.021000 3.580472 0.021000 5.294898 0.021000 5.347915 0.021000 6.886660 0.021000 6.774986 0.021000 7.968605 0.021000 7.865330 0.021000 2.437076 0.021000 2.292374 0.021000
3.482613 0.021000 3.481696 0.021000 5.258311 0.021000 5.291016 0.021000 7.088815 0.021000 6.884380 0.021000 8.145993 0.021000 7.992386 0.021000 2.561165 0.021000 2.531502 0.105000
3.410689 0.021000 3.497186 0.021000 5.247015 0.021000 5.220513 0.021000 7.141669 0.021000 7.012125 0.021000 8.174800 0.021000 8.053366 0.021000 2.666631 0.021000 2.507941 0.021000
3.358399 0.021000 3.468765 0.021000 5.228906 0.021000 6.004438 0.105000 7.169240 0.021000 7.008612 0.021000 8.193402 0.021000 8.074756 0.021000 2.691579 0.021000 2.523722 0.021000
3.296780 0.021000 3.351065 0.105000 5.176413 0.021000 5.293678 0.021000 7.260608 0.021000 7.040376 0.021000 8.272945 0.021000 8.162497 0.021000 2.788982 0.021000 2.623635 0.021000
3.375649 0.105000 3.344828 0.021000 5.189145 0.021000 5.164588 0.021000 7.321960 0.021000 7.060177 0.021000 8.295466 0.021000 8.162334 0.021000 2.816483 0.021000 2.657903 0.021000
3.373724 0.105000 3.373977 0.021000 5.129935 0.021000 5.191564 0.021000 7.370371 0.021000 7.184235 0.021000 8.377181 0.021000 8.189944 0.021000 2.844285 0.021000 2.669621 0.021000
3.234606 0.021000 3.255096 0.105000 5.777522 0.105000 5.184786 0.021000 7.431879 0.021000 7.238411 0.021000 8.359674 0.021000 8.286969 0.021000 2.948983 0.021000 2.852065 0.105000
3.273162 0.021000 3.335068 0.021000 5.144815 0.021000 5.182779 0.021000 7.460340 0.021000 7.589860 0.105000 8.430189 0.021000 8.272038 0.021000 2.974896 0.021000 2.822551 0.021000
3.308305 0.021000 3.340062 0.021000 5.067128 0.021000 5.218625 0.021000 7.477822 0.021000 7.274781 0.021000 8.442429 0.021000 8.307676 0.021000 2.959522 0.021000 2.818920 0.021000
3.295674 0.021000 3.289291 0.021000 4.978820 0.021000 5.154008 0.021000 7.503831 0.021000 7.372445 0.021000 8.398899 0.021000 8.368582 0.021000 3.031264 0.021000 2.934757 0.021000
5.170115 0.105000 3.243363 0.021000 4.898880 0.021000 5.086871 0.021000 7.616704 0.021000 7.454065 0.021000 8.460838 0.021000 8.429141 0.021000 3.009657 0.021000 2.943753 0.021000
3.529384 0.021000 3.346146 0.021000 4.810332 0.021000 5.990895 0.105000 7.714256 0.021000 7.574927 0.021000 8.362280 0.021000 9.300649 0.105000 3.018274 0.021000 3.070158 0.021000
3.589980 0.021000 3.433287 0.021000 4.623987 0.021000 4.914402 0.021000 7.780429 0.021000 7.677884 0.021000 8.366357 0.021000 8.439307 0.021000 2.982830 0.021000 3.038652 0.021000
3.931195 0.105000 3.576488 0.021000 4.557753 0.021000 4.722004 0.021000 7.814592 0.021000 7.693046 0.021000 8.232109 0.021000 8.280235 0.021000 4.388908 0.105000 3.000580 0.021000
3.825704 0.021000 3.626808 0.021000 4.390735 0.021000 4.648456 0.021000 7.903840 0.021000 7.743782 0.021000 8.212837 0.021000 9.273653 0.105000 2.973611 0.021000 2.991844 0.021000
4.205169 0.105000 3.756793 0.021000 4.357396 0.021000 4.719165 0.105000 8.170909 0.105000 7.822643 0.021000 8.072968 0.021000 8.201259 0.021000 2.961615 0.021000 2.754761 0.105000
4.063513 0.021000 3.918177 0.021000 4.177076 0.021000 4.364709 0.105000 8.049944 0.021000 7.919684 0.021000 8.083062 0.021000 8.184013 0.021000 2.951016 0.021000 2.960469 0.021000
4.249414 0.021000 4.005886 0.021000 4.078407 0.021000 4.252263 0.021000 8.117838 0.021000 8.007062 0.021000 8.000924 0.021000 8.092584 0.021000 3.001525 0.021000 2.987515 0.021000
4.349657 0.021000 4.125101 0.021000 3.884914 0.021000 4.141310 0.021000 8.903249 0.105000 8.025998 0.021000 7.995291 0.021000 8.034705 0.021000 3.032300 0.021000 2.985036 0.021000
4.393430 0.021000 5.075027 0.105000 3.788424 0.021000 4.062157 0.021000 8.208785 0.021000 8.419076 0.105000 7.862205 0.021000 7.931005 0.021000 3.000675 0.021000 3.033231 0.021000
4.520594 0.021000 4.380281 0.021000 3.724752 0.021000 3.951853 0.021000 8.242957 0.021000 8.138037 0.021000 7.860629 0.021000 7.924887 0.021000 3.058170 0.021000 3.033943 0.021000
4.579342 0.021000 4.395843 0.021000 3.652641 0.021000 3.850833 0.021000 8.347250 0.021000 8.212811 0.021000 7.783140 0.021000 7.847922 0.021000 3.015652 0.021000 3.000185 0.021000
4.699382 0.021000 4.639319 0.105000 3.558812 0.021000 3.804458 0.021000 8.274082 0.021000 8.227199 0.021000 7.792550 0.021000 7.862452 0.021000 3.091445 0.105000 3.023455 0.021000
4.725527 0.021000 4.531708 0.021000 3.514387 0.021000 3.669646 0.021000 8.387649 0.021000 8.255481 0.021000 7.719905 0.105000 7.923366 0.021000 3.047843 0.021000 2.999989 0.021000
4.799295 0.021000 4.620868 0.021000 3.450401 0.021000 3.626544 0.021000 8.491820 0.021000 8.367189 0.105000 7.711522 0.021000 7.822505 0.021000 3.067010 0.021000 3.045012 0.021000
4.904833 0.021000 4.624681 0.021000 3.433041 0.021000 3.614045 0.021000 8.406845 0.021000 8.293094 0.021000 7.709095 0.021000 7.981944 0.105000 3.109771 0.021000 3.061864 0.021000
4.912939 0.021000 4.693019 0.021000 3.396978 0.021000 3.581364 0.021000 8.480012 0.021000 8.938620 0.105000 7.691717 0.021000 7.861271 0.105000 3.088106 0.021000 3.079065 0.021000
4.854681 0.021000 4.728110 0.021000 3.330038 0.021000 3.477854 0.021000 8.468280 0.021000 8.345586 0.021000 7.695438 0.021000 7.808718 0.021000 3.084683 0.021000 2.989334 0.021000
4.887234 0.021000 4.746883 0.021000 3.361825 0.021000 3.552809 0.021000 8.465458 0.021000 8.346598 0.021000 7.563708 0.021000 7.775786 0.021000 3.062423 0.021000 3.087131 0.021000
4.979766 0.021000 4.867024 0.021000 3.341979 0.021000 3.577777 0.105000 8.434126 0.021000 8.499315 0.021000 7.589370 0.021000 7.732474 0.021000 3.059626 0.021000 3.091997 0.021000
5.051680 0.105000 4.903896 0.021000 3.299106 0.021000 3.398865 0.021000 8.356065 0.021000 8.466995 0.021000 7.517690 0.021000 7.683414 0.021000 2.944249 0.021000 3.086416 0.021000
5.822255 0.105000 4.966629 0.021000 3.409269 0.021000 4.136234 0.105000 8.322839 0.021000 8.463143 0.021000 7.325349 0.021000 7.608807 0.021000 2.858920 0.021000 3.831112 0.105000
5.118486 0.021000 5.043451 0.021000 3.395820 0.021000 3.333371 0.021000 8.196616 0.021000 8.391920 0.021000 7.308190 0.021000 7.613163 0.105000 2.738907 0.021000 2.920953 0.021000
5.154831 0.021000 5.101745 0.021000 3.505859 0.021000 3.942186 0.105000 8.082129 0.021000 8.226817 0.021000 7.130593 0.021000 7.268334 0.021000 2.592928 0.021000 2.766961 0.021000
5.149916 0.021000 5.105322 0.021000 3.496265 0.021000 3.412781 0.021000 8.300209 0.105000 8.526996 0.105000 7.009046 0.021000 7.221756 0.021000 2.499782 0.021000 2.670315 0.021000
5.263843 0.021000 5.214673 0.021000 3.536399 0.021000 3.441881 0.021000 7.917075 0.021000 8.246808 0.105000 6.937002 0.021000 7.180165 0.021000 2.361420 0.021000 2.568068 0.021000
5.262793 0.021000 5.207839 0.021000 3.640122 0.021000 3.519716 0.021000 7.819705 0.021000 8.050886 0.021000 6.822575 0.021000 7.019214 0.021000 2.356853 0.105000 2.927654 0.105000
5.319857 0.021000 5.278991 0.021000 3.711125 0.021000 3.571740 0.021000 7.698946 0.021000 7.890949 0.021000 6.678897 0.021000 6.812718 0.021000 2.154614 0.021000 2.280888 0.021000
5.449163 0.021000 5.296202 0.021000 3.752813 0.021000 3.642337 0.021000 7.661541 0.021000 7.766355 0.021000 6.549027 0.021000 6.757477 0.021000 2.022285 0.021000 2.266533 0.021000
5.452535 0.021000 5.341685 0.021000 3.831231 0.021000 3.734361 0.021000 7.536951 0.021000 7.697314 0.021000 7.210068 0.105000 6.669367 0.021000 1.962561 0.021000 2.096794 0.021000
5.540929 0.021000 5.367675 0.021000 3.942353 0.021000 3.734881 0.105000 7.410001 0.021000 7.563722 0.021000 6.369095 0.021000 6.518657 0.021000 1.839991 0.021000 2.021766 0.021000
5.545236 0.021000 5.473457 0.021000 3.974146 0.021000 3.840737 0.021000 7.298840 0.021000 7.498693 0.021000 6.269254 0.021000 6.417042 0.021000 1.743806 0.021000 1.963594 0.021000
5.699182 0.021000 5.531814 0.021000 4.066039 0.021000 3.960242 0.021000 7.297720 0.021000 7.431481 0.021000 6.115798 0.021000 6.296831 0.021000 1.625174 0.021000 1.787735 0.021000
5.734200 0.021000 5.599284 0.021000 4.574223 0.105000 4.007421 0.105000 7.390730 0.105000 7.328153 0.021000 6.017035 0.021000 6.216003 0.021000 1.458370 0.021000 1.684849 0.021000
5.768539 0.021000 5.624033 0.021000 4.212401 0.021000 4.073369 0.021000 7.053762 0.021000 7.179295 0.021000 5.928895 0.021000 6.117403 0.021000 1.431959 0.021000 2.628521 0.105000
5.856917 0.021000 5.691029 0.021000 4.314562 0.021000 4.161114 0.021000 7.004427 0.021000 7.122130 0.021000 5.848947 0.021000 5.988232 0.021000 1.363766 0.021000 1.502423 0.021000
5.817335 0.021000 5.829325 0.021000 4.353855 0.021000 4.288525 0.021000 6.872128 0.021000 7.052704 0.021000 5.653583 0.021000 5.873249 0.021000 1.265379 0.021000 1.368482 0.021000
5.922112 0.021000 5.823150 0.021000 4.481025 0.021000 4.345117 0.021000 6.799646 0.021000 6.924916 0.021000 5.929361 0.105000 5.744647 0.021000 1.182684 0.021000 1.349029 0.021000
6.028581 0.021000 5.948099 0.021000 4.551078 0.021000 4.466114 0.021000 6.770002 0.021000 6.863961 0.021000 5.700377 0.105000 5.674967 0.021000 1.123864 0.021000 1.098721 0.105000
6.070188 0.021000 5.944179 0.021000 4.702149 0.021000 4.537273 0.021000 6.603763 0.021000 7.004228 0.105000 5.435239 0.021000 5.548565 0.021000 1.036946 0.021000 1.108171 0.021000
6.153797 0.021000 6.029878 0.021000 4.761675 0.021000 4.551637 0.021000 6.598323 0.021000 6.698115 0.021000 5.824306 0.105000 5.441128 0.021000 1.007433 0.021000 1.121850 0.021000
6.246005 0.021000 6.150045 0.021000 4.852841 0.021000 4.729072 0.021000 6.512863 0.021000 6.580719 0.021000 5.234095 0.021000 5.341695 0.021000 0.963603 0.105000 1.020858 0.021000
6.299491 0.021000 6.199805 0.021000 4.959091 0.021000 4.863528 0.021000 6.387276 0.021000 6.504029 0.021000 5.069938 0.021000 5.257508 0.021000 0.980156 0.021000 0.991535 0.021000
6.419502 0.021000 6.365534 0.021000 5.136706 0.021000 4.885664 0.021000 6.586979 0.105000 6.502493 0.021000 5.012551 0.021000 5.100300 0.021000 0.982704 0.021000 1.113176 0.105000
6.482661 0.021000 6.405439 0.021000 5.174133 0.021000 5.004990 0.021000 6.316797 0.021000 6.260756 0.105000 4.922730 0.021000 5.087641 0.021000 1.030802 0.021000 0.975233 0.021000
6.574332 0.021000 6.451377 0.021000 5.260649 0.021000 5.124749 0.021000 6.212845 0.021000 6.276984 0.021000 4.749625 0.021000 4.893162 0.021000 0.985560 0.021000 0.933118 0.021000
6.632396 0.021000 6.497164 0.021000 5.393656 0.021000 5.183656 0.021000 6.120699 0.021000 6.254418 0.021000 4.669455 0.021000 4.843832 0.021000 1.024001 0.021000 1.002323 0.021000
6.756853 0.021000 6.607553 0.021000 5.528013 0.021000 5.339232 0.021000 6.031358 0.021000 6.194949 0.021000 4.551665 0.021000 4.738455 0.021000 1.116900 0.021000 0.997394 0.021000
6.821803 0.021000 6.708624 0.021000 5.591855 0.021000 5.498980 0.105000 5.888805 0.021000 6.096678 0.021000 4.446893 0.021000 4.634463 0.021000 1.234967 0.021000 1.135050 0.021000
6.904824 0.021000 6.794028 0.021000 5.695196 0.021000 5.744094 0.105000 5.905508 0.021000 6.328933 0.105000 4.419069 0.021000 4.533270 0.021000 1.266836 0.021000 1.099067 0.021000
7.034309 0.021000 6.875302 0.021000 5.788702 0.021000 6.265210 0.105000 5.855718 0.021000 5.957135 0.021000 4.311859 0.021000 4.454204 0.021000 1.362034 0.021000 1.232799 0.105000
7.054241 0.021000 6.917987 0.021000 5.916664 0.021000 5.747983 0.021000 5.795245 0.021000 6.164455 0.105000 4.193431 0.021000 4.359593 0.021000 1.445387 0.021000 1.327031 0.021000
7.172265 0.021000 7.027921 0.021000 5.997958 0.021000 5.883259 0.021000 5.758481 0.021000 5.843133 0.021000 4.108513 0.021000 4.263651 0.021000 1.497164 0.021000 1.392382 0.021000
7.300289 0.021000 7.151935 0.021000 6.100600 0.021000 5.921344 0.021000 5.641105 0.021000 5.732067 0.021000 4.092613 0.105000 4.229519 0.021000 2.153185 0.105000 1.446418 0.021000
7.371755 0.021000 7.235276 0.021000 6.214180 0.021000 6.012082 0.021000 5.638304 0.021000 5.744514 0.021000 3.966805 0.021000 4.055678 0.021000 1.732161 0.021000 1.585274 0.021000
7.417568 0.021000 7.300849 0.021000 6.297751 0.021000 6.148315 0.021000 5.583423 0.021000 5.713447 0.021000 3.817783 0.021000 4.029087 0.021000 1.858795 0.021000 1.676381 0.021000
7.585840 0.021000 7.453149 0.021000 6.383059 0.021000 6.309712 0.021000 5.492497 0.021000 6.149552 0.105000 3.807701 0.021000 3.904475 0.021000 1.912025 0.021000 1.762771 0.021000
7.721242 0.021000 7.460498 0.021000 6.538824 0.021000 6.424037 0.021000 5.456608 0.021000 5.505026 0.021000 3.740440 0.021000 3.854563 0.021000 2.073950 0.021000 1.884766 0.021000
7.791584 0.021000 7.584901 0.021000 6.660023 0.021000 6.460773 0.021000 5.387051 0.021000 5.477510 0.021000 3.615555 0.021000 3.769606 0.021000 2.297553 0.105000 2.078195 0.021000
7.878807 0.021000 7.708011 0.021000 6.746823 0.021000 6.595722 0.021000 5.377614 0.021000 5.471104 0.021000 3.550751 0.021000 3.672785 0.021000 2.285592 0.021000 2.139468 0.021000
7.831893 0.105000 7.794900 0.021000 6.856691 0.021000 6.682686 0.021000 5.302601 0.021000 5.332206 0.021000 3.511036 0.021000 3.645569 0.021000 2.435499 0.021000 2.095180 0.105000
8.031765 0.021000 7.882041 0.021000 6.931059 0.021000 6.773939 0.021000 5.264078 0.021000 5.317062 0.021000 3.508365 0.021000 3.578026 0.021000 2.512754 0.021000 2.308550 0.021000
9.425756 0.105000 7.975305 0.021000 7.047072 0.021000 6.834848 0.021000 5.245920 0.105000 5.316627 0.021000 4.180345 0.105000 3.548444 0.021000 2.516904 0.021000 2.431352 0.021000
8.133892 0.021000 7.993215 0.021000 7.119021 0.021000 6.954975 0.021000 5.241909 0.021000 5.285910 0.021000 3.381953 0.021000 3.474730 0.021000 2.636843 0.021000 2.489113 0.021000
8.247748 0.021000 8.076841 0.021000 7.180418 0.021000 7.010739 0.021000 5.232062 0.021000 5.341236 0.021000 3.345300 0.021000 3.441045 0.021000 2.716453 0.021000 2.504486 0.021000
8.268004 0.021000 8.096913 0.021000 7.250558 0.021000 7.109297 0.021000 5.229623 0.021000 5.202106 0.021000 3.292181 0.021000 3.368167 0.021000 2.755438 0.021000 2.606307 0.021000
8.265877 0.021000 8.156077 0.021000 7.286517 0.021000 7.175176 0.021000 5.159946 0.021000 5.195026 0.021000 3.295448 0.021000 3.396064 0.021000 2.832035 0.021000 2.678024 0.021000
8.352822 0.021000 8.261337 0.021000 7.395597 0.105000 7.158265 0.021000 5.136087 0.021000 5.171228 0.021000 3.206890 0.021000 3.398920 0.105000 2.869362 0.021000 2.674349 0.021000
8.376627 0.021000 8.261022 0.021000 7.380747 0.021000 7.195972 0.021000 5.198783 0.021000 5.205855 0.021000 3.262322 0.021000 3.349605 0.021000 2.883045 0.021000 2.706884 0.021000
8.370957 0.021000 8.225049 0.021000 7.407032 0.021000 7.250266 0.021000 5.192190 0.021000 5.155855 0.021000 3.213959 0.021000 3.291441 0.021000 2.966053 0.021000 2.827881 0.105000
8.486770 0.021000 8.253028 0.021000 7.374464 0.021000 7.322156 0.021000 5.514662 0.105000 5.107644 0.021000 3.199348 0.021000 3.411694 0.105000 3.035396 0.021000 2.724076 0.105000
8.574120 0.021000 8.415833 0.021000 7.450266 0.021000 7.374150 0.021000 5.281805 0.021000 5.119302 0.021000 3.076906 0.021000 3.319753 0.021000 3.095693 0.021000 2.897736 0.021000
8.676870 0.021000 8.518415 0.021000 7.440575 0.021000 8.100996 0.105000 5.295822 0.021000 5.221144 0.021000 3.345076 0.105000 3.160898 0.021000 3.172099 0.021000 2.996071 0.021000
8.735557 0.021000 8.539617 0.021000 7.462978 0.021000 7.461368 0.021000 6.626337 0.105000 5.304310 0.021000 2.852049 0.021000 3.035036 0.021000 3.211217 0.021000 3.057618 0.021000
9.120605 0.105000 8.996337 0.105000 7.401546 0.021000 7.421091 0.021000 5.570701 0.021000 5.383230 0.021000 2.771896 0.021000 2.966491 0.021000 3.434667 0.105000 3.153190 0.021000
8.900240 0.021000 8.797161 0.021000 7.327391 0.021000 7.416699 0.021000 6.025424 0.105000 5.508657 0.021000 2.670322 0.021000 2.798955 0.021000 3.371408 0.021000 3.215527 0.021000
8.952102 0.021000 8.865112 0.021000 7.301752 0.021000 7.361533 0.021000 5.813574 0.021000 5.606385 0.021000 2.473913 0.021000 2.658904 0.021000 4.244815 0.105000 3.296800 0.021000
9.123844 0.021000 8.948381 0.021000 7.219396 0.021000 7.355257 0.021000 5.898452 0.021000 5.759838 0.021000 2.410439 0.021000 2.578332 0.021000 3.450655 0.021000 3.367597 0.021000
9.171436 0.021000 8.988092 0.021000 7.482305 0.105000 7.336310 0.021000 5.976030 0.021000 5.851263 0.021000 2.249433 0.021000 2.434673 0.021000 3.576381 0.021000 3.473311 0.021000
9.271416 0.021000 9.083354 0.021000 7.203750 0.021000 7.239243 0.021000 6.244554 0.021000 5.928400 0.105000 2.193403 0.021000 2.362111 0.021000 3.603415 0.021000 3.676482 0.105000
9.349872 0.021000 9.237180 0.021000 7.189594 0.021000 7.231322 0.021000 6.834806 0.105000 6.138142 0.021000 2.049590 0.021000 2.204969 0.021000 3.720969 0.021000 3.581006 0.021000
9.421245 0.021000 9.241771 0.021000 7.132423 0.021000 7.808589 0.105000 6.426331 0.021000 6.204490 0.021000 1.978232 0.021000 2.141947 0.021000 3.749279 0.021000 3.642870 0.021000
9.499120 0.021000 9.311964 0.021000 7.397864 0.105000 7.188779 0.021000 6.479442 0.021000 6.318265 0.021000 1.863100 0.021000 2.032514 0.021000 3.867082 0.021000 3.706332 0.021000
10.145068 0.105000 9.322915 0.021000 7.089789 0.021000 7.209688 0.021000 6.561374 0.021000 6.677026 0.105000 1.814643 0.021000 1.904548 0.021000 3.907348 0.021000 3.783044 0.021000
9.539133 0.021000 9.417625 0.021000 7.135714 0.021000 7.107848 0.021000 6.663160 0.021000 6.410674 0.021000 1.759727 0.021000 1.939019 0.021000 3.941491 0.021000 3.778585 0.021000
9.640248 0.021000 10.053698 0.105000 7.134378 0.021000 7.206831 0.021000 6.645410 0.021000 6.540650 0.021000 1.709278 0.021000 1.882387 0.021000 3.965833 0.021000 3.870705 0.021000
9.659894 0.021000 9.512659 0.021000 7.152038 0.021000 7.162118 0.021000 6.984272 0.105000 6.542141 0.021000 1.648591 0.021000 1.839654 0.021000 4.028088 0.021000 3.860313 0.021000
9.697979 0.021000 9.560663 0.021000 7.120493 0.021000 7.106705 0.021000 6.845695 0.021000 6.622259 0.021000 1.630921 0.021000 1.808316 0.021000 4.062122 0.021000 3.857458 0.021000
9.688678 0.021000 9.586695 0.021000 7.152293 0.021000 7.125507 0.021000 6.860137 0.021000 6.636341 0.021000 1.364886 0.105000 1.737147 0.021000 4.022818 0.021000 3.958334 0.021000
9.735042 0.021000 9.659244 0.021000 7.090852 0.021000 7.151140 0.021000 7.527145 0.105000 6.847162 0.105000 1.617111 0.021000 1.718726 0.021000 4.069011 0.021000 3.948199 0.021000
9.739978 0.021000 9.639868 0.021000 7.060939 0.021000 7.141332 0.021000 6.948961 0.021000 6.719626 0.021000 1.647469 0.021000 1.799161 0.105000 4.095632 0.021000 3.984331 0.021000
9.743470 0.021000 9.734813 0.105000 6.944270 0.021000 7.120266 0.021000 7.138121 0.105000 6.800070 0.021000 1.560676 0.021000 1.643564 0.021000 4.051423 0.021000 4.038282 0.021000
9.641803 0.021000 9.743704 0.021000 6.894854 0.021000 7.048468 0.021000 6.961055 0.021000 6.871933 0.021000 1.658842 0.021000 1.585807 0.021000 4.017478 0.021000 4.062487 0.021000
9.570876 0.021000 9.660156 0.021000 7.211262 0.105000 6.954055 0.021000 6.980750 0.021000 6.948211 0.021000 1.731510 0.021000 1.609833 0.021000 4.153094 0.105000 4.119283 0.021000
9.473983 0.021000 9.669498 0.021000 6.645866 0.021000 6.860372 0.021000 7.058525 0.021000 6.998999 0.021000 1.830151 0.021000 1.659440 0.021000 3.806382 0.021000 3.934256 0.021000
9.411558 0.021000 9.691046 0.105000 6.445428 0.021000 6.704095 0.021000 7.087293 0.021000 7.103054 0.021000 1.872612 0.105000 1.741168 0.021000 3.768731 0.021000 3.883591 0.021000
9.342283 0.021000 9.505757 0.021000 6.349014 0.021000 6.584922 0.021000 7.120696 0.021000 7.107415 0.021000 2.054125 0.021000 1.864184 0.021000 3.702637 0.021000 3.858833 0.021000
9.282270 0.021000 9.389668 0.021000 6.286771 0.021000 6.431676 0.021000 7.143420 0.021000 7.111799 0.021000 2.122280 0.021000 1.953875 0.021000 3.655158 0.021000 3.722456 0.021000
9.179571 0.021000 9.326818 0.021000 6.141027 0.021000 6.316953 0.021000 7.181283 0.021000 7.123642 0.021000 2.191641 0.021000 2.334695 0.105000 3.557981 0.021000 3.705042 0.021000
9.080199 0.021000 9.222148 0.021000 6.005964 0.021000 6.150160 0.021000 7.239742 0.021000 7.172316 0.021000 2.375805 0.021000 2.137426 0.021000 3.474791 0.021000 3.553754 0.021000
9.018558 0.021000 9.168335 0.021000 5.832744 0.021000 6.041770 0.021000 7.256981 0.021000 7.215833 0.021000 2.455693 0.021000 2.251050 0.021000 3.377370 0.021000 3.542180 0.021000
8.949319 0.021000 9.107009 0.021000 5.729771 0.021000 5.993272 0.021000 7.347712 0.021000 7.205197 0.021000 2.550548 0.021000 2.441616 0.021000 3.291982 0.021000 3.491698 0.021000
8.889894 0.021000 8.987491 0.021000 5.642917 0.021000 5.835294 0.021000 7.348867 0.021000 7.320520 0.021000 2.590256 0.021000 2.477481 0.021000 3.300308 0.021000 3.407548 0.021000
8.732073 0.021000 8.902805 0.021000 5.503121 0.021000 5.754471 0.021000 7.403992 0.021000 7.351927 0.021000 2.775820 0.021000 2.609128 0.021000 3.263568 0.021000 3.306432 0.021000
8.767068 0.021000 8.799699 0.021000 5.376898 0.021000 5.560810 0.021000 7.552686 0.105000 7.352545 0.021000 2.911462 0.021000 2.683154 0.021000 3.260125 0.021000 3.329302 0.021000
8.652110 0.105000 8.702486 0.021000 5.278597 0.021000 5.487760 0.021000 7.468934 0.021000 7.491323 0.105000 3.053228 0.021000 3.095609 0.105000 3.148196 0.021000 3.219075 0.021000
8.576493 0.021000 8.792860 0.105000 5.109000 0.021000 5.367610 0.021000 7.551399 0.021000 8.552490 0.105000 3.154193 0.021000 2.952514 0.021000 3.088938 0.021000 3.155667 0.021000
8.513901 0.021000 8.652616 0.021000 5.033758 0.021000 5.259423 0.021000 7.591722 0.021000 7.951881 0.105000 3.266300 0.021000 3.133711 0.021000 2.660558 0.105000 3.130449 0.021000
8.378451 0.021000 8.524331 0.021000 4.918634 0.021000 5.067668 0.021000 7.653408 0.021000 7.563076 0.021000 3.400038 0.021000 3.229388 0.021000 3.706494 0.105000 3.316464 0.105000
8.605673 0.105000 8.432986 0.021000 4.840023 0.021000 5.015684 0.021000 7.727362 0.021000 7.650055 0.021000 3.487480 0.021000 3.308995 0.021000 4.260517 0.105000 3.083000 0.021000
8.415388 0.105000 8.443725 0.021000 4.682139 0.021000 4.849903 0.021000 7.749491 0.021000 7.659953 0.021000 3.628615 0.021000 3.376111 0.021000 3.017839 0.021000 3.066354 0.021000
8.565413 0.105000 8.382173 0.021000 4.567864 0.021000 4.720637 0.021000 7.953868 0.105000 7.707292 0.021000 3.744743 0.021000 3.544406 0.021000 2.993180 0.021000 2.964104 0.021000
8.136575 0.021000 8.288958 0.021000 4.427844 0.021000 4.650232 0.021000 7.853967 0.021000 7.785651 0.021000 3.846606 0.021000 3.629295 0.021000 2.939534 0.021000 2.990057 0.021000
8.075953 0.021000 8.183076 0.021000 4.332311 0.021000 4.488341 0.021000 7.913552 0.021000 7.820496 0.021000 4.029340 0.021000 3.807403 0.021000 2.920463 0.021000 3.475548 0.105000
8.105191 0.021000 8.097718 0.021000 4.141402 0.021000 4.549790 0.105000 7.997559 0.021000 7.860662 0.021000 4.132753 0.021000 3.868854 0.021000 2.963094 0.021000 2.933380 0.021000
7.965849 0.021000 8.020826 0.021000 4.089825 0.021000 4.237392 0.021000 8.108158 0.021000 7.955996 0.021000 4.248500 0.021000 4.071563 0.021000 2.982715 0.021000 2.965985 0.021000
7.942240 0.021000 7.962759 0.021000 3.906405 0.021000 4.135739 0.021000 8.146147 0.021000 7.991915 0.021000 4.388312 0.021000 4.185850 0.021000 2.957491 0.021000 2.958038 0.021000
7.876643 0.021000 7.988002 0.021000 4.215623 0.105000 4.051882 0.021000 8.222283 0.021000 8.107207 0.021000 4.470542 0.021000 4.320976 0.021000 3.375693 0.105000 2.969188 0.021000
7.874115 0.021000 7.920877 0.021000 3.687493 0.021000 3.849970 0.021000 8.279664 0.105000 8.147319 0.021000 4.593525 0.021000 4.436483 0.021000 2.972055 0.021000 3.028254 0.021000
7.732818 0.021000 7.845777 0.021000 4.032800 0.105000 3.780117 0.021000 8.238321 0.021000 8.206946 0.021000 4.768639 0.021000 4.537116 0.021000 3.042908 0.021000 2.971289 0.021000
7.711972 0.021000 7.807860 0.021000 3.398475 0.021000 3.601308 0.021000 8.357888 0.021000 8.271050 0.021000 4.756546 0.021000 4.640667 0.021000 3.072414 0.021000 2.992911 0.021000
7.616662 0.021000 7.688454 0.021000 3.288719 0.021000 3.577750 0.021000 8.500816 0.021000 8.351754 0.021000 4.959549 0.021000 4.713353 0.021000 3.078794 0.021000 3.023017 0.021000
7.613536 0.021000 7.635944 0.021000 3.159297 0.021000 3.360633 0.021000 8.578622 0.021000 8.495165 0.021000 5.062736 0.021000 4.912844 0.021000 3.138503 0.021000 3.078321 0.105000
7.591133 0.021000 7.608653 0.021000 3.032616 0.021000 3.274713 0.021000 8.586209 0.021000 8.478902 0.021000 5.206484 0.021000 4.977250 0.021000 3.175435 0.021000 3.088950 0.021000
7.532093 0.021000 7.577236 0.021000 2.919123 0.021000 3.468132 0.105000 8.720008 0.021000 8.710635 0.105000 5.366778 0.021000 5.140020 0.021000 3.268037 0.105000 3.148095 0.021000
7.477469 0.105000 7.535158 0.021000 2.843361 0.021000 2.996088 0.021000 8.741718 0.105000 8.639831 0.021000 5.432022 0.021000 5.276018 0.021000 3.220002 0.021000 3.162149 0.021000
7.399877 0.021000 7.521192 0.021000 2.748396 0.021000 2.924767 0.021000 8.858300 0.021000 9.127577 0.105000 5.543149 0.021000 5.344293 0.021000 3.317299 0.021000 3.211456 0.105000
7.413783 0.021000 7.499406 0.021000 2.623848 0.021000 2.768613 0.021000 8.981611 0.021000 8.808051 0.021000 5.707755 0.021000 5.487302 0.021000 3.386639 0.021000 3.287420 0.021000
7.319996 0.021000 7.432365 0.021000 2.498760 0.021000 2.698902 0.021000 9.003057 0.021000 8.908721 0.021000 5.780838 0.021000 5.655539 0.021000 3.462980 0.021000 3.378659 0.021000
7.307530 0.021000 7.371305 0.021000 2.434303 0.021000 2.605065 0.021000 9.109950 0.021000 9.001523 0.021000 5.941560 0.021000 5.748639 0.021000 3.495614 0.021000 3.433011 0.021000
7.228162 0.021000 7.314022 0.021000 2.239625 0.021000 2.499322 0.021000 9.128458 0.021000 9.096513 0.021000 6.032032 0.021000 5.876934 0.021000 3.631669 0.021000 3.450206 0.021000
7.210090 0.021000 7.285027 0.021000 2.173963 0.021000 2.306305 0.021000 9.294130 0.021000 9.147803 0.021000 6.274426 0.105000 5.994996 0.021000 3.661779 0.021000 3.465649 0.021000
7.123863 0.021000 7.286362 0.021000 2.060841 0.021000 2.574153 0.105000 9.365596 0.021000 9.248153 0.021000 6.306807 0.021000 6.091699 0.021000 3.716494 0.021000 3.621505 0.021000
7.149890 0.021000 7.236351 0.021000 1.948028 0.021000 2.086029 0.021000 9.430049 0.021000 9.302779 0.021000 6.349232 0.021000 6.240479 0.021000 3.810766 0.021000 4.250241 0.105000
7.125573 0.021000 7.207938 0.021000 1.901325 0.021000 2.027543 0.021000 9.505838 0.021000 9.357805 0.021000 6.485934 0.021000 6.291686 0.021000 3.836100 0.021000 3.718142 0.021000
7.138637 0.021000 7.212131 0.021000 1.851825 0.021000 1.995605 0.021000 9.485759 0.021000 9.394594 0.021000 6.562507 0.021000 6.393448 0.021000 3.864821 0.021000 3.715683 0.021000
7.128331 0.021000 7.211418 0.021000 1.778404 0.021000 1.935722 0.021000 9.585401 0.021000 9.478539 0.021000 6.640354 0.021000 6.869850 0.105000 3.950775 0.021000 3.845933 0.021000
7.125286 0.021000 7.194742 0.021000 1.743995 0.021000 1.848162 0.021000 9.747262 0.105000 9.701199 0.105000 6.767965 0.021000 6.473009 0.021000 3.941585 0.021000 3.815837 0.021000
7.089171 0.021000 7.115774 0.021000 1.658887 0.021000 1.860368 0.105000 9.640491 0.021000 9.597895 0.021000 6.785620 0.021000 6.537619 0.021000 4.017837 0.021000 3.863941 0.021000
7.120918 0.021000 7.512566 0.105000 1.637616 0.021000 1.798294 0.021000 9.732663 0.021000 9.534303 0.021000 6.803550 0.021000 6.607160 0.021000 4.098606 0.021000 3.928710 0.021000
