1.564140 0.150000 1.347287 0.030000 7.047458 0.030000 7.057712 0.030000 9.822160 0.030000 9.912241 0.030000 6.988094 0.030000 7.143532 0.030000
1.544388 0.030000 1.432688 0.030000 7.089409 0.030000 7.052880 0.030000 9.727573 0.030000 9.897578 0.030000 6.911383 0.030000 7.107805 0.030000
1.689902 0.030000 1.515358 0.030000 7.141307 0.030000 7.087607 0.030000 9.665682 0.030000 9.711140 0.030000 6.763221 0.030000 7.173793 0.150000
1.725064 0.030000 1.653564 0.030000 7.147901 0.030000 7.064339 0.030000 9.572406 0.030000 9.740758 0.030000 6.619180 0.030000 6.831924 0.030000
1.865574 0.030000 1.726578 0.030000 7.137720 0.030000 7.136477 0.030000 9.492048 0.030000 9.589953 0.030000 6.488308 0.030000 6.710635 0.030000
1.962189 0.030000 1.774482 0.030000 7.310505 0.150000 7.127009 0.030000 9.385495 0.030000 9.565025 0.030000 6.412882 0.030000 6.576567 0.030000
2.108088 0.030000 1.890645 0.030000 7.487016 0.150000 7.210349 0.030000 9.330396 0.030000 9.445201 0.030000 6.665075 0.150000 6.484514 0.030000
2.232315 0.030000 2.029280 0.030000 7.378744 0.150000 7.259139 0.030000 9.234758 0.030000 9.381915 0.030000 6.159529 0.030000 6.344148 0.030000
2.289717 0.030000 2.485778 0.150000 7.280390 0.030000 7.212412 0.030000 9.132155 0.030000 9.306776 0.030000 5.982197 0.030000 6.904817 0.150000
2.366439 0.030000 2.612807 0.150000 7.368553 0.030000 7.255907 0.030000 9.032409 0.030000 9.370708 0.150000 5.851354 0.030000 6.090188 0.030000
2.509118 0.030000 2.370445 0.030000 7.648070 0.150000 7.287865 0.030000 9.016264 0.030000 9.110921 0.030000 5.758871 0.030000 6.494148 0.150000
2.681330 0.030000 2.503370 0.030000 7.419451 0.030000 7.337208 0.030000 8.920216 0.030000 9.081878 0.030000 5.709923 0.030000 5.800770 0.030000
2.781647 0.030000 2.548490 0.030000 7.497622 0.030000 7.407211 0.030000 8.797850 0.030000 8.964753 0.030000 5.559514 0.030000 5.671728 0.030000
2.889943 0.030000 2.674339 0.030000 7.729293 0.150000 7.383897 0.030000 8.728391 0.030000 9.228819 0.150000 5.396493 0.030000 5.545564 0.030000
3.049467 0.030000 2.783473 0.030000 7.552186 0.030000 7.414435 0.030000 8.675310 0.030000 8.748982 0.030000 5.225494 0.030000 5.511214 0.030000
3.132120 0.030000 2.924835 0.030000 7.615664 0.030000 7.563549 0.030000 8.615584 0.030000 8.726059 0.030000 5.106411 0.030000 5.362181 0.030000
3.322076 0.030000 3.025368 0.030000 7.602272 0.030000 7.567040 0.030000 8.569969 0.030000 9.263687 0.150000 5.046741 0.030000 5.169512 0.030000
3.388424 0.030000 3.164057 0.030000 7.665497 0.030000 7.650846 0.030000 8.498822 0.030000 8.666260 0.030000 4.865481 0.030000 5.064785 0.030000
3.432968 0.030000 3.249757 0.030000 7.755147 0.030000 7.682575 0.030000 8.367917 0.030000 8.543003 0.030000 4.775777 0.030000 4.987179 0.150000
3.581768 0.030000 3.398789 0.030000 7.812014 0.030000 7.722865 0.030000 8.296383 0.030000 8.460141 0.030000 4.590650 0.030000 4.874544 0.030000
3.676614 0.030000 3.490602 0.030000 7.872612 0.030000 7.783340 0.030000 8.296995 0.030000 8.412924 0.030000 4.515114 0.030000 4.697736 0.030000
3.805369 0.030000 3.676425 0.030000 7.935596 0.030000 7.817463 0.030000 8.215020 0.030000 8.335979 0.030000 4.430839 0.030000 4.623772 0.030000
3.962188 0.030000 3.775577 0.030000 7.958721 0.030000 7.870060 0.030000 8.169445 0.030000 8.297251 0.030000 4.851820 0.150000 4.464971 0.030000
4.039894 0.030000 3.900374 0.030000 8.022459 0.030000 7.976542 0.030000 8.108961 0.030000 8.156137 0.030000 4.158580 0.030000 4.349969 0.030000
4.184555 0.030000 3.946172 0.030000 8.116159 0.030000 7.961180 0.030000 8.008224 0.030000 8.090229 0.030000 3.969628 0.030000 4.202574 0.030000
4.269415 0.030000 4.100587 0.030000 8.115544 0.030000 8.092463 0.030000 7.987105 0.030000 7.964196 0.030000 3.964371 0.030000 4.113440 0.030000
4.400666 0.030000 4.226926 0.030000 8.240201 0.030000 7.995311 0.150000 7.939814 0.030000 8.048539 0.030000 3.783191 0.030000 3.970455 0.030000
4.536790 0.030000 4.362937 0.030000 8.259979 0.150000 8.206830 0.030000 7.877103 0.030000 7.950086 0.030000 3.819513 0.150000 3.880606 0.030000
4.635445 0.030000 4.436622 0.030000 8.367444 0.030000 8.274106 0.030000 7.781366 0.030000 7.968818 0.030000 3.524798 0.030000 3.779464 0.030000
4.770717 0.030000 4.621598 0.030000 8.765764 0.150000 8.370191 0.030000 7.710411 0.030000 7.844512 0.030000 3.470046 0.030000 3.662387 0.030000
4.899935 0.030000 4.705052 0.030000 9.424718 0.150000 8.374490 0.030000 7.705588 0.030000 7.728086 0.030000 3.313120 0.030000 3.525278 0.030000
4.985660 0.030000 4.845799 0.030000 8.597969 0.030000 8.479261 0.030000 7.643216 0.030000 7.696136 0.030000 3.187698 0.030000 3.380716 0.030000
5.157758 0.030000 5.005438 0.030000 8.662383 0.030000 8.539483 0.030000 7.572829 0.030000 7.605599 0.030000 3.108397 0.030000 3.288366 0.030000
5.292771 0.150000 5.136525 0.030000 8.761814 0.030000 8.613735 0.030000 7.532013 0.030000 7.953987 0.150000 3.000208 0.030000 3.155472 0.030000
5.640629 0.150000 5.218272 0.030000 8.757242 0.030000 8.684444 0.030000 7.481343 0.030000 7.861564 0.150000 3.399718 0.150000 3.037765 0.030000
5.559298 0.030000 5.340019 0.030000 8.877712 0.030000 8.792419 0.030000 7.436038 0.030000 7.534959 0.030000 2.713685 0.030000 2.937259 0.030000
5.635852 0.030000 5.448491 0.030000 8.967503 0.030000 8.860680 0.030000 7.414239 0.030000 7.455951 0.030000 2.579416 0.030000 2.783573 0.030000
5.743506 0.030000 5.528164 0.030000 10.409040 0.150000 8.877600 0.030000 7.406882 0.030000 7.459331 0.030000 2.516733 0.030000 2.682749 0.030000
5.888520 0.030000 5.789721 0.150000 9.200010 0.150000 8.948403 0.030000 7.330145 0.030000 7.420343 0.030000 2.434869 0.030000 2.537725 0.030000
5.987396 0.030000 5.822878 0.030000 9.181121 0.030000 9.069226 0.030000 7.308905 0.030000 7.387042 0.030000 2.281752 0.030000 2.429938 0.030000
6.119750 0.030000 6.249895 0.150000 9.303614 0.030000 9.169559 0.030000 7.305400 0.030000 7.319170 0.030000 2.211398 0.030000 2.670585 0.150000
6.243926 0.030000 6.012835 0.030000 9.351714 0.030000 9.230225 0.030000 7.253440 0.030000 7.274984 0.030000 2.537512 0.150000 2.280075 0.150000
6.405299 0.030000 6.114066 0.030000 9.435169 0.030000 9.338340 0.030000 7.254185 0.030000 7.272163 0.030000 2.180104 0.150000 2.146624 0.030000
6.737798 0.150000 6.247840 0.030000 9.473457 0.030000 9.819757 0.150000 7.225953 0.030000 7.270934 0.030000 1.847715 0.030000 2.100529 0.030000
6.568975 0.030000 6.334939 0.030000 9.590356 0.030000 9.488049 0.030000 7.209559 0.030000 7.213962 0.030000 1.833069 0.030000 2.005287 0.030000
6.648949 0.030000 6.416376 0.030000 9.596147 0.030000 9.225811 0.150000 7.498444 0.150000 7.202724 0.030000 1.764400 0.030000 1.935298 0.030000
6.692457 0.030000 6.476863 0.030000 9.659490 0.030000 9.497073 0.030000 7.150676 0.030000 7.194921 0.030000 1.695919 0.030000 1.794824 0.150000
6.735124 0.030000 6.512345 0.030000 9.631997 0.030000 9.535255 0.030000 7.130114 0.030000 7.167992 0.030000 1.654053 0.030000 1.755081 0.150000
6.796749 0.030000 6.567129 0.030000 9.717512 0.030000 9.520954 0.030000 7.150798 0.030000 6.978197 0.150000 1.587669 0.030000 1.803467 0.030000
6.740872 0.030000 6.625232 0.030000 9.789062 0.030000 9.672316 0.030000 7.257034 0.150000 7.126784 0.030000 1.551003 0.030000 1.792633 0.030000
6.839713 0.030000 6.663690 0.030000 9.786392 0.030000 9.667875 0.030000 7.093925 0.030000 7.178678 0.030000 1.521337 0.030000 1.723250 0.030000
6.860300 0.030000 6.687381 0.030000 9.745158 0.030000 9.663530 0.150000 7.082137 0.030000 7.196153 0.030000 1.551711 0.030000 1.668787 0.030000
6.946247 0.030000 6.756387 0.030000 9.775479 0.030000 9.697522 0.030000 7.030661 0.030000 7.183079 0.030000 1.549355 0.030000 1.604845 0.030000
6.977163 0.030000 6.835971 0.030000 9.739438 0.030000 9.754227 0.030000 6.909303 0.030000 7.071319 0.030000 1.605955 0.030000 1.563149 0.030000
7.033428 0.030000 6.963507 0.030000 9.665896 0.030000 9.774075 0.030000 6.788032 0.030000 6.967108 0.030000 1.678331 0.030000 1.521209 0.030000
7.087402 0.030000 6.990662 0.030000 9.541957 0.030000 9.705466 0.030000 6.638495 0.030000 7.122870 0.150000 1.766914 0.030000 3.203153 0.150000
7.129660 0.030000 7.028035 0.030000 9.487935 0.030000 9.616965 0.030000 6.569701 0.030000 6.744874 0.030000 1.893039 0.030000 1.708888 0.030000
7.088561 0.030000 7.132082 0.030000 9.434619 0.030000 9.571500 0.030000 6.397028 0.030000 6.601301 0.030000 1.933856 0.030000 1.842574 0.030000
7.466486 0.150000 7.168299 0.030000 9.320090 0.030000 9.427905 0.030000 6.376797 0.150000 6.459649 0.030000 2.116365 0.030000 1.882523 0.030000
7.224688 0.030000 7.160113 0.030000 9.224618 0.030000 9.679065 0.150000 6.153630 0.030000 6.376427 0.030000 2.151898 0.030000 2.361912 0.150000
7.261474 0.030000 7.208268 0.030000 9.145284 0.150000 9.283707 0.030000 5.905490 0.150000 6.226644 0.030000 2.340236 0.030000 2.163551 0.030000
7.306344 0.030000 7.207805 0.030000 9.087191 0.030000 9.212849 0.030000 5.915600 0.030000 6.130885 0.030000 2.436548 0.030000 2.264674 0.030000
7.297075 0.030000 7.328932 0.030000 8.977640 0.030000 9.189757 0.030000 5.770047 0.030000 6.047473 0.030000 2.537322 0.030000 2.340915 0.030000
7.297197 0.030000 7.243375 0.030000 8.960101 0.030000 9.068481 0.030000 5.744722 0.030000 6.793357 0.150000 2.618239 0.030000 2.452610 0.030000
7.353040 0.030000 7.328298 0.030000 8.894916 0.030000 9.067044 0.030000 5.622519 0.030000 5.951586 0.150000 2.703587 0.030000 2.478965 0.030000
7.364010 0.030000 7.346265 0.030000 8.825391 0.030000 9.006665 0.030000 5.560430 0.030000 6.214517 0.150000 2.751733 0.030000 2.584858 0.030000
7.532497 0.150000 7.368095 0.030000 8.840931 0.030000 8.999675 0.030000 5.442719 0.030000 5.688687 0.030000 2.787783 0.030000 2.673117 0.030000
7.468671 0.030000 7.733439 0.150000 8.809030 0.030000 9.240614 0.150000 5.424603 0.030000 5.628960 0.030000 2.846172 0.030000 2.637130 0.030000
7.929857 0.150000 7.425806 0.030000 8.778462 0.030000 8.818883 0.030000 5.406639 0.030000 5.551174 0.030000 2.900944 0.030000 2.757698 0.030000
7.424037 0.030000 7.461528 0.030000 8.722034 0.030000 8.841338 0.030000 5.275713 0.030000 5.506103 0.030000 2.996444 0.030000 2.770735 0.030000
7.467292 0.030000 7.440182 0.030000 8.719859 0.030000 8.865234 0.150000 5.283760 0.030000 5.500351 0.030000 2.949105 0.030000 2.776636 0.030000
7.531502 0.030000 7.427379 0.030000 9.097787 0.150000 9.192695 0.150000 5.292091 0.030000 5.427536 0.030000 3.010943 0.030000 2.841265 0.030000
7.422548 0.030000 7.490792 0.030000 8.538784 0.030000 8.755366 0.030000 5.249696 0.030000 5.444079 0.030000 3.101264 0.030000 2.788193 0.030000
7.401081 0.030000 7.472758 0.030000 8.518276 0.030000 8.660674 0.030000 5.293708 0.030000 5.331873 0.030000 3.753753 0.150000 2.999213 0.030000
7.289913 0.030000 7.445331 0.030000 8.418512 0.030000 8.604089 0.030000 5.195125 0.030000 5.965925 0.150000 3.586914 0.150000 3.067309 0.030000
7.245099 0.030000 7.353249 0.030000 8.272469 0.030000 8.493302 0.030000 5.243506 0.030000 5.566637 0.150000 3.268511 0.030000 3.175127 0.030000
7.031309 0.030000 7.260903 0.030000 8.175001 0.030000 8.376613 0.030000 5.274003 0.030000 5.304716 0.030000 3.262580 0.030000 3.200639 0.030000
6.953410 0.030000 7.167926 0.030000 8.165900 0.030000 8.293147 0.030000 5.356733 0.030000 5.299347 0.030000 3.412592 0.030000 3.308794 0.030000
6.878339 0.030000 6.996631 0.030000 8.017311 0.030000 8.171934 0.030000 5.398783 0.030000 5.297531 0.030000 3.397415 0.030000 3.336155 0.030000
6.744260 0.030000 6.957279 0.150000 7.866351 0.030000 8.026772 0.150000 5.437139 0.030000 5.370789 0.030000 3.483046 0.030000 3.411585 0.030000
6.612015 0.030000 6.745080 0.030000 7.765106 0.030000 7.928614 0.030000 5.472788 0.030000 5.346076 0.030000 3.542633 0.030000 3.481047 0.030000
6.472508 0.030000 6.714954 0.030000 7.716951 0.030000 7.870748 0.030000 5.574397 0.150000 5.402478 0.030000 3.677863 0.030000 3.536270 0.030000
6.385176 0.030000 6.587739 0.030000 7.686052 0.030000 7.798400 0.030000 5.593579 0.030000 5.471195 0.030000 3.679755 0.030000 3.604379 0.030000
6.321600 0.030000 6.712948 0.150000 7.505361 0.030000 7.691507 0.030000 5.612386 0.030000 5.546950 0.030000 3.829830 0.030000 3.781197 0.150000
6.184798 0.030000 6.415172 0.030000 7.421057 0.030000 7.627508 0.030000 5.618311 0.030000 5.558491 0.030000 3.884882 0.030000 3.714275 0.030000
6.034661 0.030000 6.261447 0.030000 7.346713 0.030000 7.498267 0.030000 5.683330 0.030000 5.612934 0.150000 4.023571 0.150000 3.855125 0.030000
5.962966 0.030000 6.155787 0.030000 7.206513 0.030000 7.424569 0.030000 5.762166 0.030000 5.720988 0.030000 4.134313 0.150000 3.897897 0.030000
5.831837 0.030000 5.979039 0.030000 7.145762 0.030000 7.314465 0.030000 5.833379 0.030000 6.294325 0.150000 4.129749 0.030000 4.019544 0.030000
5.758166 0.030000 5.897505 0.030000 7.104593 0.030000 7.274375 0.030000 5.861097 0.030000 5.830222 0.030000 4.239477 0.030000 4.085936 0.030000
5.696893 0.030000 5.847010 0.030000 6.998038 0.030000 7.130397 0.030000 5.975410 0.030000 5.911832 0.030000 4.291093 0.030000 4.160508 0.030000
5.533824 0.030000 5.701106 0.030000 6.814702 0.030000 7.071107 0.030000 6.086976 0.030000 5.944269 0.030000 4.462426 0.030000 4.301998 0.030000
5.484925 0.030000 5.655148 0.030000 6.840839 0.030000 6.908321 0.030000 6.001061 0.030000 5.953754 0.030000 4.560943 0.030000 4.379167 0.030000
6.610210 0.150000 5.636779 0.150000 6.726931 0.030000 6.888508 0.030000 6.209082 0.030000 6.018888 0.030000 4.582430 0.030000 4.438907 0.030000
5.238424 0.030000 5.349216 0.030000 6.706447 0.030000 6.769154 0.030000 6.238355 0.030000 6.114536 0.030000 4.752048 0.030000 4.536038 0.030000
5.156716 0.030000 5.323677 0.030000 6.589823 0.030000 6.662528 0.030000 6.285607 0.030000 6.215075 0.030000 4.813938 0.030000 4.688694 0.030000
5.019977 0.030000 5.213541 0.030000 6.418381 0.030000 6.587416 0.030000 6.384257 0.030000 6.293097 0.030000 4.930635 0.030000 4.762529 0.030000
4.972328 0.030000 5.131339 0.030000 6.335039 0.030000 6.548792 0.030000 6.453307 0.030000 6.374668 0.030000 5.030129 0.030000 4.838303 0.030000
4.817371 0.030000 4.972999 0.030000 6.346956 0.030000 6.393734 0.030000 6.560726 0.030000 6.482773 0.030000 5.129404 0.030000 4.957268 0.030000
4.683867 0.030000 4.908565 0.030000 6.223676 0.030000 6.373374 0.030000 6.664367 0.030000 6.482265 0.030000 5.252211 0.030000 5.061226 0.030000
4.653262 0.030000 4.794190 0.030000 6.656507 0.150000 6.316993 0.030000 6.677688 0.030000 6.454082 0.150000 5.326061 0.030000 5.142152 0.030000
4.573326 0.030000 4.737161 0.030000 6.084810 0.030000 6.264526 0.030000 6.780168 0.030000 6.662022 0.030000 5.401328 0.030000 5.199986 0.030000
4.501374 0.030000 4.552163 0.030000 5.999060 0.030000 6.104216 0.030000 6.897749 0.030000 6.677700 0.030000 5.644346 0.150000 5.333257 0.030000
4.395607 0.030000 4.480393 0.030000 5.972086 0.030000 6.089530 0.030000 6.970814 0.030000 6.812581 0.030000 5.748924 0.150000 5.420682 0.030000
4.276012 0.030000 4.424459 0.030000 5.884453 0.030000 6.003788 0.030000 7.009287 0.030000 6.924330 0.030000 5.759802 0.030000 5.551336 0.030000
4.175644 0.030000 4.377448 0.030000 5.812368 0.030000 5.944275 0.030000 7.116493 0.030000 6.912078 0.030000 5.907568 0.030000 5.611258 0.030000
4.086536 0.030000 4.294005 0.030000 5.750781 0.030000 5.910250 0.030000 7.229670 0.030000 7.061923 0.030000 5.928748 0.030000 5.765702 0.030000
4.016321 0.030000 4.109444 0.030000 6.300101 0.150000 5.775330 0.030000 7.312364 0.030000 7.182187 0.030000 6.120092 0.030000 5.870094 0.030000
3.952733 0.030000 4.086038 0.030000 5.638331 0.030000 5.698554 0.030000 7.779496 0.150000 7.262156 0.030000 6.124774 0.030000 5.998268 0.030000
3.872525 0.030000 4.886891 0.150000 5.595767 0.030000 5.701098 0.030000 7.454614 0.030000 7.287148 0.030000 6.307725 0.030000 6.112329 0.030000
3.815234 0.030000 3.664753 0.150000 5.515139 0.030000 5.576875 0.030000 7.534237 0.030000 7.434384 0.030000 6.423643 0.030000 6.236802 0.030000
3.732253 0.030000 4.240533 0.150000 5.488012 0.030000 5.542622 0.030000 7.659526 0.030000 7.484804 0.030000 6.532819 0.030000 6.361995 0.030000
3.745156 0.150000 3.742414 0.030000 5.410051 0.030000 5.530625 0.030000 7.715834 0.030000 7.612638 0.030000 6.671999 0.030000 6.417290 0.030000
3.564610 0.150000 3.711822 0.030000 5.340386 0.030000 5.420539 0.030000 7.871464 0.030000 7.889780 0.150000 6.775817 0.030000 6.587347 0.030000
3.440459 0.030000 3.610792 0.030000 5.991774 0.150000 5.356549 0.030000 7.954120 0.030000 7.778460 0.030000 6.867456 0.030000 6.711906 0.030000
3.619361 0.150000 3.611384 0.030000 5.348844 0.030000 5.348758 0.030000 8.013691 0.030000 7.890953 0.030000 6.984377 0.030000 6.734958 0.030000
3.649267 0.150000 3.850622 0.150000 5.266702 0.030000 5.292287 0.030000 8.103425 0.030000 7.964835 0.030000 7.020952 0.030000 6.877882 0.030000
3.437795 0.030000 3.435868 0.030000 6.533753 0.150000 5.293254 0.030000 8.193799 0.030000 8.040869 0.030000 7.099006 0.030000 6.969999 0.030000
3.411568 0.030000 4.419154 0.150000 5.210705 0.030000 5.205315 0.030000 8.227996 0.030000 8.011532 0.030000 7.216717 0.030000 7.001340 0.030000
3.307373 0.030000 3.365048 0.150000 5.225162 0.030000 5.227313 0.030000 8.302078 0.030000 8.157001 0.030000 7.267206 0.030000 7.056339 0.030000
3.349225 0.030000 3.370769 0.030000 5.168195 0.030000 5.196150 0.030000 8.306414 0.030000 8.142118 0.030000 7.268070 0.030000 7.168167 0.030000
3.298735 0.030000 3.582272 0.150000 5.137830 0.030000 5.236535 0.030000 8.393415 0.030000 8.232418 0.030000 7.379937 0.030000 7.171206 0.030000
3.270812 0.030000 3.315210 0.030000 5.101893 0.030000 5.132165 0.030000 8.379224 0.030000 8.255598 0.030000 7.383242 0.030000 7.179716 0.030000
3.229399 0.030000 3.327506 0.030000 5.132403 0.030000 5.190168 0.030000 8.560715 0.150000 8.268745 0.030000 7.453537 0.030000 7.217699 0.030000
3.270157 0.030000 3.311768 0.030000 5.125544 0.030000 5.243198 0.150000 8.466021 0.030000 8.274148 0.030000 7.479198 0.030000 7.268500 0.030000
3.308928 0.030000 3.259185 0.030000 4.985369 0.030000 5.127131 0.030000 8.388037 0.030000 8.369573 0.030000 7.459580 0.030000 7.332432 0.030000
3.371184 0.030000 3.253864 0.030000 4.930861 0.030000 5.067285 0.030000 8.408320 0.030000 8.463962 0.030000 7.620967 0.030000 7.418073 0.030000
3.541961 0.030000 3.350460 0.030000 4.886565 0.150000 5.014318 0.030000 8.332449 0.030000 8.435898 0.030000 7.686290 0.030000 7.573352 0.030000
3.624982 0.030000 3.509632 0.030000 4.670619 0.030000 4.908722 0.030000 8.271733 0.030000 8.326492 0.030000 7.893650 0.150000 7.608787 0.030000
3.703256 0.030000 3.581713 0.030000 4.561197 0.030000 5.441775 0.150000 8.191217 0.150000 8.340452 0.030000 7.818323 0.030000 7.759270 0.030000
3.847120 0.030000 3.857959 0.150000 4.415891 0.030000 4.640603 0.030000 8.181699 0.030000 8.256766 0.030000 7.806125 0.030000 7.848944 0.030000
3.955495 0.030000 3.730877 0.030000 4.264855 0.030000 4.500719 0.030000 8.151317 0.030000 8.223106 0.030000 7.927187 0.030000 7.883582 0.030000
4.111615 0.030000 3.890024 0.030000 4.172894 0.030000 4.422186 0.030000 8.048776 0.030000 8.132875 0.030000 7.963226 0.030000 7.903615 0.030000
4.231661 0.030000 4.050244 0.030000 4.089194 0.030000 4.733540 0.150000 8.022813 0.030000 8.385719 0.150000 8.070822 0.030000 8.024457 0.030000
4.329258 0.030000 4.136468 0.030000 3.990737 0.030000 4.144257 0.030000 7.905464 0.030000 7.980286 0.030000 8.134192 0.030000 8.052743 0.030000
4.462499 0.030000 4.410408 0.150000 3.890597 0.030000 4.022724 0.030000 7.861892 0.030000 7.947555 0.030000 8.193719 0.030000 8.128701 0.030000
4.536212 0.030000 4.305899 0.030000 3.737071 0.030000 3.943127 0.030000 7.855795 0.030000 7.966173 0.030000 8.263396 0.030000 8.597130 0.150000
4.600038 0.030000 4.455948 0.030000 3.662115 0.030000 3.801041 0.030000 7.835652 0.030000 8.425795 0.150000 8.311412 0.030000 8.184798 0.030000
4.671335 0.030000 4.488184 0.030000 3.577510 0.030000 3.810054 0.030000 7.794135 0.030000 7.849338 0.030000 8.539388 0.150000 8.209668 0.030000
4.790508 0.030000 4.518867 0.030000 3.534558 0.030000 3.710607 0.030000 7.717847 0.030000 8.120936 0.150000 8.336863 0.030000 8.512341 0.150000
4.773284 0.030000 4.527799 0.030000 3.486293 0.030000 3.660661 0.030000 7.715599 0.030000 9.299684 0.150000 8.360397 0.030000 8.273647 0.030000
4.914435 0.030000 4.690946 0.030000 3.485176 0.030000 3.642013 0.030000 7.676894 0.030000 7.785470 0.030000 8.441103 0.030000 8.314233 0.030000
4.901264 0.030000 4.701910 0.030000 3.401176 0.030000 3.568105 0.030000 7.704607 0.030000 7.788417 0.030000 8.492726 0.030000 8.359366 0.030000
4.963206 0.030000 4.716234 0.030000 3.373504 0.030000 3.561736 0.030000 7.694226 0.030000 7.785762 0.030000 8.461143 0.030000 8.387404 0.030000
4.934456 0.030000 4.720005 0.030000 3.340899 0.030000 3.773385 0.150000 7.809611 0.150000 8.103857 0.150000 8.429663 0.030000 8.397646 0.030000
4.967042 0.150000 4.825753 0.030000 3.337380 0.030000 3.430402 0.030000 7.528460 0.030000 7.783457 0.030000 8.474643 0.030000 8.411367 0.030000
5.087386 0.030000 5.099979 0.150000 3.338666 0.030000 3.417346 0.030000 7.514715 0.030000 7.604414 0.150000 8.411875 0.030000 8.464644 0.030000
5.120892 0.030000 4.970351 0.030000 3.350399 0.030000 3.316640 0.030000 7.902778 0.150000 7.513515 0.030000 8.303541 0.030000 8.435880 0.030000
5.104416 0.030000 5.414963 0.150000 3.474420 0.030000 3.361963 0.030000 7.313582 0.030000 7.439436 0.030000 8.449234 0.150000 8.300205 0.030000
5.175544 0.030000 5.137823 0.030000 3.394775 0.030000 3.417193 0.030000 7.102071 0.030000 7.336007 0.030000 8.107181 0.030000 8.320650 0.030000
5.190269 0.030000 5.141878 0.030000 3.486837 0.030000 3.534118 0.150000 7.043526 0.030000 7.217611 0.030000 8.053392 0.030000 8.098265 0.150000
5.373126 0.150000 5.205004 0.030000 3.579830 0.030000 3.514560 0.030000 6.916526 0.030000 7.514755 0.150000 7.893522 0.030000 8.072366 0.030000
5.345738 0.030000 5.267659 0.030000 3.679419 0.030000 3.545212 0.030000 6.784911 0.030000 6.996196 0.030000 7.819747 0.030000 7.962877 0.030000
5.335070 0.150000 5.263402 0.030000 3.687228 0.030000 3.406232 0.150000 6.683670 0.030000 6.885958 0.030000 7.746353 0.030000 7.915815 0.030000
5.391373 0.030000 5.273718 0.030000 3.808363 0.030000 3.664168 0.030000 6.559108 0.030000 6.781261 0.030000 7.553818 0.030000 7.743045 0.030000
5.444264 0.030000 5.367219 0.030000 4.557699 0.150000 3.708408 0.030000 6.463822 0.030000 6.643003 0.030000 7.482984 0.030000 7.647458 0.150000
5.449851 0.030000 5.443871 0.030000 4.606687 0.150000 3.829309 0.150000 6.343516 0.030000 6.483190 0.030000 7.410124 0.030000 7.574841 0.030000
5.529224 0.030000 5.480438 0.030000 4.023003 0.030000 3.854396 0.030000 6.233328 0.030000 6.788403 0.150000 7.352504 0.030000 7.552449 0.030000
5.639661 0.030000 5.511405 0.030000 4.078831 0.030000 3.936028 0.030000 6.093895 0.150000 6.307061 0.030000 7.260458 0.030000 7.372729 0.030000
5.699057 0.030000 5.596487 0.030000 4.161605 0.030000 4.023371 0.030000 6.057989 0.030000 6.230613 0.030000 7.173875 0.030000 7.310897 0.030000
5.722985 0.030000 5.628232 0.030000 4.262538 0.030000 4.098757 0.030000 5.970595 0.030000 6.088170 0.030000 7.063439 0.030000 7.258930 0.030000
5.894820 0.150000 5.705200 0.030000 4.332510 0.030000 4.177002 0.030000 5.806295 0.030000 6.005159 0.030000 6.951900 0.030000 7.156269 0.030000
5.870986 0.030000 5.759079 0.030000 4.514815 0.150000 4.277873 0.030000 5.665825 0.030000 5.806938 0.030000 6.863278 0.030000 7.028870 0.030000
5.950866 0.030000 5.852833 0.030000 4.553691 0.030000 4.367338 0.030000 5.587058 0.030000 5.747665 0.030000 6.805833 0.030000 7.011245 0.030000
6.033871 0.030000 5.887271 0.030000 4.630697 0.030000 4.435701 0.030000 5.493681 0.030000 5.664463 0.030000 6.733766 0.030000 6.891833 0.030000
6.088210 0.030000 5.985160 0.030000 4.674601 0.030000 4.565091 0.030000 5.386359 0.030000 5.588759 0.030000 6.697926 0.030000 6.952630 0.150000
6.239458 0.030000 6.111941 0.030000 4.812729 0.030000 4.618781 0.030000 5.244395 0.030000 5.448987 0.030000 6.545895 0.030000 6.690643 0.030000
6.212841 0.030000 6.096506 0.030000 5.141229 0.150000 4.709564 0.030000 5.205479 0.030000 5.341306 0.030000 6.806571 0.150000 6.639112 0.030000
6.302597 0.150000 6.173025 0.030000 4.952176 0.030000 5.327757 0.150000 5.102355 0.030000 5.187321 0.030000 6.410164 0.030000 6.543311 0.030000
6.421794 0.030000 6.263780 0.030000 5.089130 0.030000 4.935394 0.030000 4.972269 0.030000 5.165369 0.030000 6.323699 0.030000 6.474340 0.030000
6.496698 0.030000 6.510587 0.150000 5.150847 0.030000 5.108406 0.150000 4.898214 0.030000 5.035307 0.030000 6.295774 0.030000 6.345023 0.030000
6.578105 0.030000 6.445801 0.030000 5.271892 0.030000 5.121052 0.030000 4.802630 0.030000 4.938761 0.030000 6.138496 0.030000 6.311990 0.030000
6.683536 0.030000 6.478643 0.030000 5.375877 0.030000 5.252776 0.030000 4.714371 0.030000 4.785803 0.030000 6.087025 0.030000 6.742152 0.150000
6.693050 0.030000 6.580956 0.030000 5.429552 0.030000 5.304942 0.030000 4.612720 0.030000 4.771138 0.030000 6.026897 0.030000 6.139340 0.030000
6.797258 0.030000 6.680803 0.030000 5.588258 0.030000 5.417863 0.030000 4.507972 0.030000 4.695821 0.030000 5.968878 0.030000 6.138612 0.030000
6.916970 0.030000 6.805149 0.030000 6.197882 0.150000 5.726831 0.150000 4.413797 0.030000 5.439056 0.150000 5.873115 0.030000 6.039607 0.030000
6.984477 0.030000 6.854588 0.030000 5.847359 0.030000 5.678330 0.030000 4.351901 0.030000 4.439869 0.030000 5.846546 0.030000 6.003600 0.150000
7.083200 0.030000 6.927006 0.030000 5.871327 0.030000 5.741852 0.030000 4.192683 0.030000 4.392143 0.030000 5.778707 0.030000 5.900905 0.030000
7.155558 0.030000 7.038830 0.030000 5.994660 0.030000 5.835017 0.030000 4.130259 0.030000 4.250396 0.030000 5.715755 0.030000 5.911719 0.150000
7.287602 0.030000 7.169124 0.030000 6.119667 0.030000 5.957648 0.030000 4.192510 0.150000 4.175159 0.030000 5.710694 0.030000 5.716297 0.030000
7.370231 0.030000 7.185136 0.030000 6.214966 0.030000 6.130874 0.150000 3.915889 0.030000 4.625362 0.150000 5.597900 0.030000 5.713640 0.030000
7.470294 0.030000 7.300088 0.030000 6.383591 0.030000 6.160199 0.030000 3.911313 0.030000 3.978890 0.030000 5.544152 0.030000 5.665496 0.030000
7.546506 0.030000 7.443267 0.030000 6.402797 0.030000 5.984817 0.150000 3.852722 0.030000 3.945893 0.030000 5.484630 0.030000 5.555377 0.030000
7.665798 0.030000 7.452515 0.030000 6.529492 0.030000 6.396923 0.030000 3.749029 0.030000 3.819564 0.030000 5.497574 0.030000 5.569436 0.030000
7.745587 0.030000 7.595614 0.030000 6.651575 0.030000 7.018118 0.150000 3.698490 0.030000 3.762183 0.030000 5.438406 0.030000 5.518091 0.030000
7.818486 0.030000 7.693920 0.030000 6.739847 0.030000 6.560415 0.030000 3.634266 0.030000 3.701954 0.030000 5.332162 0.030000 5.454860 0.030000
7.942857 0.030000 8.014303 0.150000 6.860777 0.030000 6.696528 0.030000 3.499176 0.030000 3.647881 0.030000 5.341838 0.030000 5.395039 0.030000
8.025405 0.030000 7.872678 0.030000 6.968031 0.030000 6.783997 0.030000 3.474141 0.030000 3.526160 0.030000 5.294560 0.030000 5.372922 0.030000
8.109516 0.030000 7.920639 0.030000 7.072065 0.030000 6.883300 0.030000 3.452428 0.030000 3.552100 0.030000 5.515762 0.150000 5.411466 0.030000
8.162350 0.030000 8.066731 0.030000 7.175044 0.030000 6.993943 0.030000 3.355793 0.030000 4.078137 0.150000 5.202231 0.030000 5.293902 0.030000
8.821729 0.150000 8.043414 0.030000 7.239039 0.030000 7.056350 0.030000 3.292748 0.030000 3.468058 0.030000 5.196831 0.030000 6.016289 0.150000
8.700477 0.150000 8.147555 0.030000 7.327365 0.030000 7.015210 0.030000 3.334924 0.030000 3.386139 0.150000 5.230044 0.030000 5.215820 0.030000
8.312375 0.030000 8.204072 0.030000 7.603490 0.150000 7.158343 0.030000 3.279985 0.030000 3.360737 0.030000 5.193728 0.030000 5.257943 0.030000
8.349199 0.030000 8.225205 0.030000 7.349995 0.030000 7.141755 0.030000 3.264046 0.030000 3.328256 0.030000 5.212013 0.030000 5.237324 0.030000
8.377960 0.030000 8.266406 0.030000 7.727928 0.150000 7.308691 0.150000 3.205034 0.030000 3.310282 0.030000 5.137385 0.030000 5.199309 0.030000
8.489356 0.030000 8.231563 0.030000 7.395920 0.030000 7.245052 0.030000 3.163774 0.030000 3.355422 0.030000 5.404457 0.150000 5.130276 0.150000
8.454332 0.030000 8.295805 0.030000 7.459035 0.030000 7.330430 0.030000 3.147330 0.030000 3.310567 0.030000 5.199320 0.030000 5.174549 0.030000
8.513921 0.030000 8.327430 0.030000 7.444330 0.030000 7.313531 0.030000 3.069392 0.030000 3.301348 0.030000 5.269954 0.030000 5.108797 0.030000
8.618332 0.030000 8.845400 0.150000 7.396846 0.030000 7.454686 0.030000 3.004948 0.030000 3.174449 0.030000 5.330408 0.030000 5.201865 0.030000
8.738732 0.030000 8.546801 0.030000 7.454026 0.030000 7.430804 0.030000 2.889907 0.030000 3.042960 0.030000 5.724254 0.150000 5.297072 0.030000
8.798595 0.030000 8.625221 0.030000 7.391048 0.030000 7.444349 0.030000 2.745115 0.030000 2.914712 0.030000 5.575805 0.030000 5.411681 0.030000
8.839209 0.030000 8.810026 0.030000 7.406861 0.030000 7.429260 0.030000 2.651360 0.030000 3.129061 0.150000 5.678060 0.030000 5.553430 0.030000
9.015131 0.030000 8.866190 0.030000 7.269350 0.030000 7.635003 0.150000 2.497748 0.030000 2.714934 0.150000 5.839069 0.030000 5.572231 0.150000
9.109764 0.030000 8.938255 0.030000 7.245339 0.030000 7.298015 0.030000 2.407127 0.030000 2.600715 0.030000 5.868263 0.030000 5.735625 0.030000
9.179201 0.030000 9.030733 0.030000 7.257632 0.030000 7.229568 0.030000 2.283610 0.150000 2.499337 0.030000 6.094934 0.030000 5.888220 0.030000
9.173190 0.030000 9.105893 0.030000 7.276638 0.030000 7.309585 0.030000 2.167228 0.030000 2.312985 0.030000 6.200698 0.030000 6.016154 0.030000
9.347461 0.030000 9.186983 0.030000 7.177902 0.030000 7.288150 0.030000 2.094395 0.030000 2.248863 0.030000 6.253267 0.030000 6.149987 0.030000
9.385022 0.030000 9.226512 0.030000 7.228142 0.030000 7.233427 0.030000 1.992789 0.030000 2.116807 0.030000 6.416322 0.030000 6.173004 0.030000
9.465024 0.030000 9.302720 0.030000 7.150878 0.030000 7.191364 0.030000 1.878478 0.030000 2.013364 0.030000 6.556177 0.030000 6.243990 0.030000
9.509469 0.030000 9.368253 0.030000 7.173300 0.030000 7.176263 0.030000 1.832573 0.030000 1.978240 0.030000 6.559476 0.030000 6.436101 0.030000
9.572423 0.030000 9.455142 0.030000 7.118296 0.030000 7.160954 0.030000 1.723738 0.030000 1.909614 0.030000 6.675241 0.030000 6.463801 0.030000
9.586380 0.030000 9.471098 0.030000 7.090091 0.030000 6.957648 0.150000 2.129838 0.150000 1.917189 0.030000 6.727457 0.030000 6.862573 0.150000
9.606063 0.030000 9.523199 0.030000 7.108723 0.030000 7.183757 0.030000 1.666102 0.030000 2.053636 0.150000 6.782305 0.030000 6.547398 0.030000
9.704153 0.030000 9.506038 0.030000 7.121889 0.030000 7.145307 0.030000 1.618682 0.030000 1.842217 0.030000 6.786192 0.030000 6.558776 0.030000
10.262405 0.150000 10.799465 0.150000 7.099837 0.030000 7.103440 0.030000 1.587992 0.030000 2.138047 0.150000 6.879141 0.030000 6.657040 0.030000
9.714352 0.030000 9.616518 0.030000 7.154832 0.030000 7.149228 0.030000 1.572418 0.030000 1.783347 0.030000 6.896756 0.030000 6.616027 0.030000
9.904791 0.150000 9.635947 0.030000 7.067257 0.030000 7.142481 0.030000 1.552672 0.030000 1.720708 0.030000 6.918212 0.030000 6.680233 0.030000
9.685588 0.030000 10.388550 0.150000 6.994475 0.030000 7.096146 0.030000 1.797817 0.150000 1.890997 0.150000 6.978197 0.030000 6.805358 0.030000
9.650112 0.030000 10.155862 0.150000 6.891357 0.030000 6.990084 0.150000 1.653742 0.030000 1.573893 0.030000 6.997920 0.030000 6.855907 0.030000
9.577350 0.030000 9.673529 0.030000 6.728968 0.030000 6.999634 0.030000 1.708755 0.030000 1.629872 0.030000 7.033250 0.030000 6.921688 0.030000
9.480907 0.030000 9.575242 0.030000 6.648576 0.030000 6.849766 0.030000 1.834620 0.030000 1.666950 0.030000 7.083425 0.030000 7.327380 0.150000
9.421487 0.030000 9.589602 0.030000 6.479368 0.030000 6.733213 0.030000 1.866855 0.030000 1.771405 0.030000 7.124979 0.030000 7.025643 0.030000
9.347620 0.030000 9.467753 0.030000 6.362849 0.030000 6.597276 0.030000 2.037944 0.030000 1.827970 0.030000 7.091407 0.030000 7.124476 0.030000
9.250097 0.030000 9.393549 0.030000 6.273323 0.030000 6.403839 0.030000 2.063083 0.030000 2.001348 0.030000 7.134585 0.030000 7.103519 0.030000
9.127945 0.030000 9.314090 0.030000 6.134350 0.030000 6.273038 0.030000 2.263999 0.030000 2.036630 0.030000 7.199551 0.030000 7.140175 0.030000
9.088971 0.030000 9.212160 0.030000 5.985041 0.030000 6.495880 0.150000 2.323033 0.030000 2.391226 0.150000 7.193394 0.030000 7.158587 0.030000
8.995355 0.030000 9.131667 0.030000 6.204222 0.150000 6.108994 0.030000 2.426390 0.030000 2.281958 0.030000 7.268293 0.030000 7.253902 0.030000
8.900492 0.030000 9.059687 0.030000 5.805144 0.030000 5.940593 0.030000 2.527333 0.030000 2.372689 0.030000 7.286627 0.030000 7.281053 0.030000
8.867022 0.030000 8.995422 0.030000 5.647336 0.030000 5.469000 0.150000 2.686433 0.030000 2.525895 0.030000 7.371020 0.030000 7.318598 0.030000
8.767526 0.030000 8.771455 0.150000 5.516546 0.030000 5.735069 0.030000 3.866578 0.150000 2.654358 0.030000 7.427827 0.030000 7.322901 0.030000
8.703682 0.030000 8.825455 0.030000 5.431722 0.030000 5.598250 0.030000 2.913984 0.030000 2.708214 0.030000 7.474355 0.030000 7.411796 0.030000
8.625449 0.030000 8.781428 0.030000 5.290066 0.030000 5.466589 0.030000 3.001669 0.030000 2.901338 0.030000 7.495040 0.030000 7.387001 0.030000
8.602080 0.030000 8.683126 0.030000 5.176767 0.030000 5.357633 0.030000 3.105567 0.030000 2.973567 0.030000 7.719129 0.150000 7.528308 0.030000
8.533070 0.030000 8.610996 0.030000 5.034232 0.030000 5.232671 0.030000 3.228608 0.030000 3.516690 0.150000 7.583838 0.030000 7.779781 0.150000
8.432427 0.030000 8.500873 0.030000 4.937178 0.030000 5.086935 0.030000 3.371950 0.030000 3.172468 0.030000 7.634193 0.030000 7.565383 0.030000
8.389269 0.030000 8.518819 0.030000 4.793926 0.030000 5.024131 0.030000 3.532092 0.030000 3.294662 0.030000 7.712713 0.030000 7.601762 0.030000
8.256820 0.030000 8.438020 0.030000 4.640842 0.030000 4.889371 0.030000 3.624176 0.030000 3.456606 0.030000 7.777984 0.030000 7.678592 0.030000
8.488964 0.150000 8.314527 0.030000 4.584249 0.030000 4.777999 0.030000 3.700204 0.030000 3.554683 0.030000 7.836535 0.030000 7.746718 0.030000
8.177727 0.030000 8.272481 0.030000 4.419298 0.030000 4.639743 0.030000 3.864448 0.030000 3.695208 0.030000 7.892424 0.030000 7.809573 0.030000
8.084926 0.030000 8.200465 0.030000 4.254537 0.030000 4.459851 0.030000 4.783623 0.150000 3.765461 0.030000 7.952468 0.030000 7.835827 0.030000
8.049253 0.030000 8.099124 0.030000 4.165244 0.030000 4.381338 0.030000 4.124704 0.030000 3.935465 0.030000 7.999786 0.030000 7.958827 0.030000
7.979919 0.030000 8.091560 0.030000 4.408058 0.150000 4.210050 0.030000 4.238332 0.030000 3.977085 0.030000 8.051516 0.030000 7.988182 0.030000
7.901007 0.030000 7.973647 0.030000 3.956477 0.030000 4.444625 0.150000 4.301849 0.030000 4.086408 0.030000 8.109879 0.030000 8.484603 0.150000
7.902409 0.030000 7.976529 0.030000 3.848008 0.030000 3.989064 0.030000 4.418448 0.030000 4.250551 0.030000 8.200021 0.030000 8.108592 0.030000
9.090552 0.150000 7.855936 0.030000 3.660992 0.030000 3.890378 0.030000 4.552029 0.030000 4.401271 0.030000 8.241233 0.030000 8.142106 0.030000
7.767414 0.030000 7.839850 0.030000 3.499372 0.030000 3.764031 0.030000 4.707365 0.030000 4.525531 0.030000 8.335237 0.030000 8.246284 0.030000
8.055888 0.150000 7.891043 0.150000 3.406006 0.030000 3.664990 0.030000 4.845622 0.030000 4.548327 0.030000 8.383113 0.030000 8.318278 0.030000
7.615065 0.030000 7.739880 0.030000 3.384036 0.150000 3.536240 0.030000 4.918366 0.030000 4.772131 0.030000 8.519044 0.030000 8.396465 0.030000
7.585800 0.030000 7.649061 0.030000 3.145318 0.030000 3.395112 0.030000 5.064941 0.030000 4.869655 0.030000 8.591228 0.030000 8.419636 0.030000
7.569605 0.030000 7.955238 0.150000 3.092301 0.030000 3.253454 0.030000 5.479106 0.150000 4.967285 0.030000 8.627835 0.030000 8.512658 0.030000
7.733722 0.150000 7.576352 0.030000 2.987028 0.030000 3.125239 0.030000 5.266331 0.030000 5.095550 0.030000 8.719521 0.030000 8.484007 0.150000
7.701907 0.150000 7.518728 0.030000 2.877206 0.030000 3.022926 0.030000 5.375131 0.030000 5.248706 0.030000 8.663200 0.150000 8.660936 0.030000
7.457168 0.030000 7.511334 0.030000 2.732785 0.030000 3.020532 0.030000 5.582551 0.030000 5.325867 0.030000 8.810419 0.030000 8.753543 0.030000
7.347881 0.030000 7.450969 0.030000 2.616949 0.030000 2.820953 0.030000 5.640138 0.030000 5.500043 0.030000 9.002592 0.030000 8.792919 0.030000
7.312957 0.030000 7.438578 0.030000 2.535737 0.030000 2.671328 0.030000 5.766603 0.030000 5.585242 0.030000 9.272906 0.150000 8.914595 0.030000
7.327810 0.030000 7.321505 0.030000 2.363283 0.030000 2.605662 0.030000 6.616219 0.150000 5.748049 0.030000 9.148599 0.030000 8.954196 0.030000
7.258440 0.030000 7.658647 0.150000 2.289202 0.030000 2.516780 0.030000 6.020334 0.030000 5.821666 0.030000 9.168297 0.030000 9.102070 0.030000
7.212091 0.030000 7.305169 0.030000 2.166271 0.030000 2.350797 0.030000 6.142057 0.030000 5.944312 0.030000 9.219493 0.030000 9.155329 0.030000
7.318695 0.150000 7.300945 0.030000 2.049861 0.030000 2.215312 0.030000 6.280805 0.030000 6.029941 0.030000 9.367973 0.030000 9.196923 0.030000
7.175434 0.030000 7.233069 0.030000 1.983170 0.030000 2.159875 0.030000 6.395826 0.030000 6.147304 0.030000 9.627274 0.150000 9.261435 0.030000
7.116375 0.030000 7.238520 0.030000 1.901262 0.030000 2.068732 0.030000 6.516090 0.030000 7.204331 0.150000 9.503218 0.030000 9.597207 0.150000
7.104440 0.030000 7.202069 0.030000 1.878953 0.030000 1.990892 0.030000 6.525985 0.030000 6.347628 0.030000 10.060985 0.150000 9.406450 0.030000
7.850328 0.150000 7.186008 0.030000 1.767062 0.030000 1.902003 0.030000 6.620273 0.030000 6.415303 0.030000 9.728962 0.150000 9.432146 0.030000
7.144724 0.030000 7.221643 0.030000 1.711514 0.030000 1.861465 0.030000 7.093487 0.150000 6.534433 0.030000 10.466229 0.150000 9.495198 0.030000
7.149928 0.030000 7.156451 0.030000 1.669816 0.030000 1.810163 0.030000 6.756953 0.030000 6.547246 0.030000 9.617444 0.030000 9.463946 0.030000
7.085082 0.030000 7.169455 0.030000 1.616962 0.030000 1.828033 0.030000 6.816722 0.030000 6.599416 0.030000 9.661466 0.030000 9.596044 0.030000
