1.650160 0.021000 1.477433 0.021000 7.074631 0.021000 7.069110 0.021000 9.688379 0.021000 11.010438 0.105000 6.872754 0.021000 7.049249 0.021000
1.691826 0.021000 1.508693 0.021000 7.289631 0.105000 7.065208 0.021000 9.721407 0.021000 9.785993 0.021000 6.734214 0.021000 6.964592 0.021000
1.733949 0.021000 1.591834 0.021000 7.166853 0.021000 7.124706 0.021000 9.580179 0.021000 9.706714 0.021000 6.543680 0.021000 6.813998 0.021000
1.911197 0.021000 1.684696 0.021000 7.147695 0.021000 7.124052 0.021000 9.454762 0.021000 9.601307 0.021000 6.447074 0.021000 6.639471 0.021000
2.013662 0.021000 1.817434 0.021000 7.183614 0.021000 7.168122 0.021000 10.011305 0.105000 9.560898 0.021000 6.386789 0.021000 6.502920 0.021000
2.098862 0.021000 1.973772 0.021000 7.225864 0.021000 7.203917 0.021000 9.301941 0.021000 9.452746 0.021000 6.225919 0.021000 6.368394 0.021000
2.212071 0.021000 1.998648 0.021000 7.261748 0.021000 7.226054 0.021000 9.255096 0.021000 9.300845 0.021000 6.076035 0.021000 6.317435 0.021000
2.279025 0.021000 2.175083 0.021000 7.270618 0.021000 7.252082 0.021000 9.142936 0.021000 9.269932 0.021000 5.954906 0.021000 6.145932 0.021000
2.401507 0.021000 2.241295 0.021000 7.329840 0.021000 7.299465 0.021000 9.037048 0.021000 9.205245 0.021000 5.881554 0.021000 6.063825 0.021000
2.536254 0.021000 2.727084 0.105000 7.338046 0.021000 7.289651 0.021000 8.998076 0.021000 9.110674 0.021000 5.744991 0.021000 6.205812 0.105000
2.591851 0.021000 2.494557 0.021000 7.466490 0.021000 7.371573 0.021000 10.096359 0.105000 9.029312 0.021000 5.620267 0.021000 5.774349 0.021000
2.724716 0.021000 2.585830 0.021000 7.487124 0.021000 7.380443 0.021000 8.839591 0.105000 8.895383 0.021000 5.739976 0.105000 5.669952 0.021000
2.902386 0.021000 2.669595 0.021000 7.501849 0.021000 7.395414 0.021000 10.161363 0.105000 8.904298 0.021000 5.394596 0.021000 5.578807 0.021000
3.015940 0.021000 2.795089 0.021000 7.551698 0.021000 7.767637 0.105000 8.903450 0.105000 8.795183 0.021000 5.209835 0.021000 5.421803 0.021000
3.099760 0.021000 2.961051 0.021000 7.557687 0.021000 7.553300 0.021000 8.604820 0.021000 8.754231 0.021000 5.095239 0.021000 5.262622 0.021000
3.203066 0.021000 3.025500 0.021000 7.688739 0.021000 7.543044 0.021000 8.522728 0.021000 8.654973 0.021000 5.029530 0.021000 5.192256 0.021000
3.378185 0.021000 3.165011 0.021000 7.653859 0.021000 7.620090 0.021000 8.472007 0.021000 8.544496 0.021000 4.882533 0.021000 5.084450 0.021000
3.486166 0.021000 3.268818 0.021000 7.740170 0.021000 7.642532 0.021000 8.496200 0.105000 8.546600 0.021000 4.836482 0.105000 4.923199 0.021000
3.594097 0.021000 3.457171 0.021000 7.839803 0.021000 7.734652 0.021000 8.325338 0.021000 8.409028 0.021000 4.644275 0.021000 4.789359 0.105000
3.988307 0.105000 3.551529 0.021000 7.946686 0.021000 7.837474 0.021000 8.299583 0.021000 8.364038 0.021000 4.445812 0.021000 4.687206 0.021000
3.878791 0.021000 3.707673 0.021000 7.890226 0.021000 7.879591 0.021000 8.158280 0.021000 8.277627 0.021000 4.374785 0.021000 4.835167 0.105000
3.953813 0.021000 3.734335 0.021000 7.986598 0.021000 7.928380 0.021000 8.133057 0.021000 8.235641 0.021000 4.292630 0.021000 4.463549 0.021000
4.042136 0.021000 3.917647 0.021000 8.052231 0.021000 7.974334 0.021000 8.109379 0.021000 8.159713 0.021000 4.669732 0.105000 4.364287 0.021000
4.183320 0.021000 3.973556 0.021000 8.148971 0.021000 8.015988 0.021000 8.029587 0.021000 8.099345 0.021000 4.015463 0.021000 4.219868 0.021000
4.587483 0.105000 4.129138 0.021000 8.200303 0.021000 8.068752 0.021000 7.943193 0.021000 8.074184 0.021000 3.880077 0.021000 4.113576 0.021000
4.364530 0.021000 4.261531 0.021000 8.254534 0.021000 8.157929 0.021000 7.909392 0.021000 8.022835 0.021000 3.786755 0.021000 3.986588 0.021000
4.626206 0.021000 4.332918 0.021000 8.307344 0.021000 8.186651 0.021000 7.840110 0.021000 7.960344 0.021000 5.171871 0.105000 3.827459 0.021000
4.683140 0.021000 4.502220 0.021000 8.323897 0.021000 8.230077 0.021000 7.760124 0.021000 7.913262 0.021000 3.574112 0.021000 3.958544 0.105000
4.790864 0.021000 4.631551 0.021000 8.457432 0.021000 8.385794 0.021000 7.737606 0.021000 7.836999 0.021000 3.434959 0.021000 3.600543 0.021000
4.954867 0.021000 4.708080 0.021000 8.524214 0.021000 8.383592 0.021000 7.680349 0.021000 7.797165 0.021000 3.267314 0.021000 3.515382 0.021000
5.036039 0.021000 4.826549 0.021000 8.614070 0.021000 8.466971 0.021000 7.612646 0.021000 7.696530 0.021000 3.192282 0.105000 4.028495 0.105000
5.214193 0.021000 5.131205 0.105000 8.635995 0.021000 8.533144 0.021000 7.596604 0.021000 7.627680 0.021000 2.986754 0.021000 3.237339 0.021000
5.693383 0.105000 5.076973 0.021000 8.721452 0.021000 8.589579 0.021000 7.632005 0.105000 7.639586 0.021000 2.938688 0.021000 3.162991 0.021000
5.409202 0.021000 5.226011 0.021000 8.804164 0.021000 8.685191 0.021000 7.477807 0.021000 7.498993 0.021000 2.884230 0.021000 3.073412 0.021000
5.581533 0.021000 5.346788 0.021000 8.858684 0.021000 8.804295 0.105000 7.468914 0.021000 7.490625 0.021000 2.655821 0.021000 2.901727 0.021000
5.683709 0.021000 5.884421 0.105000 8.985986 0.105000 8.892173 0.021000 7.432493 0.021000 7.448979 0.021000 2.525825 0.021000 2.846177 0.021000
5.766830 0.021000 5.567470 0.021000 9.063218 0.021000 8.930629 0.021000 7.414919 0.021000 7.402063 0.021000 2.522912 0.021000 2.670584 0.021000
5.934433 0.021000 5.727592 0.021000 9.178192 0.021000 9.000668 0.021000 7.362530 0.021000 7.439189 0.021000 2.374892 0.021000 2.594036 0.021000
6.026438 0.021000 6.657285 0.105000 9.245290 0.021000 9.084024 0.021000 7.250868 0.021000 7.384438 0.021000 2.185784 0.021000 2.438351 0.021000
6.202482 0.021000 5.983279 0.021000 9.306822 0.021000 9.142603 0.021000 7.249027 0.021000 7.342899 0.021000 2.629898 0.105000 2.296168 0.021000
6.275253 0.021000 6.072113 0.021000 9.431433 0.021000 9.252794 0.021000 7.271458 0.021000 7.278091 0.021000 2.001545 0.021000 2.433308 0.105000
6.403197 0.021000 6.175930 0.021000 9.432934 0.021000 9.320630 0.021000 7.267151 0.021000 7.286691 0.021000 1.926049 0.021000 2.265079 0.105000
6.483102 0.021000 6.283510 0.021000 9.522679 0.021000 9.802878 0.105000 7.076682 0.105000 7.211556 0.021000 1.874132 0.021000 2.065617 0.021000
6.524567 0.021000 6.350955 0.021000 9.573466 0.105000 9.401464 0.021000 7.139278 0.021000 7.206789 0.021000 1.852966 0.021000 3.135735 0.105000
6.681038 0.021000 6.411824 0.021000 9.653271 0.021000 9.494823 0.021000 7.230028 0.021000 7.198678 0.021000 1.741894 0.021000 1.921010 0.021000
6.761330 0.021000 6.505349 0.021000 10.484533 0.105000 9.537087 0.021000 7.175045 0.021000 7.597656 0.105000 1.679485 0.021000 1.830313 0.021000
6.753730 0.021000 7.147427 0.105000 9.709060 0.021000 9.548179 0.021000 7.147460 0.021000 7.179956 0.021000 1.640584 0.021000 1.799121 0.021000
6.797357 0.021000 6.610895 0.021000 9.698264 0.021000 10.421837 0.105000 7.137715 0.021000 7.181553 0.021000 1.572732 0.021000 1.794706 0.021000
6.791676 0.021000 6.618861 0.021000 9.785699 0.021000 10.166536 0.105000 7.163378 0.021000 7.130715 0.021000 1.532137 0.021000 1.736361 0.021000
6.812778 0.021000 6.685018 0.021000 9.741859 0.021000 9.631466 0.021000 7.056848 0.021000 7.162953 0.021000 1.582672 0.021000 1.669839 0.021000
6.860601 0.021000 6.800271 0.105000 9.725879 0.105000 9.703726 0.021000 7.021667 0.021000 7.133475 0.021000 1.602466 0.021000 1.667411 0.021000
6.968086 0.021000 6.826202 0.021000 9.771140 0.105000 9.719347 0.021000 7.025163 0.021000 7.154079 0.021000 1.533835 0.021000 1.551694 0.021000
6.999272 0.021000 7.416122 0.105000 9.709742 0.021000 9.750677 0.021000 6.896781 0.021000 7.072554 0.021000 1.690878 0.021000 1.541729 0.021000
7.073598 0.021000 6.934812 0.021000 9.633138 0.021000 9.726178 0.021000 7.094942 0.105000 6.951122 0.021000 1.700217 0.021000 1.554862 0.021000
7.073974 0.021000 7.019943 0.021000 9.555767 0.021000 9.676090 0.021000 7.103625 0.105000 6.880146 0.021000 1.760544 0.021000 1.666826 0.021000
7.102855 0.021000 7.074312 0.021000 9.414440 0.021000 9.580037 0.021000 6.554142 0.021000 6.688913 0.021000 1.709308 0.105000 1.733431 0.021000
7.186174 0.021000 7.038118 0.021000 9.401766 0.021000 9.496852 0.021000 6.582517 0.105000 6.539323 0.021000 2.071108 0.021000 1.795448 0.021000
7.147181 0.021000 7.130161 0.021000 9.347381 0.021000 9.459235 0.021000 6.310118 0.021000 6.434120 0.021000 2.168641 0.021000 1.873594 0.021000
7.236596 0.021000 7.136672 0.021000 9.240160 0.021000 9.335620 0.021000 6.139681 0.021000 6.339060 0.021000 2.228200 0.021000 2.138459 0.105000
7.249457 0.021000 7.199755 0.021000 9.106677 0.021000 9.263018 0.021000 7.175813 0.105000 6.174382 0.021000 2.360701 0.021000 2.199632 0.105000
7.628948 0.105000 7.197919 0.021000 9.077573 0.021000 9.146339 0.021000 5.858425 0.021000 6.079467 0.021000 2.465739 0.021000 2.246474 0.021000
7.306228 0.021000 7.261550 0.021000 8.999162 0.021000 9.094578 0.021000 5.776453 0.021000 5.981729 0.021000 2.517842 0.021000 2.337931 0.105000
7.361121 0.021000 7.342221 0.021000 8.923491 0.021000 9.074154 0.021000 5.662932 0.021000 5.877495 0.021000 2.640015 0.021000 2.447776 0.021000
7.370620 0.021000 7.335755 0.021000 8.877461 0.021000 9.002547 0.021000 5.634675 0.021000 5.816895 0.021000 2.696780 0.021000 3.071189 0.105000
7.406731 0.021000 7.331038 0.021000 8.882442 0.021000 8.963421 0.021000 5.584217 0.021000 5.686060 0.021000 2.793880 0.021000 2.614750 0.021000
7.482272 0.021000 7.374647 0.021000 8.844966 0.021000 9.152582 0.105000 5.459433 0.021000 5.649862 0.021000 2.838278 0.021000 2.698055 0.021000
7.430800 0.105000 7.393242 0.021000 9.164242 0.105000 8.876437 0.021000 5.395755 0.021000 5.613730 0.021000 2.829560 0.021000 2.750056 0.021000
7.482344 0.021000 7.380603 0.021000 8.695039 0.021000 8.857896 0.021000 5.420570 0.021000 5.584202 0.021000 3.008006 0.021000 3.263568 0.105000
7.523246 0.021000 7.407030 0.021000 8.693253 0.021000 9.302842 0.105000 5.287009 0.021000 5.555870 0.021000 2.980107 0.021000 2.826205 0.021000
7.497500 0.021000 7.603045 0.105000 8.667949 0.021000 8.781651 0.021000 5.106391 0.105000 5.440806 0.021000 3.039350 0.021000 2.804722 0.021000
7.475113 0.021000 7.467732 0.021000 8.693132 0.021000 8.848842 0.021000 5.295653 0.021000 5.839306 0.105000 3.045288 0.021000 2.812155 0.021000
7.381870 0.021000 7.490410 0.021000 8.639451 0.021000 8.759571 0.021000 5.610853 0.105000 5.391718 0.021000 3.087773 0.021000 2.909192 0.021000
7.386674 0.021000 7.524817 0.021000 8.479979 0.021000 8.692019 0.021000 5.305724 0.021000 5.296377 0.021000 3.117822 0.021000 2.982202 0.021000
7.282907 0.021000 7.448526 0.021000 8.314317 0.021000 8.582141 0.021000 5.189708 0.021000 5.258008 0.021000 3.327714 0.105000 3.063663 0.021000
7.158181 0.021000 7.370218 0.021000 8.519792 0.105000 8.450436 0.021000 5.270919 0.021000 5.226968 0.021000 3.273168 0.021000 3.190399 0.021000
7.012579 0.021000 7.239176 0.021000 8.219086 0.021000 8.333260 0.021000 5.163076 0.105000 5.276314 0.021000 3.349828 0.021000 3.269463 0.021000
6.954897 0.021000 7.124593 0.021000 8.112681 0.021000 8.241160 0.021000 5.297098 0.021000 5.327433 0.021000 3.977813 0.105000 3.325872 0.021000
6.819344 0.021000 7.031761 0.021000 8.006137 0.021000 8.170385 0.021000 5.381745 0.021000 5.587306 0.105000 3.443894 0.021000 3.359426 0.021000
7.148818 0.105000 6.875198 0.021000 7.865605 0.021000 8.108150 0.021000 5.459107 0.021000 5.362336 0.021000 3.481642 0.021000 3.408088 0.021000
6.585355 0.021000 6.794733 0.021000 7.772671 0.021000 7.930696 0.021000 5.448414 0.021000 5.421703 0.021000 3.605290 0.021000 3.542154 0.021000
6.466938 0.021000 6.642320 0.021000 7.653878 0.021000 8.121642 0.105000 5.349927 0.105000 5.486722 0.021000 3.654182 0.021000 3.614596 0.021000
6.342000 0.021000 6.528544 0.021000 7.602357 0.021000 7.731457 0.021000 5.565943 0.021000 5.491458 0.021000 3.794718 0.021000 3.645192 0.021000
6.214487 0.021000 6.893944 0.105000 7.503617 0.021000 7.657226 0.021000 5.580062 0.021000 5.525413 0.021000 3.840646 0.021000 3.986151 0.105000
6.169480 0.021000 6.304454 0.021000 7.417584 0.021000 7.547487 0.021000 5.642633 0.021000 5.603259 0.021000 3.934217 0.021000 3.770490 0.021000
6.092990 0.021000 6.214855 0.021000 7.326376 0.021000 7.460028 0.021000 5.705684 0.021000 5.605771 0.021000 4.012165 0.021000 3.856909 0.021000
5.931415 0.021000 6.107126 0.021000 7.222949 0.021000 7.390983 0.021000 5.709668 0.021000 5.692793 0.021000 4.088442 0.021000 3.997836 0.021000
5.914547 0.021000 6.054246 0.021000 7.144375 0.021000 7.303340 0.021000 5.805194 0.021000 5.720895 0.021000 4.214854 0.021000 4.053429 0.021000
5.700171 0.105000 5.868617 0.021000 7.023167 0.021000 7.208036 0.021000 5.928034 0.021000 5.805951 0.021000 4.229241 0.021000 4.326980 0.105000
5.638631 0.021000 5.780773 0.021000 6.955772 0.021000 7.151003 0.021000 5.971896 0.021000 5.856938 0.021000 4.396581 0.021000 4.207809 0.021000
5.566843 0.021000 5.804141 0.105000 6.851994 0.021000 7.039782 0.021000 5.978241 0.021000 5.949506 0.021000 4.476877 0.021000 5.133720 0.105000
5.475102 0.021000 5.558806 0.021000 7.526984 0.105000 7.293213 0.105000 6.069771 0.021000 5.947071 0.021000 4.547024 0.021000 4.343533 0.021000
5.306005 0.021000 5.462891 0.021000 6.742356 0.021000 6.888259 0.021000 6.172642 0.021000 6.102313 0.021000 4.587958 0.021000 4.513777 0.021000
5.154434 0.021000 5.370438 0.021000 6.647349 0.021000 6.723427 0.021000 6.275546 0.021000 6.170005 0.021000 4.747998 0.105000 4.601277 0.021000
5.175719 0.021000 5.496628 0.105000 6.523189 0.021000 6.724227 0.021000 6.602756 0.105000 6.164690 0.021000 4.788028 0.021000 4.732316 0.021000
4.979572 0.021000 5.201746 0.021000 6.514007 0.021000 6.629247 0.021000 6.341537 0.021000 6.256587 0.021000 4.914897 0.021000 4.760897 0.021000
4.945276 0.021000 5.063625 0.021000 6.427654 0.021000 6.518696 0.021000 6.475601 0.021000 6.343225 0.021000 5.044546 0.021000 4.880994 0.021000
4.821986 0.021000 5.008079 0.021000 6.260382 0.021000 6.400401 0.021000 6.523178 0.021000 6.409768 0.021000 5.165714 0.021000 4.980762 0.021000
4.756508 0.021000 4.889272 0.021000 6.207876 0.021000 6.391792 0.021000 6.615480 0.021000 6.485248 0.021000 5.238056 0.021000 5.103721 0.021000
4.769544 0.105000 4.742757 0.021000 6.177699 0.021000 6.282912 0.021000 6.659947 0.021000 6.598744 0.021000 5.369921 0.021000 5.199459 0.021000
4.513544 0.021000 4.724484 0.021000 6.094144 0.021000 6.217362 0.021000 6.771213 0.021000 6.630982 0.021000 5.472252 0.021000 5.314531 0.021000
4.511886 0.021000 4.573161 0.105000 6.029454 0.021000 6.151098 0.021000 6.848096 0.021000 6.900172 0.105000 5.596336 0.021000 5.377674 0.021000
4.296905 0.021000 4.546870 0.021000 5.951613 0.021000 6.088023 0.021000 6.898845 0.021000 6.834077 0.021000 5.934135 0.105000 5.428539 0.021000
4.270971 0.021000 4.427733 0.021000 6.421942 0.105000 6.325953 0.105000 7.018358 0.021000 6.926353 0.021000 5.748535 0.021000 5.584880 0.021000
4.160681 0.021000 4.341563 0.021000 5.782655 0.021000 5.957480 0.105000 7.157918 0.021000 6.971660 0.021000 5.891166 0.021000 5.704767 0.021000
4.048281 0.021000 4.232253 0.021000 5.710704 0.021000 5.866788 0.021000 7.196693 0.021000 7.080875 0.021000 6.053357 0.021000 5.820694 0.021000
4.314854 0.105000 4.138663 0.021000 5.693975 0.021000 5.762240 0.021000 7.282019 0.021000 7.187923 0.021000 6.103501 0.021000 5.932669 0.021000
4.499633 0.105000 4.086843 0.021000 5.672270 0.021000 5.748012 0.021000 7.427519 0.021000 7.287393 0.021000 6.196783 0.021000 5.983120 0.021000
3.860329 0.021000 3.969988 0.021000 5.585585 0.021000 5.683517 0.021000 7.472168 0.021000 7.306099 0.021000 6.341681 0.021000 7.110808 0.105000
3.780176 0.021000 3.938714 0.021000 5.508577 0.021000 5.648651 0.021000 7.569666 0.021000 7.409569 0.021000 6.449633 0.021000 6.239884 0.021000
3.702876 0.021000 3.825673 0.021000 5.433222 0.021000 5.553697 0.021000 7.655708 0.021000 7.555257 0.021000 6.461198 0.021000 6.410328 0.021000
3.683645 0.021000 3.744510 0.021000 5.451730 0.021000 5.467119 0.021000 7.790421 0.021000 7.652306 0.021000 6.597100 0.021000 7.077374 0.105000
3.529660 0.021000 3.700312 0.021000 5.367415 0.021000 5.496653 0.021000 7.843380 0.021000 7.700877 0.021000 6.768083 0.021000 6.582242 0.021000
3.497331 0.021000 3.594929 0.021000 5.298690 0.021000 5.423997 0.021000 7.951294 0.021000 7.866411 0.021000 6.864913 0.021000 6.717353 0.021000
3.467112 0.021000 3.617156 0.021000 5.503207 0.105000 5.269705 0.021000 8.006396 0.021000 7.860817 0.021000 6.991625 0.021000 6.805907 0.021000
4.695785 0.105000 3.506206 0.021000 5.248974 0.021000 5.278464 0.021000 8.128760 0.021000 7.978159 0.021000 7.027451 0.021000 6.896738 0.021000
3.410802 0.021000 3.501752 0.021000 5.665842 0.105000 5.304567 0.021000 8.181599 0.021000 8.057095 0.021000 7.140019 0.021000 6.979224 0.021000
3.311427 0.021000 3.442680 0.021000 5.242785 0.021000 5.273638 0.021000 8.209432 0.021000 8.105761 0.021000 7.199138 0.021000 7.050717 0.021000
3.308386 0.021000 3.432568 0.021000 5.193097 0.021000 5.241204 0.021000 8.307504 0.021000 8.108668 0.021000 7.254500 0.021000 7.076359 0.021000
3.266979 0.021000 3.458594 0.105000 5.172494 0.021000 5.513844 0.105000 8.301819 0.021000 8.137939 0.021000 7.344372 0.021000 7.418969 0.105000
3.262916 0.021000 3.393587 0.021000 5.149008 0.021000 5.206970 0.021000 9.227135 0.105000 8.174678 0.021000 7.382543 0.021000 7.170219 0.021000
3.232651 0.021000 3.339018 0.021000 5.169036 0.021000 5.225795 0.021000 8.354528 0.021000 8.336507 0.105000 7.386916 0.021000 7.222166 0.021000
3.272623 0.021000 3.315981 0.021000 5.128260 0.021000 5.173430 0.021000 8.426173 0.021000 8.210021 0.021000 7.409678 0.021000 7.292301 0.021000
3.271704 0.021000 3.303868 0.021000 5.075403 0.021000 5.164084 0.021000 8.402358 0.021000 8.325145 0.021000 7.491940 0.021000 7.273626 0.021000
3.346057 0.021000 3.250825 0.021000 4.986077 0.021000 5.501457 0.105000 8.404978 0.021000 8.397246 0.021000 7.559037 0.021000 7.126213 0.105000
3.399161 0.021000 3.317152 0.021000 4.921599 0.021000 5.069415 0.021000 8.369725 0.021000 8.439627 0.021000 7.568303 0.021000 7.174579 0.105000
3.501287 0.021000 3.425289 0.021000 4.824751 0.021000 4.942404 0.021000 8.357705 0.021000 8.431053 0.021000 7.678478 0.021000 7.561340 0.021000
3.683462 0.021000 3.499591 0.021000 4.706863 0.021000 4.905941 0.021000 8.310152 0.021000 8.384953 0.021000 7.800733 0.021000 7.623629 0.021000
3.752177 0.021000 3.572861 0.021000 4.500314 0.021000 4.696801 0.021000 8.185306 0.021000 8.336294 0.021000 7.816288 0.021000 7.665577 0.021000
3.912706 0.021000 3.676094 0.021000 4.388676 0.021000 4.618485 0.021000 8.214272 0.021000 8.281873 0.021000 7.882796 0.021000 7.751458 0.021000
3.993570 0.021000 3.775019 0.021000 4.327619 0.021000 4.483211 0.021000 8.160570 0.021000 8.154000 0.021000 7.949866 0.021000 7.880565 0.021000
4.078062 0.021000 3.931681 0.021000 4.131639 0.021000 4.330603 0.021000 8.121702 0.021000 8.639200 0.105000 8.098228 0.021000 7.939295 0.021000
4.452817 0.105000 4.085149 0.105000 4.050125 0.021000 4.274428 0.021000 7.994993 0.021000 8.068078 0.021000 8.074187 0.021000 7.978037 0.021000
4.336976 0.021000 4.163642 0.021000 3.941858 0.021000 4.126843 0.021000 7.933975 0.021000 8.028307 0.021000 8.136148 0.021000 8.020308 0.021000
4.478760 0.021000 4.240822 0.021000 3.868275 0.021000 4.028787 0.021000 7.886279 0.021000 7.970537 0.021000 8.190834 0.021000 8.178631 0.021000
4.590638 0.021000 4.302994 0.021000 3.744498 0.021000 3.961261 0.021000 7.832703 0.021000 7.906660 0.021000 8.266927 0.021000 8.142358 0.021000
4.596549 0.021000 4.439634 0.021000 3.678561 0.021000 3.807418 0.021000 7.785669 0.021000 7.918049 0.021000 8.332766 0.021000 8.200040 0.021000
4.697482 0.021000 4.458353 0.021000 3.576494 0.021000 4.583487 0.105000 7.757164 0.021000 7.858045 0.021000 8.349267 0.021000 8.211875 0.021000
4.767085 0.021000 4.550492 0.021000 3.506783 0.021000 3.682689 0.021000 7.755093 0.021000 7.854768 0.021000 8.353340 0.021000 8.230060 0.021000
4.767576 0.021000 4.575164 0.021000 3.488275 0.021000 3.663315 0.021000 7.766415 0.021000 7.802721 0.021000 8.398938 0.021000 8.543349 0.105000
4.888891 0.105000 4.692792 0.021000 3.448358 0.021000 3.612285 0.021000 7.726997 0.021000 7.814940 0.021000 8.454590 0.021000 8.302185 0.021000
4.868262 0.021000 4.671023 0.021000 3.373843 0.021000 3.557903 0.021000 7.696519 0.021000 7.803526 0.021000 8.454125 0.021000 8.366359 0.021000
4.892195 0.021000 4.709621 0.021000 3.369209 0.021000 3.531581 0.021000 7.674066 0.021000 7.778531 0.021000 8.514447 0.021000 8.423424 0.021000
5.025089 0.021000 4.748600 0.021000 3.340964 0.021000 3.425720 0.105000 7.605216 0.021000 7.725967 0.021000 8.435562 0.021000 8.845645 0.105000
5.033520 0.021000 4.850733 0.021000 3.369020 0.021000 3.429273 0.021000 7.520853 0.021000 7.636510 0.021000 8.429047 0.021000 8.407248 0.021000
5.062870 0.021000 4.975842 0.021000 3.346809 0.021000 3.387165 0.021000 7.422301 0.021000 8.088285 0.105000 8.424337 0.021000 8.451027 0.021000
5.053562 0.021000 5.000992 0.021000 3.364328 0.021000 3.331192 0.021000 7.290979 0.021000 7.537477 0.021000 8.312998 0.021000 8.378574 0.021000
5.089760 0.105000 5.014762 0.021000 3.385069 0.021000 3.352330 0.021000 7.199837 0.021000 7.404747 0.021000 8.160191 0.021000 8.375810 0.021000
5.182526 0.021000 5.055618 0.021000 3.470798 0.021000 3.379806 0.021000 7.112725 0.021000 7.282213 0.021000 7.978430 0.105000 8.273618 0.021000
5.181557 0.021000 5.170344 0.021000 3.542998 0.021000 3.462529 0.021000 7.016346 0.021000 7.153303 0.021000 7.914826 0.021000 8.104702 0.021000
5.275779 0.021000 5.207448 0.021000 3.561851 0.021000 3.464633 0.021000 6.911809 0.105000 7.047630 0.021000 7.893910 0.021000 8.068399 0.021000
5.354491 0.021000 5.254132 0.021000 3.633719 0.021000 3.541658 0.021000 6.788566 0.021000 6.979393 0.021000 7.802891 0.021000 7.966192 0.021000
5.352926 0.105000 5.267771 0.021000 3.733368 0.021000 3.612877 0.021000 6.634254 0.021000 6.823964 0.021000 7.755632 0.021000 7.812262 0.021000
5.371925 0.021000 5.305469 0.021000 3.852390 0.021000 3.707840 0.021000 6.536695 0.021000 6.702746 0.021000 7.579078 0.021000 7.706261 0.021000
5.492592 0.021000 5.332300 0.021000 3.861747 0.021000 3.930639 0.105000 6.443579 0.021000 6.612215 0.021000 7.434897 0.021000 7.634086 0.021000
5.557053 0.021000 5.404479 0.021000 3.923010 0.021000 3.830192 0.021000 6.309604 0.021000 6.485140 0.021000 7.411466 0.021000 7.552321 0.021000
5.599397 0.021000 5.502182 0.105000 3.997644 0.021000 3.838432 0.021000 6.400622 0.105000 6.408553 0.021000 7.374126 0.021000 7.469995 0.021000
5.573632 0.021000 5.542967 0.021000 4.129630 0.021000 3.942204 0.021000 6.117239 0.021000 6.310811 0.021000 7.211614 0.021000 7.333974 0.021000
5.755170 0.021000 5.759057 0.105000 4.160439 0.021000 4.071790 0.021000 5.957508 0.021000 6.198026 0.021000 7.073139 0.021000 7.325586 0.021000
5.822494 0.021000 5.681656 0.021000 4.293346 0.021000 4.106470 0.021000 5.844572 0.021000 6.071755 0.021000 7.058097 0.021000 7.206840 0.021000
6.077444 0.105000 5.771597 0.021000 4.362697 0.021000 4.391986 0.105000 5.825370 0.021000 5.928316 0.021000 6.946912 0.021000 7.095800 0.021000
5.939785 0.021000 5.842073 0.021000 4.448559 0.021000 4.276297 0.021000 6.122266 0.105000 5.858611 0.021000 6.868598 0.021000 6.968508 0.021000
5.890029 0.021000 5.865997 0.021000 4.489584 0.021000 4.363999 0.021000 5.602895 0.021000 5.732924 0.021000 6.764891 0.021000 6.925574 0.021000
6.060935 0.021000 5.881367 0.021000 4.677483 0.021000 4.491852 0.105000 5.545328 0.105000 5.619892 0.021000 6.733905 0.021000 7.263930 0.105000
6.087451 0.021000 6.027207 0.021000 4.721956 0.021000 4.554950 0.021000 5.328093 0.021000 5.503774 0.021000 6.746691 0.105000 6.765090 0.021000
6.189728 0.021000 6.089817 0.021000 4.792019 0.021000 5.225612 0.105000 5.268225 0.021000 5.466144 0.105000 6.776774 0.105000 6.793324 0.105000
6.285016 0.021000 6.162799 0.021000 4.930032 0.021000 4.760770 0.021000 5.157581 0.021000 5.327657 0.021000 6.410105 0.021000 6.607815 0.021000
6.347984 0.021000 6.862992 0.105000 5.048467 0.021000 4.807310 0.021000 5.060392 0.021000 5.207880 0.021000 6.464866 0.021000 6.490368 0.021000
6.420630 0.021000 6.284851 0.021000 5.416578 0.105000 5.078203 0.105000 4.957936 0.021000 5.130485 0.021000 6.315432 0.021000 6.457564 0.021000
6.481346 0.021000 6.358712 0.021000 5.171712 0.021000 5.121794 0.021000 4.855829 0.021000 4.961636 0.021000 6.256889 0.021000 6.353585 0.021000
6.594037 0.021000 6.478675 0.021000 5.296448 0.021000 5.164711 0.021000 4.757882 0.021000 4.933603 0.021000 6.244731 0.021000 6.254973 0.021000
6.670325 0.021000 6.532679 0.021000 5.377209 0.021000 5.233182 0.021000 4.644467 0.021000 4.824677 0.021000 6.103040 0.021000 6.219184 0.021000
6.756960 0.021000 6.632887 0.021000 5.494929 0.021000 5.380465 0.021000 4.508345 0.021000 4.731660 0.021000 6.007915 0.021000 6.097107 0.021000
6.874157 0.021000 6.696240 0.021000 5.609421 0.021000 5.445733 0.021000 4.452287 0.021000 4.674051 0.021000 6.553651 0.105000 6.395401 0.105000
6.763733 0.105000 6.809483 0.021000 5.691926 0.021000 5.511750 0.021000 4.374740 0.021000 4.521042 0.021000 5.895134 0.021000 6.087254 0.105000
7.058429 0.021000 6.883750 0.021000 5.759013 0.021000 5.667550 0.021000 4.329405 0.021000 4.442684 0.021000 5.915568 0.021000 6.008228 0.021000
7.074011 0.021000 6.990933 0.021000 5.946432 0.021000 5.788122 0.021000 4.204786 0.021000 4.317778 0.105000 5.769174 0.021000 5.948219 0.021000
7.241443 0.021000 7.346331 0.105000 6.052204 0.021000 5.845439 0.021000 4.123751 0.021000 4.251777 0.021000 5.739212 0.021000 5.770237 0.021000
7.294576 0.021000 7.174866 0.021000 6.092559 0.021000 5.928134 0.021000 4.012010 0.021000 4.114033 0.021000 5.560347 0.021000 5.754538 0.021000
7.373283 0.021000 7.536951 0.105000 6.200186 0.021000 6.083483 0.021000 3.995730 0.021000 4.077129 0.021000 5.609157 0.021000 5.703611 0.021000
7.429771 0.021000 7.340539 0.021000 6.387219 0.021000 6.228757 0.021000 3.870170 0.021000 3.992096 0.021000 5.548440 0.021000 5.629373 0.021000
7.673129 0.021000 7.377794 0.021000 7.013198 0.105000 6.269905 0.021000 3.788399 0.021000 3.920956 0.021000 5.518248 0.021000 5.535224 0.021000
7.669465 0.021000 7.575072 0.021000 6.580547 0.021000 6.368194 0.021000 3.735735 0.021000 3.788156 0.021000 5.470397 0.021000 5.511523 0.021000
7.786475 0.021000 7.606769 0.021000 6.683314 0.021000 6.517384 0.021000 3.630349 0.021000 3.719589 0.021000 5.418578 0.021000 5.483540 0.021000
7.938926 0.105000 7.740766 0.021000 6.774404 0.021000 7.100823 0.105000 3.577201 0.021000 4.056105 0.105000 5.327979 0.021000 5.387863 0.105000
7.944045 0.021000 7.835790 0.021000 6.915078 0.021000 6.689203 0.021000 3.519170 0.021000 3.550944 0.021000 5.284915 0.021000 5.336188 0.021000
8.006358 0.021000 7.858231 0.021000 6.983400 0.021000 6.812046 0.021000 3.484129 0.021000 3.573554 0.021000 5.294042 0.021000 5.384943 0.021000
8.071691 0.021000 7.954861 0.021000 7.053189 0.021000 6.865298 0.021000 3.426320 0.021000 3.726665 0.105000 5.271914 0.021000 5.318577 0.021000
8.216476 0.021000 7.953566 0.021000 7.113636 0.021000 6.999175 0.021000 3.369735 0.021000 3.439119 0.021000 5.201256 0.021000 5.284481 0.021000
8.181013 0.021000 8.067307 0.021000 7.201379 0.021000 7.045712 0.021000 3.607233 0.105000 3.453635 0.021000 5.266686 0.021000 5.255512 0.021000
8.313727 0.021000 8.157523 0.021000 7.630992 0.105000 7.077386 0.021000 3.330652 0.021000 3.382444 0.021000 5.230061 0.021000 5.376405 0.105000
8.309786 0.021000 8.152167 0.021000 7.297675 0.021000 7.154188 0.021000 3.253880 0.021000 3.381535 0.021000 5.166153 0.021000 5.250199 0.021000
8.336913 0.021000 8.220624 0.021000 7.347298 0.021000 7.216144 0.021000 3.257627 0.021000 3.339262 0.021000 5.154672 0.021000 5.238828 0.021000
8.399594 0.021000 8.210374 0.021000 7.383199 0.021000 7.228465 0.021000 3.259423 0.021000 3.337923 0.021000 5.170973 0.021000 5.179481 0.021000
8.435746 0.021000 8.269873 0.021000 7.412232 0.021000 7.276386 0.021000 3.274144 0.021000 3.365224 0.021000 5.198004 0.021000 5.168321 0.021000
8.701247 0.105000 8.309457 0.021000 7.418644 0.021000 7.835997 0.105000 3.153829 0.021000 3.316386 0.021000 5.261328 0.021000 5.143780 0.021000
8.613346 0.105000 8.362465 0.021000 7.424189 0.021000 7.347342 0.021000 3.540830 0.105000 3.261231 0.021000 5.269176 0.021000 5.133232 0.021000
8.696001 0.021000 8.504795 0.021000 7.405333 0.021000 7.428790 0.021000 2.946892 0.021000 3.266563 0.105000 5.404908 0.021000 5.224313 0.021000
8.806430 0.021000 8.567135 0.021000 7.352606 0.021000 7.473142 0.021000 2.822024 0.021000 3.010644 0.021000 5.481073 0.021000 5.328223 0.021000
8.877373 0.021000 8.684357 0.021000 7.362625 0.021000 7.412343 0.021000 2.683243 0.021000 2.930512 0.021000 5.648590 0.021000 5.396643 0.021000
8.938694 0.021000 8.791339 0.021000 7.378173 0.021000 7.396188 0.021000 2.587827 0.021000 2.785351 0.021000 5.893966 0.105000 5.570637 0.021000
9.036353 0.021000 8.877288 0.021000 7.290219 0.021000 7.378483 0.021000 2.492408 0.021000 2.658149 0.021000 5.866937 0.021000 5.672105 0.021000
9.075316 0.021000 9.317739 0.105000 7.317261 0.105000 7.372694 0.021000 2.350403 0.021000 2.567423 0.021000 5.992296 0.021000 5.826228 0.021000
9.128107 0.021000 9.030650 0.021000 7.196372 0.021000 7.284772 0.021000 2.269966 0.021000 2.410215 0.021000 6.082967 0.021000 5.951196 0.021000
9.300597 0.021000 9.157086 0.021000 7.225623 0.021000 7.277490 0.021000 2.132327 0.021000 2.318468 0.021000 6.920090 0.105000 6.008572 0.021000
9.319665 0.021000 9.166916 0.021000 7.230534 0.021000 7.231245 0.021000 2.053218 0.021000 2.251761 0.021000 6.350710 0.021000 6.155311 0.021000
9.433639 0.021000 9.234795 0.021000 7.145994 0.021000 7.205678 0.021000 1.961074 0.021000 2.164435 0.021000 6.397026 0.021000 6.247794 0.021000
9.486689 0.021000 9.595980 0.105000 7.216212 0.021000 7.352475 0.105000 1.839770 0.021000 2.022324 0.021000 6.526090 0.021000 6.309424 0.021000
9.524876 0.021000 9.451207 0.021000 7.136386 0.021000 7.369778 0.105000 1.832386 0.021000 1.985435 0.021000 6.600494 0.021000 6.400375 0.021000
9.590926 0.021000 10.137017 0.105000 7.157673 0.021000 7.167279 0.021000 1.714366 0.021000 1.876503 0.021000 6.667616 0.021000 6.642284 0.105000
9.619808 0.021000 9.502741 0.021000 7.172344 0.021000 7.148072 0.021000 1.674372 0.021000 1.868988 0.021000 6.750606 0.021000 6.530011 0.021000
9.681033 0.021000 9.483236 0.021000 7.454050 0.105000 7.122411 0.021000 1.660599 0.021000 1.806650 0.021000 6.769509 0.021000 6.639456 0.021000
9.771287 0.021000 9.534368 0.021000 7.109553 0.021000 7.149999 0.021000 1.664686 0.105000 1.748378 0.021000 6.822196 0.021000 6.602030 0.021000
9.733117 0.021000 9.602166 0.021000 7.093661 0.021000 7.122696 0.021000 1.601736 0.021000 1.804237 0.021000 6.889486 0.021000 6.618208 0.021000
9.739891 0.021000 9.618600 0.021000 7.139436 0.105000 7.166054 0.105000 1.880630 0.105000 1.697156 0.021000 6.890237 0.021000 6.663373 0.021000
9.732489 0.021000 9.626832 0.021000 7.054991 0.021000 7.195661 0.021000 1.573425 0.021000 1.699770 0.021000 6.941832 0.021000 6.772780 0.021000
9.691680 0.021000 9.718467 0.021000 6.970603 0.021000 7.083251 0.021000 2.345178 0.105000 1.629222 0.021000 7.010209 0.021000 6.871545 0.021000
9.654598 0.021000 9.729864 0.021000 7.087129 0.105000 7.063363 0.021000 1.661315 0.021000 1.584696 0.021000 7.067448 0.021000 6.901453 0.021000
9.608749 0.021000 9.698273 0.021000 6.757763 0.021000 6.929639 0.021000 1.714759 0.021000 1.592509 0.021000 7.052778 0.021000 6.991854 0.021000
9.539113 0.021000 9.590313 0.021000 6.603221 0.021000 6.836580 0.021000 1.819244 0.021000 1.676177 0.021000 7.426729 0.105000 7.059579 0.021000
9.378037 0.021000 9.681183 0.105000 6.502382 0.021000 6.698515 0.021000 1.896204 0.021000 1.745646 0.021000 7.054138 0.021000 7.110495 0.021000
9.336299 0.021000 9.423763 0.021000 6.365331 0.021000 6.495961 0.021000 2.627500 0.105000 1.870825 0.021000 7.153253 0.021000 7.069138 0.021000
9.262662 0.021000 9.885651 0.105000 6.237363 0.021000 6.434899 0.021000 2.180579 0.021000 1.969966 0.021000 7.166289 0.021000 7.079388 0.021000
9.144064 0.021000 9.322960 0.021000 6.110240 0.021000 6.287847 0.021000 2.244829 0.021000 2.088611 0.021000 7.189870 0.021000 7.157277 0.021000
9.154056 0.021000 9.243716 0.021000 5.965920 0.021000 6.154797 0.021000 2.367863 0.021000 2.175521 0.021000 7.224511 0.021000 7.177106 0.021000
8.974631 0.021000 9.090169 0.021000 5.858206 0.021000 6.043988 0.021000 2.513671 0.021000 2.300781 0.021000 7.298438 0.021000 8.157910 0.105000
8.937541 0.021000 9.039638 0.021000 5.746385 0.021000 5.981125 0.021000 2.574301 0.021000 2.397328 0.021000 7.351033 0.021000 7.261066 0.021000
8.824531 0.021000 8.981161 0.021000 5.611836 0.021000 5.810572 0.021000 2.692287 0.021000 2.534724 0.021000 7.366405 0.021000 7.239519 0.021000
8.795575 0.021000 8.885350 0.021000 5.478717 0.021000 5.698052 0.021000 2.916343 0.105000 2.649592 0.021000 7.426697 0.021000 7.295455 0.021000
8.733003 0.021000 10.012880 0.105000 5.332312 0.021000 5.619216 0.021000 2.893914 0.021000 2.866119 0.105000 7.471583 0.021000 7.360937 0.021000
8.596993 0.021000 8.730442 0.021000 5.219766 0.021000 5.447021 0.021000 3.014984 0.021000 2.834443 0.105000 7.453295 0.021000 7.799069 0.105000
8.505768 0.021000 8.664232 0.021000 5.136778 0.021000 5.291109 0.021000 3.130379 0.021000 2.960628 0.105000 7.564424 0.021000 7.463441 0.021000
8.441731 0.021000 8.613047 0.021000 5.017868 0.021000 5.187759 0.021000 3.251450 0.021000 3.118975 0.021000 7.651479 0.021000 7.540597 0.021000
8.414804 0.021000 8.551678 0.021000 4.870458 0.021000 5.026076 0.021000 3.361469 0.021000 3.186003 0.021000 7.618877 0.021000 7.598918 0.021000
8.332102 0.021000 8.469436 0.021000 4.696994 0.105000 4.939361 0.021000 3.966956 0.105000 4.028047 0.105000 7.686662 0.105000 7.677271 0.021000
8.304146 0.021000 8.406065 0.021000 4.747454 0.105000 4.813089 0.021000 3.644264 0.021000 3.478592 0.021000 7.772536 0.021000 7.671750 0.021000
8.250035 0.021000 8.097462 0.105000 4.951391 0.105000 4.748029 0.021000 4.000948 0.105000 3.601716 0.021000 7.816549 0.021000 7.720124 0.021000
8.737097 0.105000 8.204137 0.021000 4.363748 0.021000 4.576915 0.021000 3.872580 0.021000 3.665800 0.021000 7.919762 0.021000 7.836884 0.021000
8.750038 0.105000 8.141492 0.105000 4.256231 0.021000 4.452114 0.021000 4.009451 0.021000 3.781978 0.021000 7.942420 0.021000 7.840539 0.021000
8.060403 0.021000 8.120266 0.021000 4.114356 0.021000 4.379868 0.021000 4.116575 0.021000 3.874907 0.021000 8.039760 0.021000 7.903552 0.021000
7.963260 0.021000 8.072669 0.021000 4.008721 0.021000 4.222555 0.021000 4.143997 0.021000 4.053518 0.021000 8.086682 0.021000 8.894072 0.105000
7.930623 0.021000 7.968494 0.021000 3.948216 0.021000 4.115405 0.021000 4.348075 0.021000 4.170564 0.021000 8.148391 0.021000 8.060045 0.021000
7.852782 0.021000 7.951769 0.021000 3.784709 0.021000 3.893730 0.021000 4.458121 0.021000 4.238736 0.021000 8.170487 0.021000 8.148145 0.021000
7.784500 0.021000 7.946003 0.021000 3.702433 0.021000 3.906791 0.021000 4.586406 0.021000 4.353055 0.021000 8.284925 0.021000 8.143699 0.021000
7.764883 0.021000 7.839567 0.021000 3.562234 0.021000 3.774290 0.021000 4.724041 0.021000 4.492526 0.021000 8.317141 0.021000 8.244160 0.021000
7.713604 0.021000 7.852557 0.021000 3.440710 0.021000 3.620143 0.021000 4.796275 0.021000 4.687306 0.021000 8.368054 0.021000 8.383650 0.021000
7.642414 0.021000 7.737588 0.021000 3.358281 0.021000 3.524579 0.021000 4.980383 0.021000 4.764561 0.021000 8.514808 0.021000 8.380083 0.021000
7.535134 0.021000 7.787304 0.105000 3.177815 0.021000 3.390270 0.021000 5.066658 0.021000 4.887698 0.021000 8.545544 0.021000 8.398250 0.021000
7.597819 0.021000 7.628615 0.021000 3.045017 0.021000 3.253363 0.021000 5.165636 0.021000 5.029693 0.021000 8.655781 0.021000 8.559242 0.021000
7.535852 0.021000 7.527757 0.021000 2.875621 0.021000 3.138154 0.021000 5.284887 0.021000 5.365545 0.105000 9.106309 0.105000 8.660300 0.021000
7.524336 0.021000 7.546367 0.021000 2.830754 0.021000 3.048872 0.021000 5.446393 0.021000 5.263404 0.021000 8.798184 0.021000 8.717459 0.021000
7.431203 0.021000 7.466641 0.021000 2.690236 0.021000 2.914257 0.021000 5.546424 0.021000 5.415760 0.021000 9.249579 0.105000 8.779957 0.021000
7.363609 0.021000 7.414227 0.021000 2.635308 0.021000 2.880433 0.105000 5.712486 0.021000 5.467892 0.021000 8.936151 0.021000 8.847945 0.021000
7.594184 0.105000 7.337498 0.021000 2.486765 0.021000 2.658150 0.021000 5.932795 0.105000 5.581772 0.021000 9.008154 0.021000 8.866282 0.021000
7.292684 0.021000 7.368682 0.021000 2.399235 0.021000 2.605038 0.021000 6.553359 0.105000 5.757002 0.021000 9.283647 0.105000 8.995955 0.021000
7.312552 0.021000 7.347566 0.021000 2.281781 0.021000 2.451570 0.021000 6.122131 0.105000 5.846263 0.021000 9.233143 0.021000 8.989435 0.021000
7.220235 0.021000 7.298004 0.021000 2.147658 0.021000 2.361842 0.021000 6.206825 0.021000 6.016718 0.021000 9.325592 0.021000 9.158902 0.021000
7.223664 0.021000 7.232722 0.021000 2.051402 0.021000 2.272388 0.021000 6.337666 0.021000 6.149918 0.021000 9.342436 0.021000 9.166529 0.021000
7.182408 0.021000 7.237155 0.021000 1.946909 0.021000 2.113398 0.021000 6.461048 0.021000 6.238446 0.021000 9.475465 0.021000 9.257984 0.021000
7.161436 0.021000 7.255192 0.021000 1.889999 0.021000 2.095054 0.021000 6.451882 0.021000 6.287076 0.021000 9.449742 0.021000 9.356772 0.105000
7.141202 0.021000 7.164490 0.021000 2.490549 0.105000 1.954481 0.021000 6.587721 0.021000 6.380635 0.021000 9.899269 0.105000 9.361885 0.021000
8.023403 0.105000 7.155172 0.021000 1.769630 0.021000 1.946653 0.021000 6.655910 0.021000 6.411000 0.021000 9.606212 0.021000 9.463907 0.021000
7.112924 0.021000 7.184973 0.021000 1.701355 0.021000 1.873223 0.021000 6.689377 0.021000 6.529876 0.021000 9.650726 0.021000 9.516080 0.021000
7.129519 0.021000 7.153925 0.021000 1.675469 0.021000 1.792463 0.021000 6.712658 0.021000 6.517302 0.021000 9.649231 0.021000 9.553050 0.021000
7.108853 0.021000 7.707892 0.105000 1.639565 0.021000 1.799521 0.021000 6.809846 0.021000 6.566379 0.021000 9.749462 0.021000 9.561006 0.021000
