2.565125 0.120000 2.262275 0.120000 8.315524 0.120000 7.496297 0.120000 7.772250 0.120000 7.944219 0.120000 10.640267 0.120000 10.880819 0.120000 4.957214 0.120000 5.229588 0.120000
2.501810 0.120000 2.132480 0.120000 7.775766 0.600000 8.136234 0.120000 7.692533 0.120000 7.955838 0.120000 9.859125 0.120000 11.017998 0.600000 5.558029 0.600000 5.649002 0.120000
2.281643 0.120000 2.343060 0.600000 7.957922 0.120000 8.338923 0.120000 8.032930 0.120000 8.079121 0.120000 10.295711 0.120000 10.437890 0.120000 4.475124 0.120000 5.020441 0.120000
2.509366 0.120000 2.737283 0.120000 8.494714 0.120000 7.806513 0.120000 7.510198 0.600000 8.303810 0.600000 10.327315 0.120000 10.181378 0.120000 4.427591 0.120000 5.088005 0.120000
3.379427 0.120000 2.840335 0.120000 8.308515 0.600000 7.983624 0.120000 7.187603 0.120000 7.891159 0.120000 10.138747 0.120000 9.978368 0.120000 4.392536 0.120000 4.778203 0.120000
3.076617 0.120000 2.396605 0.600000 8.040825 0.120000 7.933407 0.120000 7.719167 0.600000 7.423819 0.120000 10.121460 0.120000 10.506491 0.120000 4.477799 0.120000 4.476222 0.120000
2.982059 0.120000 2.583921 0.120000 8.049993 0.120000 7.683120 0.120000 7.235895 0.120000 7.270400 0.120000 10.055492 0.120000 10.344129 0.120000 4.575609 0.120000 4.312840 0.120000
3.134002 0.120000 2.435016 0.120000 7.928488 0.120000 8.136180 0.600000 7.197147 0.120000 6.921041 0.120000 10.190252 0.120000 10.225419 0.120000 4.529368 0.120000 4.615835 0.120000
3.240211 0.120000 2.951509 0.120000 7.756408 0.120000 8.494097 0.120000 7.058849 0.120000 7.172512 0.120000 9.660904 0.120000 10.028254 0.120000 4.337796 0.600000 4.564328 0.120000
2.758993 0.120000 2.876881 0.120000 8.324158 0.120000 8.155275 0.120000 6.291344 0.120000 6.490155 0.120000 9.901167 0.120000 10.291585 0.600000 4.736198 0.120000 4.558396 0.600000
3.726108 0.120000 3.093518 0.120000 8.292773 0.120000 8.449674 0.120000 6.517745 0.120000 6.786233 0.120000 9.713969 0.120000 9.697233 0.120000 4.415692 0.120000 4.476718 0.120000
3.705769 0.120000 3.266784 0.120000 8.543749 0.120000 7.855217 0.120000 6.292256 0.120000 6.684538 0.120000 9.811754 0.120000 9.193333 0.120000 4.053255 0.120000 5.330658 0.600000
3.565466 0.120000 3.527769 0.120000 8.221243 0.120000 7.993825 0.120000 6.385727 0.120000 6.386768 0.120000 9.649110 0.120000 9.920659 0.120000 3.697723 0.120000 4.376734 0.120000
3.416456 0.120000 3.580009 0.120000 7.814547 0.120000 8.505210 0.120000 6.319270 0.120000 6.060735 0.120000 9.459829 0.120000 10.061166 0.120000 4.026319 0.120000 4.124457 0.120000
3.809949 0.600000 3.799666 0.120000 8.052647 0.120000 8.714217 0.600000 7.032751 0.600000 6.594798 0.120000 9.847302 0.120000 10.262993 0.120000 4.062180 0.120000 4.195649 0.120000
4.754006 0.600000 3.858776 0.120000 8.364199 0.120000 8.205687 0.120000 6.041206 0.600000 6.123957 0.600000 9.767199 0.120000 9.433244 0.120000 3.621973 0.120000 3.682643 0.120000
3.942624 0.120000 3.996326 0.120000 8.693953 0.600000 8.410664 0.120000 5.948652 0.120000 5.785792 0.120000 9.097151 0.120000 9.030578 0.120000 3.662640 0.120000 3.729881 0.120000
3.959130 0.120000 4.191921 0.120000 8.030750 0.600000 7.953560 0.120000 5.796717 0.120000 6.314420 0.120000 9.345837 0.120000 9.196664 0.120000 4.365419 0.120000 3.916946 0.120000
3.783764 0.120000 4.630183 0.600000 8.124825 0.120000 8.335203 0.120000 5.354823 0.120000 6.188164 0.120000 8.761802 0.120000 9.055413 0.120000 4.054815 0.120000 3.943981 0.600000
4.308060 0.120000 4.198803 0.120000 8.467872 0.120000 8.649241 0.120000 5.869708 0.120000 5.646345 0.120000 9.228848 0.120000 9.330413 0.120000 3.730112 0.120000 3.979570 0.120000
4.903634 0.120000 4.370356 0.600000 8.200293 0.120000 8.751840 0.600000 5.375830 0.120000 5.976898 0.120000 8.612077 0.120000 9.181288 0.600000 4.054584 0.120000 3.213373 0.120000
5.072115 0.120000 4.535390 0.120000 8.472757 0.120000 8.573423 0.120000 5.289439 0.120000 5.334838 0.600000 9.528616 0.120000 9.544756 0.120000 3.719958 0.120000 3.765542 0.600000
4.453718 0.120000 4.460504 0.120000 8.705409 0.120000 8.581880 0.120000 5.093428 0.120000 5.248017 0.120000 8.823322 0.120000 8.808688 0.120000 3.976998 0.120000 4.539252 0.600000
4.404024 0.120000 4.796482 0.120000 8.342894 0.120000 8.957683 0.120000 5.292040 0.120000 5.257203 0.120000 9.340201 0.120000 9.068351 0.120000 3.404679 0.120000 4.059139 0.120000
5.090125 0.120000 4.785113 0.120000 9.311059 0.120000 8.962822 0.120000 5.082062 0.120000 4.996952 0.120000 8.909752 0.120000 9.754620 0.600000 3.626850 0.600000 3.301623 0.120000
4.600090 0.120000 5.336163 0.120000 9.023715 0.120000 8.709392 0.120000 4.737016 0.120000 5.015448 0.120000 9.253667 0.120000 8.738008 0.120000 3.826057 0.120000 3.720033 0.120000
5.361252 0.120000 4.968585 0.120000 9.547918 0.120000 8.444927 0.120000 4.738935 0.120000 4.588662 0.120000 8.240876 0.120000 9.120880 0.120000 3.836076 0.120000 3.688048 0.120000
5.469675 0.600000 4.938352 0.120000 9.265017 0.120000 9.179013 0.120000 4.036763 0.120000 4.403541 0.120000 8.750647 0.120000 8.965803 0.600000 3.821968 0.600000 4.009728 0.120000
5.220876 0.120000 5.965069 0.600000 10.081589 0.120000 9.121836 0.120000 4.816621 0.120000 4.232414 0.600000 8.680428 0.120000 8.777879 0.600000 4.001604 0.600000 4.056069 0.120000
5.259145 0.120000 5.196050 0.120000 8.911010 0.120000 9.185706 0.600000 3.938092 0.120000 4.546339 0.120000 8.085215 0.120000 8.558100 0.120000 3.701105 0.120000 3.842589 0.120000
5.632421 0.120000 5.520215 0.120000 9.609670 0.600000 8.907148 0.120000 4.130807 0.120000 4.428759 0.120000 8.182641 0.120000 8.417557 0.120000 3.836549 0.120000 3.739231 0.120000
5.831459 0.120000 5.819742 0.120000 9.027593 0.120000 8.964009 0.120000 4.173073 0.120000 4.187165 0.120000 8.397771 0.120000 8.203924 0.120000 3.528443 0.120000 4.024749 0.120000
5.885766 0.120000 6.017968 0.120000 9.514720 0.120000 9.187484 0.120000 4.190128 0.120000 4.383636 0.120000 8.563351 0.120000 8.751180 0.120000 4.470703 0.120000 4.257221 0.120000
6.538278 0.120000 5.896807 0.600000 9.307517 0.120000 9.181845 0.120000 3.873230 0.120000 3.763214 0.120000 7.768320 0.120000 8.592903 0.120000 4.000261 0.120000 3.920709 0.120000
6.463519 0.120000 6.103338 0.120000 9.326989 0.120000 9.510793 0.120000 4.204587 0.120000 3.755926 0.120000 8.249472 0.120000 8.326748 0.120000 4.394886 0.120000 4.041181 0.120000
5.863113 0.120000 6.068852 0.120000 9.782137 0.120000 9.397786 0.120000 3.676072 0.120000 3.647033 0.120000 8.502391 0.120000 8.065351 0.120000 4.777447 0.600000 4.230301 0.120000
6.580056 0.120000 7.154162 0.120000 9.900084 0.120000 9.595491 0.120000 3.753383 0.120000 3.579539 0.120000 7.987693 0.120000 8.396546 0.600000 3.480140 0.120000 4.378126 0.120000
7.155657 0.120000 6.668426 0.120000 10.460440 0.600000 9.860546 0.120000 3.066559 0.120000 3.713989 0.120000 8.411315 0.120000 8.315201 0.120000 4.302066 0.120000 3.701361 0.120000
6.807719 0.120000 6.405301 0.120000 10.264725 0.120000 9.808100 0.120000 3.479544 0.120000 3.166889 0.120000 7.759155 0.120000 8.349838 0.120000 4.200294 0.120000 4.192720 0.120000
6.735429 0.120000 6.579295 0.120000 10.232615 0.120000 10.154918 0.120000 3.086785 0.120000 3.380748 0.120000 8.180871 0.120000 8.554701 0.120000 4.784381 0.120000 4.045223 0.120000
7.452110 0.120000 6.743167 0.120000 10.244316 0.120000 10.214964 0.120000 3.056269 0.120000 2.870672 0.120000 7.943671 0.120000 8.029071 0.120000 4.676252 0.120000 4.417070 0.120000
6.751669 0.120000 6.125164 0.120000 9.635644 0.120000 10.202898 0.120000 3.168709 0.120000 3.073064 0.600000 7.928546 0.120000 8.015554 0.120000 4.487348 0.120000 4.448194 0.600000
6.912203 0.120000 7.006818 0.120000 10.280271 0.600000 10.878096 0.600000 2.676638 0.120000 2.659937 0.600000 7.831681 0.120000 7.767355 0.600000 4.250302 0.120000 4.517026 0.120000
7.899514 0.600000 8.237039 0.600000 10.023005 0.120000 10.330716 0.120000 2.625962 0.120000 2.680392 0.120000 7.846613 0.120000 7.589612 0.120000 4.541121 0.120000 4.609271 0.600000
7.318446 0.120000 6.897503 0.600000 10.864427 0.120000 10.059719 0.120000 2.649227 0.120000 2.917072 0.120000 8.022479 0.120000 7.804314 0.120000 4.304973 0.120000 4.179119 0.120000
7.442989 0.120000 7.082363 0.120000 10.526623 0.120000 9.929554 0.120000 2.384545 0.120000 2.736624 0.120000 8.243474 0.120000 8.034421 0.120000 5.156485 0.120000 5.034195 0.600000
7.546524 0.120000 7.015700 0.120000 10.577326 0.120000 10.609611 0.120000 2.520418 0.120000 3.072704 0.120000 7.720644 0.120000 7.984711 0.600000 4.979433 0.120000 4.813611 0.120000
7.715712 0.120000 7.227999 0.120000 10.959178 0.600000 10.856753 0.600000 2.463044 0.120000 2.201485 0.120000 7.796587 0.120000 7.696215 0.120000 4.200376 0.120000 4.441685 0.120000
7.166463 0.120000 7.543604 0.600000 10.791595 0.120000 10.388954 0.120000 2.499402 0.120000 2.193388 0.120000 8.826328 0.600000 8.389678 0.120000 5.160695 0.120000 4.800799 0.120000
8.230828 0.120000 7.346514 0.120000 10.588576 0.120000 11.259384 0.600000 2.092695 0.120000 2.115840 0.600000 8.055460 0.600000 7.721527 0.120000 4.817380 0.120000 5.086766 0.120000
7.541488 0.120000 7.184071 0.120000 10.638596 0.120000 10.373224 0.120000 2.330028 0.120000 2.774837 0.120000 8.106331 0.120000 7.926717 0.120000 4.919696 0.120000 5.310603 0.120000
7.916980 0.120000 7.639969 0.120000 10.001711 0.120000 10.292717 0.120000 2.088991 0.120000 2.293780 0.120000 8.371764 0.120000 8.362118 0.120000 4.984717 0.120000 5.241145 0.120000
7.509007 0.120000 7.821972 0.120000 10.966232 0.120000 10.182088 0.600000 2.392533 0.120000 2.933052 0.600000 7.899992 0.120000 7.600436 0.120000 4.267643 0.120000 4.449435 0.120000
7.766396 0.120000 7.696605 0.120000 10.479437 0.120000 10.646580 0.120000 2.517733 0.120000 1.890330 0.120000 7.907903 0.120000 8.034062 0.120000 5.026144 0.120000 5.261566 0.120000
7.985143 0.120000 7.640513 0.120000 10.057257 0.120000 11.018927 0.120000 2.416720 0.120000 2.627334 0.120000 7.664242 0.120000 7.685964 0.120000 4.895270 0.120000 4.761040 0.120000
7.744491 0.120000 7.917261 0.120000 10.621834 0.120000 10.262970 0.120000 2.551325 0.120000 2.174904 0.120000 7.821517 0.120000 7.397843 0.600000 4.928842 0.120000 4.965919 0.120000
8.043581 0.600000 8.239891 0.120000 10.364293 0.120000 11.784591 0.600000 2.812577 0.120000 3.056830 0.120000 7.275373 0.120000 7.929909 0.120000 4.852184 0.120000 4.682558 0.120000
7.458531 0.120000 7.652201 0.120000 9.793770 0.120000 10.373339 0.600000 2.620708 0.120000 2.526034 0.120000 7.376657 0.120000 7.418587 0.120000 4.487779 0.120000 4.883990 0.120000
8.210292 0.600000 7.992657 0.120000 10.260191 0.120000 10.708618 0.600000 2.858329 0.120000 2.765608 0.120000 6.656137 0.120000 7.466606 0.600000 4.543775 0.120000 4.004675 0.120000
7.982045 0.120000 7.684958 0.120000 9.876226 0.120000 10.340977 0.120000 3.013508 0.120000 2.686472 0.120000 7.056546 0.120000 7.399032 0.120000 4.435060 0.120000 4.374715 0.120000
8.265954 0.120000 8.297774 0.120000 10.275451 0.120000 9.912271 0.120000 2.916166 0.120000 2.344760 0.120000 7.075041 0.120000 8.110291 0.600000 4.857796 0.600000 4.471179 0.120000
8.535741 0.120000 7.536165 0.120000 9.939794 0.120000 10.299822 0.120000 3.154757 0.120000 3.180465 0.600000 6.475182 0.120000 7.053433 0.120000 4.111741 0.120000 4.904564 0.600000
8.578449 0.120000 7.655264 0.120000 9.601291 0.120000 10.093168 0.120000 3.027107 0.120000 3.114262 0.120000 6.203794 0.120000 7.255139 0.120000 4.384918 0.120000 4.521713 0.120000
8.342593 0.120000 8.205230 0.600000 9.926198 0.120000 9.956182 0.120000 3.601532 0.120000 2.751254 0.120000 6.400608 0.120000 6.962639 0.120000 4.527260 0.120000 4.269725 0.120000
8.264629 0.120000 7.802438 0.120000 9.398124 0.120000 9.587378 0.120000 3.735265 0.120000 3.542575 0.120000 6.098590 0.120000 6.512553 0.120000 4.274749 0.120000 4.370632 0.120000
8.180783 0.120000 8.315626 0.120000 9.554379 0.120000 9.966967 0.600000 3.576284 0.120000 4.206752 0.600000 6.566948 0.120000 6.622021 0.120000 3.858581 0.120000 4.145620 0.120000
8.242953 0.120000 8.522979 0.120000 9.415189 0.120000 9.800744 0.120000 3.975173 0.120000 3.120318 0.120000 5.954854 0.120000 6.709705 0.120000 3.985802 0.120000 4.105608 0.120000
8.289591 0.120000 8.441567 0.120000 9.810764 0.120000 9.490957 0.120000 3.464265 0.120000 3.322040 0.120000 6.581345 0.120000 6.306845 0.120000 3.843550 0.120000 3.925082 0.120000
8.067267 0.120000 7.866526 0.120000 9.545777 0.120000 9.880764 0.120000 3.651051 0.120000 3.666960 0.120000 5.796084 0.120000 6.340503 0.120000 3.668832 0.120000 3.974865 0.120000
8.134059 0.120000 8.325212 0.120000 9.481683 0.120000 9.908446 0.120000 3.769717 0.120000 3.407649 0.120000 6.102621 0.600000 6.587599 0.120000 4.292609 0.120000 4.628261 0.600000
8.456642 0.120000 8.322881 0.120000 9.201192 0.120000 9.278099 0.120000 3.565043 0.120000 3.420871 0.120000 6.566451 0.600000 6.204906 0.120000 4.119394 0.120000 4.212434 0.120000
8.148323 0.120000 8.434555 0.120000 8.956933 0.120000 9.634384 0.120000 3.539188 0.120000 3.434665 0.120000 5.847756 0.120000 6.501954 0.120000 3.955365 0.120000 4.576010 0.120000
8.696525 0.120000 8.009293 0.120000 9.241044 0.120000 9.778212 0.120000 3.746031 0.120000 3.873548 0.120000 6.114819 0.120000 5.909373 0.120000 4.266191 0.120000 4.556075 0.600000
8.104804 0.120000 8.155477 0.120000 9.146270 0.120000 9.991349 0.600000 4.439905 0.600000 3.880804 0.120000 5.591365 0.120000 6.079899 0.600000 4.399446 0.120000 4.126111 0.120000
7.936751 0.120000 7.972205 0.120000 9.356992 0.120000 9.517143 0.120000 4.121146 0.120000 4.141191 0.120000 6.265927 0.120000 6.244382 0.120000 3.842447 0.120000 3.893406 0.120000
8.311076 0.600000 9.038395 0.600000 8.745018 0.120000 9.461205 0.600000 4.309631 0.600000 3.953755 0.120000 6.238083 0.120000 6.310434 0.600000 3.506279 0.120000 3.508058 0.120000
7.591366 0.120000 7.858184 0.120000 9.174543 0.120000 9.233316 0.120000 3.774839 0.120000 3.924018 0.120000 6.242263 0.120000 6.427871 0.120000 3.572984 0.120000 3.698836 0.120000
8.050409 0.120000 7.965420 0.120000 9.154038 0.120000 9.168007 0.120000 4.035078 0.600000 3.763249 0.120000 6.048588 0.120000 6.351387 0.120000 3.472495 0.120000 3.803521 0.120000
7.743355 0.120000 8.130386 0.120000 8.420643 0.120000 8.424065 0.120000 3.963271 0.600000 3.799050 0.120000 6.303150 0.600000 5.551400 0.120000 3.148747 0.120000 3.969339 0.120000
7.945386 0.120000 7.890670 0.120000 8.311183 0.120000 8.882656 0.120000 4.190089 0.120000 4.761446 0.120000 6.329043 0.120000 6.242811 0.120000 2.768044 0.120000 2.940952 0.120000
7.311820 0.120000 7.652609 0.120000 8.836714 0.120000 10.449282 0.600000 4.281425 0.120000 4.126129 0.120000 6.519941 0.120000 6.223747 0.120000 2.827162 0.120000 3.152971 0.120000
6.788304 0.120000 7.367420 0.120000 8.201925 0.120000 8.665321 0.120000 4.441504 0.120000 4.377000 0.120000 5.881278 0.120000 6.391821 0.120000 2.669204 0.120000 2.778978 0.120000
7.684318 0.600000 6.938854 0.120000 8.539155 0.120000 8.432706 0.120000 4.324997 0.120000 4.573478 0.120000 5.961886 0.120000 6.303381 0.120000 2.367661 0.120000 2.726530 0.120000
7.086886 0.120000 7.550775 0.120000 8.654151 0.120000 7.729606 0.120000 4.192162 0.120000 4.625272 0.120000 6.578941 0.600000 6.094347 0.120000 2.590635 0.120000 3.260956 0.120000
6.540777 0.120000 7.256261 0.120000 8.253635 0.600000 8.008097 0.120000 5.152942 0.120000 4.734969 0.120000 6.222996 0.600000 6.250782 0.120000 2.390332 0.120000 2.873897 0.120000
6.604954 0.120000 6.886436 0.120000 8.810800 0.120000 8.349107 0.120000 4.735501 0.120000 4.964886 0.120000 6.324100 0.120000 6.131415 0.120000 2.230145 0.120000 3.257518 0.120000
6.857430 0.120000 6.839773 0.600000 8.212868 0.120000 8.772551 0.120000 4.475379 0.120000 4.856378 0.120000 6.807830 0.120000 6.211985 0.120000 2.324540 0.120000 2.425675 0.120000
7.141473 0.600000 7.173447 0.120000 7.920887 0.120000 8.203895 0.120000 4.751188 0.120000 4.849371 0.120000 6.940164 0.120000 6.076953 0.120000 2.650980 0.120000 2.538663 0.120000
6.511951 0.120000 7.167516 0.120000 8.042578 0.120000 7.950511 0.120000 5.119675 0.120000 4.495569 0.120000 6.768088 0.120000 6.533698 0.120000 2.350411 0.120000 2.524945 0.120000
6.143764 0.120000 6.411987 0.120000 7.867701 0.120000 7.766764 0.120000 5.286793 0.120000 4.954175 0.120000 6.768086 0.120000 6.365598 0.120000 2.321052 0.120000 2.924526 0.120000
6.735840 0.120000 6.489512 0.120000 7.906109 0.120000 8.146030 0.120000 5.146950 0.120000 5.383461 0.120000 6.818115 0.120000 6.939258 0.120000 1.716859 0.120000 2.255739 0.120000
6.158512 0.120000 6.260477 0.120000 7.271638 0.120000 7.569041 0.120000 4.953728 0.120000 5.674670 0.120000 7.100516 0.120000 7.253706 0.120000 1.382066 0.120000 2.142953 0.120000
6.519769 0.120000 6.524159 0.120000 7.028715 0.120000 7.114934 0.120000 4.994348 0.120000 5.117955 0.120000 6.806570 0.120000 6.864933 0.120000 2.021663 0.120000 2.046976 0.120000
6.071222 0.600000 6.401191 0.120000 7.660553 0.120000 7.364008 0.120000 5.349121 0.120000 4.841544 0.120000 7.348274 0.120000 7.130614 0.600000 1.959268 0.120000 1.892138 0.120000
6.130092 0.120000 6.215389 0.120000 7.540440 0.120000 7.709039 0.120000 5.924105 0.120000 5.912466 0.600000 7.182178 0.120000 7.303891 0.120000 1.776950 0.120000 1.944667 0.120000
6.061393 0.120000 6.025873 0.120000 7.186285 0.120000 7.479451 0.120000 6.038330 0.120000 6.117496 0.120000 7.161606 0.120000 7.085230 0.120000 2.297946 0.120000 1.665443 0.120000
5.945364 0.120000 5.846841 0.120000 7.845105 0.120000 7.173669 0.120000 5.568821 0.600000 5.395778 0.120000 7.262573 0.120000 7.394176 0.120000 2.026170 0.120000 1.897294 0.120000
5.681444 0.120000 6.011580 0.120000 7.173568 0.120000 7.702556 0.120000 5.872682 0.120000 5.789599 0.120000 7.220718 0.120000 7.255513 0.120000 1.441845 0.120000 1.930499 0.120000
5.837523 0.120000 5.447982 0.120000 7.690929 0.120000 6.817449 0.120000 6.019816 0.120000 6.066554 0.120000 8.146292 0.120000 7.449010 0.120000 2.230701 0.120000 1.355966 0.600000
5.624660 0.600000 5.566541 0.120000 6.698379 0.120000 7.054650 0.120000 5.946875 0.120000 5.662250 0.120000 7.425735 0.120000 7.023180 0.120000 2.097737 0.120000 2.413059 0.120000
5.447387 0.120000 5.422565 0.120000 7.411574 0.120000 6.981954 0.120000 6.419230 0.120000 5.930386 0.120000 7.814134 0.120000 7.835829 0.120000 1.717374 0.120000 1.599433 0.120000
5.175223 0.120000 5.690298 0.120000 7.156153 0.120000 7.085238 0.600000 6.341430 0.120000 6.473124 0.120000 7.773600 0.120000 7.590295 0.120000 2.214360 0.120000 1.498755 0.120000
5.057980 0.120000 5.513796 0.120000 6.736578 0.120000 7.118812 0.120000 6.901947 0.600000 6.255674 0.120000 8.161228 0.120000 7.841516 0.120000 2.552164 0.120000 2.506983 0.120000
4.926782 0.120000 4.900591 0.120000 6.534708 0.120000 7.319237 0.600000 6.351511 0.120000 6.304512 0.120000 8.326055 0.600000 7.432896 0.120000 2.087348 0.120000 2.066094 0.120000
4.638498 0.120000 5.084086 0.120000 6.811082 0.120000 6.546727 0.120000 7.090093 0.120000 6.116082 0.120000 7.534342 0.600000 7.433722 0.120000 2.100449 0.120000 1.593487 0.120000
5.020232 0.120000 5.319202 0.120000 6.218145 0.120000 6.636756 0.120000 6.692001 0.120000 6.691608 0.120000 7.919320 0.120000 7.847083 0.120000 2.312307 0.120000 2.018940 0.120000
4.741267 0.120000 5.959043 0.600000 5.942624 0.120000 6.339420 0.120000 7.170375 0.120000 6.988869 0.120000 7.869196 0.120000 7.589281 0.120000 2.135964 0.120000 2.069951 0.120000
4.960095 0.120000 5.176088 0.120000 6.498782 0.120000 6.722527 0.120000 6.972922 0.120000 6.579354 0.120000 8.303126 0.120000 7.547459 0.120000 2.257790 0.120000 2.311988 0.120000
4.524488 0.120000 4.473628 0.120000 6.213953 0.120000 6.483467 0.120000 7.110087 0.120000 7.067963 0.120000 8.665100 0.600000 8.176748 0.120000 2.890553 0.120000 2.424732 0.120000
4.810925 0.120000 4.665030 0.120000 6.469862 0.120000 6.581410 0.600000 7.275829 0.120000 7.189411 0.120000 7.961213 0.120000 8.340186 0.120000 2.538176 0.120000 2.610903 0.120000
4.478340 0.120000 4.096110 0.120000 6.267076 0.120000 6.796697 0.120000 7.762564 0.120000 7.668495 0.600000 8.187612 0.120000 8.367565 0.120000 3.283693 0.120000 2.671386 0.120000
4.538894 0.120000 4.903605 0.120000 5.795260 0.120000 6.168183 0.120000 7.245600 0.600000 7.385884 0.120000 8.648584 0.120000 8.131638 0.120000 2.872983 0.120000 2.751058 0.120000
4.318537 0.120000 4.227438 0.120000 5.994167 0.120000 6.586062 0.120000 7.583785 0.120000 7.807899 0.120000 8.705934 0.120000 8.417488 0.120000 3.131766 0.120000 2.936552 0.120000
4.222162 0.120000 4.618585 0.120000 6.040036 0.120000 6.175518 0.120000 7.830502 0.120000 7.829999 0.120000 8.787990 0.120000 8.333446 0.120000 3.071759 0.120000 3.126898 0.120000
4.249845 0.120000 4.730586 0.120000 6.385891 0.120000 5.975573 0.120000 7.718127 0.120000 7.670986 0.120000 8.927454 0.120000 8.819186 0.120000 3.346309 0.120000 2.784027 0.120000
4.153713 0.120000 3.771283 0.120000 6.108749 0.120000 6.005198 0.120000 8.107543 0.120000 7.718138 0.120000 9.044515 0.120000 8.435124 0.120000 3.418762 0.120000 3.485473 0.120000
3.674824 0.120000 4.443997 0.120000 6.091707 0.600000 6.140929 0.120000 7.917846 0.600000 7.639121 0.120000 8.909530 0.120000 8.935704 0.120000 3.591585 0.120000 3.274623 0.120000
3.933272 0.120000 3.925365 0.120000 5.660491 0.120000 6.173017 0.120000 7.802564 0.120000 7.734977 0.120000 9.252866 0.120000 8.477691 0.120000 4.014019 0.600000 3.837052 0.120000
4.063768 0.120000 4.475047 0.120000 5.256401 0.120000 5.672711 0.120000 8.019096 0.120000 7.907843 0.120000 9.196331 0.120000 8.753462 0.120000 3.999832 0.120000 3.593232 0.120000
4.507666 0.600000 4.331144 0.120000 5.947007 0.120000 5.676378 0.120000 8.686960 0.600000 8.144160 0.120000 8.807367 0.120000 8.442317 0.120000 3.844583 0.120000 3.541152 0.120000
3.992211 0.120000 3.982371 0.120000 6.066538 0.120000 5.387587 0.120000 8.041125 0.120000 8.021441 0.120000 9.293634 0.120000 9.008767 0.120000 3.771219 0.120000 3.531754 0.120000
4.190517 0.600000 3.791631 0.120000 5.969782 0.120000 6.081867 0.120000 7.744466 0.120000 8.169737 0.120000 9.030178 0.120000 9.251681 0.120000 4.295664 0.120000 3.567883 0.120000
4.222031 0.120000 3.804582 0.120000 6.669316 0.120000 5.929292 0.120000 8.033466 0.120000 8.147811 0.120000 9.105045 0.120000 9.024793 0.120000 3.490925 0.120000 3.119339 0.120000
3.851915 0.120000 4.252897 0.120000 6.103707 0.120000 5.707222 0.120000 8.645575 0.120000 7.845684 0.120000 9.654800 0.120000 9.271493 0.120000 4.007866 0.120000 3.691166 0.120000
4.244777 0.120000 4.462613 0.120000 5.939108 0.120000 6.456958 0.120000 8.024961 0.120000 8.075484 0.120000 9.326515 0.600000 9.498889 0.600000 3.676317 0.120000 3.852357 0.120000
4.122942 0.120000 4.035007 0.120000 5.758201 0.120000 5.785028 0.120000 8.011380 0.120000 8.217847 0.120000 9.275905 0.120000 9.487579 0.120000 4.212383 0.120000 4.072737 0.120000
4.222846 0.120000 3.928513 0.120000 5.663947 0.120000 5.764223 0.600000 8.921986 0.120000 7.917284 0.120000 9.030631 0.120000 9.597169 0.120000 4.271974 0.120000 3.632145 0.120000
4.459658 0.120000 4.393803 0.120000 5.642546 0.120000 5.916095 0.120000 9.011135 0.120000 8.119040 0.120000 9.169333 0.600000 9.145476 0.120000 3.903472 0.120000 3.419669 0.120000
4.730954 0.120000 4.324372 0.120000 5.544294 0.120000 5.333246 0.120000 8.958407 0.600000 8.377670 0.120000 8.778829 0.120000 8.959705 0.120000 3.411974 0.120000 3.453378 0.120000
4.764127 0.120000 4.426191 0.120000 5.881767 0.120000 5.649060 0.120000 8.409500 0.120000 8.673105 0.120000 8.954545 0.120000 9.310491 0.120000 3.757951 0.120000 3.997586 0.120000
4.769981 0.120000 4.644699 0.120000 5.014709 0.600000 5.119506 0.120000 8.664436 0.120000 8.779179 0.120000 9.254992 0.120000 9.493858 0.120000 4.099314 0.120000 3.568430 0.120000
4.571204 0.120000 4.654916 0.120000 5.363606 0.120000 5.023516 0.120000 8.810691 0.120000 9.367078 0.120000 9.243008 0.120000 8.996947 0.120000 4.618980 0.600000 3.881676 0.120000
4.687755 0.120000 4.903456 0.120000 4.223141 0.120000 4.640671 0.120000 8.852994 0.600000 8.541395 0.120000 8.947784 0.120000 8.904684 0.120000 3.313592 0.120000 3.253114 0.120000
5.203512 0.600000 4.900637 0.120000 4.953883 0.120000 4.887361 0.120000 9.191936 0.120000 8.540983 0.120000 9.047676 0.120000 8.868398 0.120000 3.937419 0.120000 3.675270 0.120000
5.258701 0.600000 5.084816 0.120000 4.815462 0.600000 4.926156 0.120000 8.878229 0.120000 9.486191 0.600000 9.001661 0.120000 8.601726 0.120000 3.644022 0.120000 3.827839 0.120000
4.919043 0.120000 5.016207 0.120000 4.040221 0.120000 4.808292 0.120000 9.396539 0.120000 9.336901 0.600000 8.242178 0.120000 8.997332 0.120000 3.521391 0.120000 3.701199 0.120000
5.678151 0.120000 5.073757 0.120000 3.938986 0.120000 4.787811 0.600000 9.385663 0.120000 8.908022 0.120000 8.693371 0.120000 8.866374 0.120000 3.990150 0.120000 4.260494 0.120000
5.060505 0.120000 4.934174 0.600000 3.670970 0.120000 4.592478 0.120000 9.553415 0.120000 9.553325 0.120000 8.151774 0.120000 8.657471 0.120000 3.530112 0.120000 3.568584 0.120000
5.299608 0.120000 5.027745 0.120000 4.444769 0.120000 4.626594 0.120000 9.523933 0.120000 9.170865 0.120000 8.743331 0.120000 8.695719 0.120000 3.832414 0.120000 3.588902 0.120000
5.282278 0.120000 4.995327 0.120000 4.546371 0.120000 3.858221 0.120000 8.821499 0.120000 9.224459 0.600000 8.737646 0.120000 9.515378 0.600000 3.263779 0.120000 3.851521 0.600000
5.959832 0.120000 5.015626 0.120000 4.658750 0.120000 4.438382 0.120000 9.375601 0.120000 9.322699 0.120000 8.933222 0.600000 8.896338 0.120000 3.724000 0.120000 4.133589 0.120000
5.366714 0.120000 5.405932 0.120000 4.192735 0.120000 4.019081 0.120000 9.208562 0.120000 9.135925 0.120000 8.877152 0.120000 8.601125 0.120000 3.994473 0.120000 3.755238 0.120000
6.283517 0.600000 5.021359 0.120000 3.979512 0.120000 4.288865 0.120000 9.584599 0.120000 9.016858 0.600000 7.960580 0.120000 9.573488 0.600000 4.240526 0.120000 3.765448 0.120000
5.673164 0.120000 5.182161 0.120000 4.325372 0.120000 4.383184 0.120000 9.599626 0.120000 9.482510 0.120000 8.695586 0.120000 8.179108 0.120000 3.730434 0.120000 4.097580 0.120000
5.672168 0.120000 5.912465 0.600000 3.911755 0.600000 4.782754 0.600000 9.088377 0.120000 9.016005 0.120000 8.087413 0.120000 8.683140 0.120000 3.929335 0.120000 3.866843 0.120000
5.849470 0.600000 5.509971 0.120000 3.921208 0.120000 4.316994 0.120000 9.297849 0.120000 9.306575 0.120000 8.064825 0.600000 8.241198 0.120000 3.587541 0.120000 3.700004 0.120000
5.501377 0.120000 6.215521 0.120000 4.293532 0.120000 4.505525 0.600000 9.074218 0.120000 9.223899 0.120000 8.525014 0.120000 8.566096 0.120000 3.745295 0.600000 3.609968 0.120000
5.879879 0.120000 5.954623 0.600000 3.932154 0.120000 3.958690 0.120000 9.071092 0.120000 9.567747 0.600000 8.343946 0.120000 8.602284 0.600000 3.317680 0.120000 3.637359 0.120000
6.204657 0.120000 5.660313 0.120000 4.286163 0.120000 4.382385 0.120000 9.194834 0.120000 9.085009 0.120000 7.713458 0.120000 8.271622 0.120000 3.891835 0.120000 3.011085 0.120000
6.058738 0.120000 5.811884 0.120000 4.469148 0.120000 4.291909 0.120000 8.998490 0.120000 9.300391 0.120000 7.843349 0.120000 7.968791 0.120000 3.078478 0.120000 3.880417 0.120000
6.531705 0.120000 6.050370 0.120000 4.727108 0.120000 4.320959 0.120000 8.654210 0.120000 9.106187 0.120000 7.794245 0.120000 7.979177 0.120000 3.104959 0.120000 3.015615 0.120000
6.607853 0.120000 6.131768 0.120000 4.174672 0.120000 4.093562 0.120000 8.972768 0.120000 8.273938 0.600000 7.526834 0.120000 8.127328 0.120000 3.298616 0.120000 3.726912 0.600000
5.813451 0.120000 5.887813 0.120000 4.403613 0.120000 4.419174 0.600000 8.985604 0.120000 8.312298 0.120000 7.719964 0.120000 7.738991 0.120000 2.989324 0.120000 2.839997 0.120000
6.842678 0.600000 6.342035 0.120000 4.647487 0.120000 4.350586 0.120000 8.701621 0.120000 8.225048 0.120000 7.723699 0.120000 7.804554 0.120000 3.065714 0.600000 2.815236 0.120000
6.093877 0.120000 6.387002 0.120000 4.512264 0.120000 4.451331 0.120000 8.462932 0.120000 8.519289 0.120000 7.420002 0.600000 7.188322 0.120000 2.507351 0.120000 2.923589 0.120000
6.462172 0.120000 6.460830 0.120000 4.714267 0.120000 4.734160 0.120000 8.097474 0.120000 8.551998 0.120000 7.080506 0.120000 7.428032 0.120000 2.251386 0.120000 2.986701 0.120000
5.717179 0.120000 6.744729 0.600000 5.170618 0.120000 4.654719 0.120000 8.014625 0.600000 8.108246 0.120000 7.144908 0.120000 7.694847 0.120000 2.749560 0.120000 2.624761 0.120000
6.780603 0.120000 6.755938 0.120000 5.200652 0.600000 4.610458 0.120000 8.116925 0.120000 9.002880 0.120000 7.097463 0.120000 7.207892 0.120000 2.527340 0.120000 2.355115 0.120000
6.436151 0.120000 6.104765 0.120000 4.342968 0.120000 4.634904 0.120000 7.865215 0.120000 8.061600 0.120000 6.694426 0.120000 7.162955 0.120000 2.470215 0.120000 2.823784 0.120000
6.675285 0.120000 6.798257 0.120000 5.131634 0.120000 5.212164 0.120000 7.885672 0.120000 8.086823 0.120000 7.112949 0.120000 7.034293 0.120000 2.268030 0.120000 2.318934 0.120000
6.388320 0.120000 6.344173 0.120000 4.535508 0.120000 5.120722 0.120000 7.663041 0.120000 8.237225 0.120000 6.745719 0.600000 6.751342 0.120000 2.225499 0.120000 3.021677 0.120000
6.955878 0.120000 6.678533 0.120000 5.493774 0.600000 5.000211 0.120000 7.993208 0.120000 7.867316 0.120000 6.688407 0.120000 6.961135 0.120000 2.540403 0.120000 2.729333 0.600000
6.432697 0.120000 7.210065 0.120000 5.112071 0.120000 4.899649 0.120000 7.750150 0.120000 8.179142 0.120000 6.100124 0.120000 6.724919 0.120000 1.966936 0.120000 2.004016 0.120000
7.168870 0.120000 6.933396 0.120000 5.287891 0.120000 4.678290 0.120000 7.074218 0.120000 7.897780 0.120000 6.206937 0.120000 6.675088 0.120000 1.697712 0.120000 2.337042 0.120000
7.199696 0.120000 7.172878 0.120000 5.556487 0.600000 5.656866 0.120000 7.441277 0.120000 7.458160 0.120000 6.360248 0.120000 6.692528 0.120000 2.495264 0.600000 2.092048 0.120000
7.234682 0.120000 6.659884 0.120000 5.641617 0.120000 5.208177 0.120000 7.151177 0.120000 7.652938 0.120000 6.190717 0.120000 6.023977 0.120000 1.631655 0.120000 2.143943 0.600000
6.744589 0.120000 6.263263 0.120000 6.150044 0.120000 5.640687 0.120000 7.299573 0.120000 7.798119 0.120000 5.502949 0.120000 6.237895 0.120000 2.082632 0.120000 2.032876 0.600000
7.197168 0.120000 6.827012 0.120000 5.871942 0.120000 6.062546 0.120000 6.734271 0.120000 7.259231 0.120000 6.323711 0.120000 5.979034 0.120000 1.954121 0.120000 1.489600 0.120000
7.199648 0.120000 6.859310 0.120000 6.086683 0.600000 5.552509 0.120000 7.231751 0.120000 7.051876 0.120000 5.756697 0.120000 5.953775 0.120000 2.080309 0.600000 1.674692 0.120000
7.741397 0.120000 6.848936 0.120000 5.983939 0.120000 5.938236 0.120000 6.998796 0.120000 6.915531 0.600000 5.985299 0.120000 5.955538 0.120000 1.494291 0.120000 1.505681 0.120000
6.968922 0.120000 7.756826 0.120000 6.618681 0.120000 6.107478 0.120000 6.940805 0.120000 6.558473 0.120000 5.293414 0.120000 5.952277 0.600000 1.931874 0.120000 1.398523 0.120000
7.225565 0.120000 7.046298 0.600000 5.744116 0.120000 5.958882 0.120000 7.583660 0.600000 6.740082 0.120000 5.550797 0.120000 5.409990 0.120000 2.035153 0.120000 2.037505 0.120000
8.002569 0.600000 7.529648 0.120000 6.338921 0.120000 6.236697 0.120000 7.535329 0.600000 6.930849 0.120000 5.424865 0.120000 4.819491 0.120000 1.878013 0.120000 2.043266 0.120000
8.151518 0.120000 7.666396 0.600000 6.293018 0.120000 6.854106 0.120000 6.940161 0.120000 6.909330 0.120000 5.193369 0.600000 5.125468 0.120000 1.993974 0.120000 1.622203 0.120000
7.823094 0.120000 8.349631 0.600000 6.246800 0.120000 6.516997 0.120000 6.490402 0.120000 6.937036 0.120000 5.589373 0.600000 5.203680 0.120000 2.028139 0.120000 1.842563 0.120000
7.469243 0.120000 7.722121 0.120000 6.183378 0.120000 6.430863 0.120000 7.174158 0.600000 6.812007 0.120000 5.019709 0.120000 5.540184 0.120000 1.665606 0.120000 2.158688 0.120000
8.068805 0.120000 7.704988 0.120000 6.636499 0.120000 6.049281 0.120000 6.457752 0.120000 7.023025 0.120000 5.365609 0.120000 4.925539 0.120000 1.850667 0.120000 2.230975 0.120000
8.253668 0.120000 8.078321 0.120000 6.509833 0.120000 6.172666 0.120000 6.660752 0.600000 6.251719 0.120000 4.824878 0.120000 4.958817 0.120000 2.484217 0.120000 2.082121 0.120000
7.999300 0.120000 7.912091 0.120000 6.875641 0.120000 6.583434 0.120000 6.654315 0.120000 6.488828 0.120000 4.780217 0.120000 4.542381 0.120000 2.587202 0.120000 2.461944 0.600000
8.274081 0.120000 7.448124 0.120000 7.497963 0.120000 7.175933 0.120000 7.000825 0.120000 6.741999 0.120000 5.027183 0.120000 4.700290 0.120000 2.510414 0.120000 2.632834 0.120000
8.454281 0.120000 8.151467 0.120000 6.533364 0.600000 7.144005 0.120000 6.106408 0.120000 6.327998 0.120000 4.962742 0.120000 4.036102 0.120000 2.993886 0.600000 2.569010 0.120000
8.169726 0.120000 8.074686 0.120000 7.207485 0.120000 6.940221 0.120000 6.341257 0.120000 5.650152 0.120000 4.284901 0.120000 4.751749 0.120000 2.444975 0.120000 2.740645 0.120000
8.732285 0.120000 9.160718 0.600000 7.150473 0.120000 7.755622 0.600000 6.184844 0.600000 5.877773 0.120000 4.695893 0.120000 4.941559 0.120000 2.893852 0.600000 2.434240 0.120000
8.286591 0.120000 8.079290 0.120000 7.931885 0.120000 7.393770 0.120000 5.754371 0.120000 6.573951 0.120000 4.457834 0.120000 4.512216 0.120000 3.194861 0.600000 2.816332 0.120000
8.432988 0.120000 8.424373 0.120000 7.975715 0.120000 7.427076 0.120000 6.345812 0.120000 6.087507 0.120000 4.423450 0.120000 4.904638 0.120000 3.237887 0.120000 3.110602 0.120000
8.749952 0.120000 8.629966 0.120000 7.779479 0.120000 7.618916 0.120000 6.634075 0.120000 6.021301 0.120000 3.958004 0.120000 4.841812 0.120000 2.957249 0.120000 3.449951 0.600000
8.712186 0.120000 9.017009 0.600000 7.834475 0.120000 7.334237 0.120000 6.225765 0.120000 6.112650 0.120000 4.428524 0.120000 4.332054 0.120000 3.044478 0.120000 3.507129 0.120000
9.272651 0.120000 8.861742 0.600000 8.099893 0.120000 7.554685 0.120000 5.768024 0.120000 5.731252 0.120000 4.093849 0.120000 4.117330 0.120000 3.523306 0.120000 2.849435 0.120000
8.603174 0.120000 9.067855 0.120000 7.957783 0.120000 7.654329 0.600000 6.435134 0.120000 6.000514 0.120000 4.267001 0.120000 4.452797 0.120000 3.378861 0.600000 3.658579 0.600000
8.761805 0.120000 8.918164 0.120000 8.416381 0.120000 8.367610 0.600000 6.230362 0.120000 6.461988 0.120000 3.828765 0.120000 4.099345 0.120000 3.341137 0.120000 3.031432 0.120000
8.695635 0.120000 8.580790 0.600000 7.538380 0.120000 7.656591 0.120000 6.372077 0.120000 5.747469 0.120000 3.862718 0.120000 4.566978 0.120000 3.805394 0.120000 3.152354 0.120000
9.204399 0.120000 10.294449 0.600000 8.192205 0.120000 7.756711 0.120000 6.061303 0.120000 6.196888 0.120000 3.959385 0.120000 4.328306 0.120000 3.735102 0.120000 3.852005 0.120000
9.208259 0.120000 9.257367 0.120000 8.125765 0.120000 8.251325 0.120000 5.865086 0.120000 6.295445 0.120000 3.854974 0.120000 4.508471 0.120000 3.857677 0.600000 3.351893 0.120000
8.738578 0.120000 9.223026 0.120000 8.102716 0.600000 7.949531 0.120000 5.821072 0.600000 6.485495 0.120000 3.656414 0.120000 4.097294 0.120000 3.529718 0.120000 3.441374 0.120000
9.461530 0.120000 9.205264 0.120000 8.129586 0.120000 8.154778 0.120000 6.014913 0.120000 5.850370 0.120000 4.239125 0.120000 4.187558 0.120000 3.993565 0.120000 4.148838 0.600000
9.037960 0.120000 9.053068 0.120000 8.089277 0.120000 8.381943 0.120000 5.695988 0.120000 5.877015 0.120000 3.868299 0.120000 4.074358 0.120000 4.117157 0.120000 3.399025 0.120000
9.548620 0.120000 8.943466 0.120000 8.487327 0.120000 8.048798 0.120000 6.205073 0.120000 5.783004 0.120000 4.173493 0.120000 3.857382 0.120000 4.136946 0.120000 4.042261 0.120000
9.720471 0.120000 9.730591 0.120000 8.164251 0.600000 8.125796 0.120000 6.094256 0.120000 6.161779 0.120000 4.193072 0.120000 4.097346 0.120000 3.652624 0.600000 3.615160 0.120000
9.866840 0.120000 9.756164 0.120000 8.238627 0.120000 8.303649 0.120000 6.501939 0.120000 6.058995 0.120000 3.757120 0.120000 3.605878 0.120000 3.995408 0.120000 3.602766 0.120000
9.495980 0.120000 9.616016 0.120000 8.383826 0.120000 8.058826 0.120000 6.237912 0.120000 6.152297 0.120000 3.508035 0.120000 3.855824 0.120000 3.797071 0.120000 4.239284 0.120000
10.206850 0.120000 9.684431 0.600000 8.347446 0.120000 8.371736 0.120000 6.788046 0.120000 6.238128 0.120000 3.518577 0.120000 4.260557 0.600000 4.132508 0.120000 4.059304 0.120000
9.865034 0.120000 9.315058 0.120000 8.148012 0.120000 8.425078 0.120000 6.707707 0.120000 6.826396 0.120000 3.620206 0.120000 4.540069 0.600000 4.286092 0.120000 3.821171 0.120000
9.681936 0.120000 9.614867 0.120000 8.286504 0.120000 8.158986 0.120000 7.353350 0.600000 6.255753 0.120000 3.252306 0.120000 3.348391 0.120000 4.319479 0.120000 3.926542 0.120000
11.084366 0.600000 9.831341 0.120000 7.933796 0.120000 8.054139 0.120000 7.039087 0.120000 6.808809 0.120000 3.246214 0.120000 3.099886 0.120000 4.452921 0.120000 4.618109 0.600000
9.907887 0.120000 10.172399 0.120000 7.834651 0.120000 8.471336 0.120000 6.920880 0.120000 6.696720 0.120000 3.184466 0.120000 3.441362 0.120000 4.718332 0.120000 4.415455 0.120000
9.947665 0.120000 9.946605 0.120000 9.235725 0.600000 8.147086 0.120000 7.065028 0.120000 6.722693 0.120000 2.214224 0.120000 3.424723 0.120000 4.398210 0.600000 4.407499 0.120000
11.121082 0.600000 9.880490 0.120000 8.077892 0.120000 8.070925 0.600000 7.215056 0.120000 6.844810 0.120000 3.108495 0.120000 2.377175 0.120000 4.368470 0.120000 4.172640 0.120000
10.181595 0.120000 9.936565 0.120000 8.211942 0.120000 7.934019 0.120000 7.067148 0.120000 7.176696 0.120000 2.449484 0.120000 2.966100 0.120000 4.258062 0.120000 4.592107 0.120000
10.437701 0.120000 10.150008 0.120000 8.097068 0.120000 8.054302 0.120000 7.129689 0.120000 7.134941 0.120000 2.629413 0.120000 2.672912 0.120000 4.977314 0.120000 4.429908 0.120000
10.603778 0.600000 10.152404 0.120000 7.876200 0.120000 7.937034 0.120000 7.733987 0.120000 7.247445 0.120000 1.836248 0.120000 2.896907 0.120000 5.002078 0.120000 4.826256 0.120000
10.478971 0.600000 10.561206 0.120000 9.101145 0.600000 8.133618 0.120000 7.545214 0.120000 7.074117 0.120000 2.748981 0.120000 2.483950 0.120000 4.684013 0.120000 4.352035 0.120000
10.636068 0.120000 10.788883 0.120000 7.886851 0.120000 7.989029 0.120000 7.394484 0.120000 6.854299 0.600000 2.221595 0.120000 3.151056 0.120000 4.691772 0.120000 4.446538 0.120000
10.568805 0.120000 10.221076 0.120000 7.423610 0.120000 8.062701 0.120000 7.556221 0.120000 7.512898 0.120000 2.549495 0.120000 3.224439 0.600000 4.476047 0.120000 4.845804 0.120000
10.609065 0.120000 10.360244 0.600000 8.133936 0.120000 7.876695 0.120000 7.824205 0.120000 7.432231 0.120000 2.784250 0.120000 1.831227 0.120000 4.477037 0.120000 4.956377 0.120000
10.667215 0.120000 9.936548 0.120000 7.880187 0.600000 7.858235 0.120000 7.929267 0.120000 7.854558 0.120000 2.204993 0.120000 2.426373 0.120000 5.013630 0.120000 4.648834 0.120000
10.258487 0.120000 10.614904 0.120000 7.635056 0.120000 7.977359 0.120000 7.200433 0.120000 7.151928 0.120000 2.624074 0.120000 3.237600 0.600000 4.661945 0.120000 4.873670 0.120000
10.317590 0.120000 10.694064 0.120000 7.754729 0.120000 7.840458 0.600000 7.850935 0.120000 7.613290 0.120000 2.821686 0.120000 2.448550 0.120000 5.093733 0.120000 4.732474 0.120000
10.355899 0.120000 11.060773 0.120000 7.860854 0.120000 7.807931 0.120000 7.710220 0.120000 7.307887 0.120000 2.586399 0.120000 2.174548 0.120000 4.517140 0.120000 5.598842 0.600000
10.647727 0.120000 10.123441 0.120000 7.548288 0.120000 7.413071 0.120000 8.020838 0.120000 7.909487 0.120000 2.896358 0.120000 2.177865 0.120000 4.444187 0.120000 5.155800 0.120000
10.410932 0.120000 10.540067 0.120000 7.701852 0.120000 7.383355 0.120000 8.150734 0.120000 7.996600 0.120000 3.076926 0.120000 2.526730 0.600000 4.623516 0.120000 4.671258 0.120000
9.914804 0.120000 10.560101 0.120000 7.289504 0.600000 7.260284 0.120000 7.579634 0.120000 7.582532 0.120000 2.698148 0.120000 2.306947 0.600000 4.710759 0.120000 4.236811 0.120000
10.425444 0.600000 10.752894 0.120000 7.071560 0.120000 7.790529 0.120000 7.557937 0.600000 7.558761 0.120000 2.367245 0.120000 2.520907 0.120000 4.628216 0.120000 4.678370 0.120000
9.887723 0.120000 10.592815 0.600000 6.674575 0.120000 7.567754 0.120000 8.136723 0.600000 7.819455 0.120000 2.529583 0.120000 3.040017 0.120000 4.466166 0.120000 4.681111 0.120000
9.880643 0.120000 10.752739 0.120000 6.453313 0.600000 6.933913 0.120000 7.762507 0.120000 8.273782 0.600000 3.242746 0.600000 2.447400 0.120000 4.243767 0.120000 4.479855 0.120000
10.073921 0.120000 9.791376 0.120000 6.872050 0.120000 6.968669 0.120000 7.926799 0.600000 8.063539 0.120000 3.385177 0.120000 2.709712 0.120000 4.484108 0.120000 4.574702 0.120000
9.653538 0.120000 9.919853 0.120000 6.399209 0.120000 7.252614 0.120000 8.206742 0.120000 7.818677 0.120000 3.389039 0.120000 2.903540 0.120000 3.783740 0.120000 4.080585 0.120000
9.712171 0.120000 9.973157 0.120000 6.997279 0.120000 7.918392 0.600000 8.385836 0.120000 7.898966 0.120000 3.651053 0.120000 2.893354 0.120000 3.686766 0.120000 4.222592 0.120000
9.732893 0.120000 10.046732 0.120000 6.174480 0.120000 7.039073 0.120000 8.159916 0.120000 8.063671 0.120000 3.385536 0.120000 2.893797 0.120000 4.054205 0.120000 3.775875 0.120000
9.515191 0.120000 9.540683 0.120000 6.243193 0.120000 6.635611 0.120000 8.012373 0.120000 8.605437 0.120000 3.507443 0.120000 3.416406 0.120000 3.773378 0.120000 4.143324 0.120000
9.678554 0.120000 9.647524 0.120000 6.349036 0.120000 6.642656 0.120000 7.978633 0.120000 8.340596 0.120000 3.487769 0.120000 2.990315 0.120000 3.986347 0.120000 4.182283 0.120000
9.839785 0.120000 9.422744 0.120000 5.862951 0.120000 6.367934 0.120000 8.302002 0.120000 8.367771 0.120000 3.890860 0.120000 3.387095 0.120000 4.095596 0.120000 4.242455 0.120000
8.882265 0.120000 9.431471 0.120000 5.985828 0.600000 6.049461 0.120000 8.031311 0.120000 8.653419 0.120000 3.823778 0.120000 4.361560 0.600000 4.344657 0.120000 4.051946 0.120000
9.308172 0.600000 9.240775 0.120000 5.645624 0.120000 6.301570 0.120000 8.598448 0.120000 8.220794 0.120000 4.373765 0.120000 3.372062 0.120000 4.352720 0.600000 3.908881 0.120000
9.386199 0.120000 9.197092 0.120000 5.731347 0.600000 6.687102 0.600000 9.328419 0.600000 7.686578 0.120000 3.912322 0.120000 4.278692 0.120000 3.927648 0.120000 3.546680 0.120000
9.082164 0.120000 9.099868 0.600000 5.900079 0.120000 6.025866 0.120000 9.724603 0.600000 8.380929 0.120000 4.042111 0.120000 3.590583 0.120000 3.412536 0.120000 3.633220 0.120000
8.940472 0.120000 9.286759 0.120000 5.217746 0.120000 5.919557 0.120000 8.500571 0.120000 8.521415 0.120000 3.787065 0.120000 4.385268 0.120000 4.016436 0.120000 3.840842 0.120000
9.433614 0.120000 9.075147 0.120000 5.345691 0.600000 5.663174 0.120000 8.944828 0.120000 8.442110 0.120000 4.671744 0.120000 4.487661 0.600000 3.489300 0.120000 4.005375 0.120000
9.006963 0.120000 9.542261 0.600000 4.700791 0.120000 5.287873 0.120000 8.473968 0.120000 8.568445 0.120000 4.480323 0.120000 5.566067 0.600000 3.013094 0.120000 3.510118 0.120000
8.693485 0.120000 9.221225 0.120000 5.182152 0.120000 4.995426 0.120000 8.978345 0.120000 9.032972 0.600000 4.489046 0.120000 4.816061 0.120000 4.355026 0.600000 3.823267 0.120000
8.779304 0.120000 9.011141 0.120000 4.734295 0.120000 5.050015 0.120000 8.409177 0.120000 8.745359 0.120000 4.359819 0.120000 4.714881 0.120000 4.340176 0.120000 3.554559 0.120000
8.503333 0.120000 8.879260 0.120000 4.616536 0.120000 4.846511 0.120000 8.406839 0.120000 9.283055 0.120000 5.416689 0.120000 5.282057 0.120000 4.370095 0.120000 4.811035 0.600000
8.391438 0.120000 9.029253 0.120000 4.719459 0.120000 5.123659 0.600000 8.954114 0.120000 9.028612 0.120000 5.020319 0.120000 5.048900 0.120000 3.773485 0.120000 3.825561 0.120000
8.674545 0.120000 8.820728 0.120000 4.218709 0.120000 4.652870 0.120000 9.364776 0.600000 9.921096 0.600000 5.582018 0.120000 4.932152 0.120000 4.031243 0.120000 3.756835 0.120000
9.052593 0.120000 8.581823 0.120000 4.429464 0.120000 4.587279 0.120000 9.543078 0.600000 9.485848 0.120000 5.502127 0.120000 5.091336 0.120000 3.720535 0.120000 3.310856 0.120000
8.168266 0.120000 8.544443 0.120000 4.553346 0.120000 4.420963 0.120000 9.475666 0.120000 8.671815 0.120000 5.554440 0.120000 5.424209 0.600000 3.552478 0.120000 3.843631 0.120000
9.320546 0.600000 8.732313 0.120000 3.925603 0.120000 4.197453 0.120000 9.326688 0.120000 9.235729 0.120000 5.840129 0.120000 5.507144 0.120000 4.175809 0.600000 4.077172 0.120000
8.729984 0.120000 8.371095 0.120000 4.000585 0.120000 4.066340 0.120000 9.190793 0.120000 9.373404 0.120000 5.548398 0.120000 5.658992 0.120000 3.938735 0.600000 4.149709 0.120000
8.506169 0.120000 8.385703 0.120000 4.143487 0.120000 3.841680 0.120000 9.603853 0.120000 10.069396 0.600000 5.670915 0.120000 5.131792 0.120000 3.703669 0.120000 3.824222 0.120000
8.525968 0.120000 8.359306 0.120000 3.934852 0.120000 4.124222 0.120000 9.751830 0.120000 9.483440 0.120000 5.907726 0.120000 5.773542 0.120000 4.045966 0.120000 3.594785 0.120000
8.401494 0.120000 8.514980 0.120000 3.583077 0.120000 4.219222 0.120000 9.065103 0.120000 9.268087 0.120000 6.221104 0.120000 5.752226 0.120000 4.504568 0.120000 4.240741 0.120000
8.307266 0.120000 9.042878 0.600000 3.695725 0.120000 3.581492 0.120000 9.954763 0.120000 9.598270 0.600000 6.188770 0.120000 6.009323 0.120000 4.188906 0.120000 3.944033 0.120000
8.531284 0.120000 8.295991 0.120000 3.505628 0.120000 3.712047 0.120000 9.936325 0.120000 9.594695 0.120000 6.630501 0.120000 6.118041 0.120000 3.398875 0.120000 3.500403 0.120000
8.365885 0.120000 7.810157 0.120000 3.774935 0.120000 3.928934 0.120000 9.895705 0.120000 10.044012 0.120000 6.713692 0.120000 6.376112 0.120000 4.110411 0.600000 4.100701 0.120000
8.258764 0.120000 8.221065 0.120000 3.157501 0.120000 3.996047 0.120000 10.134519 0.120000 9.184063 0.120000 6.373330 0.120000 5.972166 0.120000 4.178890 0.120000 3.980701 0.120000
8.344959 0.120000 8.196445 0.120000 3.444695 0.120000 3.547634 0.120000 10.158252 0.120000 9.851269 0.120000 6.593395 0.120000 6.492242 0.120000 4.239930 0.600000 4.063078 0.120000
8.444749 0.120000 7.798314 0.120000 3.094904 0.120000 3.441457 0.120000 10.002701 0.600000 9.702691 0.120000 6.703770 0.120000 6.877274 0.120000 4.691978 0.600000 4.295850 0.120000
7.900775 0.120000 8.669245 0.120000 3.052591 0.120000 3.366797 0.120000 9.849494 0.120000 10.300960 0.600000 6.934760 0.120000 6.566096 0.120000 4.686970 0.120000 4.200923 0.120000
8.140752 0.120000 8.172580 0.120000 2.675767 0.120000 2.862255 0.120000 9.978691 0.120000 9.759386 0.120000 6.719967 0.120000 6.876614 0.120000 4.471575 0.120000 4.128438 0.120000
7.846494 0.120000 8.035586 0.120000 2.438344 0.120000 3.110490 0.120000 10.071862 0.120000 10.241700 0.120000 7.042552 0.120000 6.684107 0.120000 4.647334 0.120000 4.045936 0.600000
7.570110 0.120000 8.085338 0.120000 3.091809 0.120000 3.156366 0.120000 10.197152 0.120000 10.188190 0.120000 7.437114 0.120000 7.475517 0.120000 4.805879 0.120000 4.282307 0.120000
7.786913 0.120000 8.223451 0.120000 2.429539 0.120000 2.961047 0.120000 10.294474 0.120000 10.543173 0.120000 7.290903 0.120000 7.340719 0.600000 4.990603 0.120000 4.787759 0.600000
8.151589 0.120000 8.020570 0.120000 2.115288 0.120000 2.760989 0.120000 10.517422 0.600000 10.267542 0.120000 7.588191 0.120000 6.754563 0.120000 5.014551 0.120000 4.046739 0.120000
7.675402 0.120000 8.002383 0.120000 2.298967 0.120000 2.968003 0.120000 10.797453 0.120000 10.066921 0.120000 7.674527 0.600000 7.278595 0.120000 4.906106 0.120000 4.797360 0.120000
8.187246 0.120000 8.059379 0.120000 2.687997 0.120000 2.807238 0.120000 10.609574 0.120000 10.400660 0.120000 8.287216 0.120000 7.402661 0.120000 4.436530 0.120000 4.925659 0.120000
7.715926 0.120000 7.555764 0.120000 2.703611 0.120000 2.829304 0.120000 10.445131 0.120000 10.300090 0.120000 7.256122 0.120000 7.708526 0.120000 4.849019 0.120000 4.511348 0.120000
