1.450956 0.030000 7.080893 0.030000 9.876872 0.030000 7.043314 0.030000
1.538705 0.030000 7.094406 0.030000 9.833150 0.030000 6.976884 0.030000
1.590747 0.030000 7.062240 0.030000 9.694821 0.030000 6.846688 0.030000
1.726268 0.030000 7.059894 0.030000 9.610935 0.030000 6.682989 0.030000
1.747307 0.030000 7.198663 0.030000 9.525706 0.030000 6.375517 0.150000
3.002404 0.150000 7.190860 0.030000 9.380662 0.030000 6.476337 0.030000
1.957590 0.030000 7.315880 0.150000 9.344320 0.030000 6.340914 0.030000
2.141244 0.030000 7.258779 0.030000 9.248260 0.030000 6.192623 0.030000
2.198473 0.030000 7.271727 0.030000 9.246734 0.030000 6.088917 0.030000
2.284229 0.030000 7.252202 0.030000 9.097217 0.030000 5.942333 0.030000
2.386158 0.030000 7.295962 0.030000 9.117121 0.030000 5.865555 0.030000
2.539670 0.030000 7.379221 0.030000 9.013857 0.030000 5.704295 0.030000
2.679826 0.030000 7.393293 0.030000 8.981094 0.150000 5.635336 0.030000
2.827449 0.030000 7.434244 0.030000 8.856481 0.030000 5.462527 0.030000
2.906738 0.030000 7.495755 0.030000 8.710794 0.030000 5.347421 0.030000
2.938205 0.030000 7.544153 0.030000 8.643199 0.030000 5.237570 0.030000
3.138299 0.030000 7.651309 0.030000 8.540665 0.030000 5.132055 0.030000
3.265755 0.030000 7.663235 0.030000 8.545669 0.030000 5.022978 0.030000
3.386247 0.030000 7.708607 0.030000 8.464595 0.030000 4.854108 0.030000
3.443930 0.030000 7.721536 0.030000 8.989912 0.150000 4.792160 0.030000
3.570721 0.030000 7.846078 0.030000 8.168283 0.150000 5.714576 0.150000
3.694906 0.030000 7.874513 0.030000 8.294357 0.030000 4.519846 0.030000
3.844360 0.030000 7.889496 0.030000 8.186517 0.030000 4.324704 0.030000
3.951287 0.030000 8.007202 0.030000 8.155904 0.030000 4.296739 0.030000
4.064227 0.030000 8.043125 0.030000 8.077713 0.030000 4.526903 0.150000
4.198951 0.030000 8.098605 0.030000 8.012709 0.030000 4.032691 0.030000
4.316708 0.030000 8.194490 0.030000 7.979979 0.030000 3.883086 0.030000
4.449706 0.030000 8.262432 0.030000 8.122323 0.150000 3.799718 0.030000
4.606308 0.030000 8.316234 0.030000 7.856355 0.030000 3.591003 0.030000
4.777416 0.030000 9.113810 0.150000 7.775917 0.030000 3.568638 0.030000
4.810833 0.030000 8.443374 0.030000 7.767298 0.030000 3.430418 0.030000
4.883082 0.030000 8.307947 0.150000 7.658310 0.030000 3.284859 0.150000
5.040389 0.030000 8.550457 0.030000 7.983830 0.150000 3.196794 0.030000
5.192880 0.030000 8.634281 0.030000 7.989464 0.150000 3.057839 0.030000
5.236726 0.030000 8.744102 0.030000 7.525924 0.030000 2.992151 0.030000
5.402938 0.030000 8.804624 0.030000 7.496272 0.030000 2.891427 0.030000
5.534931 0.030000 9.003970 0.150000 7.475502 0.030000 2.666112 0.030000
5.692115 0.150000 8.956465 0.030000 7.354745 0.030000 2.581316 0.030000
5.786207 0.030000 9.049275 0.030000 7.373028 0.030000 2.482181 0.030000
5.890769 0.030000 9.148295 0.030000 7.306147 0.030000 2.345839 0.030000
6.006511 0.030000 9.228944 0.030000 7.352817 0.030000 2.998191 0.150000
6.129248 0.030000 9.259592 0.030000 7.245503 0.030000 2.119001 0.030000
6.260621 0.030000 9.312780 0.030000 7.804661 0.150000 2.021450 0.030000
6.326505 0.030000 9.432820 0.030000 7.233618 0.030000 2.872868 0.150000
6.412152 0.030000 9.465353 0.030000 7.218984 0.030000 1.932342 0.030000
6.468856 0.030000 9.522816 0.030000 7.180924 0.030000 1.801805 0.030000
6.596133 0.030000 9.594865 0.030000 7.660741 0.150000 1.760590 0.030000
6.594361 0.030000 9.691952 0.030000 7.176826 0.030000 1.746268 0.030000
7.275506 0.150000 9.647453 0.030000 7.126319 0.030000 1.675195 0.030000
6.725836 0.030000 9.635108 0.030000 7.182203 0.030000 1.640477 0.030000
6.790358 0.030000 9.739530 0.030000 7.162017 0.030000 1.654481 0.030000
6.769984 0.030000 9.733056 0.030000 7.112010 0.030000 1.624045 0.030000
6.848346 0.030000 9.726202 0.030000 7.048838 0.030000 1.565869 0.030000
6.923115 0.030000 9.703151 0.030000 7.030341 0.030000 1.563108 0.030000
7.001836 0.030000 9.694323 0.030000 6.896106 0.030000 1.666580 0.030000
7.175915 0.150000 9.663482 0.030000 6.760348 0.030000 1.707393 0.030000
7.066828 0.030000 10.079856 0.150000 6.660452 0.030000 1.837658 0.030000
7.130306 0.030000 9.481382 0.150000 6.533125 0.030000 1.881881 0.030000
7.122460 0.030000 9.402534 0.030000 6.428107 0.030000 1.968495 0.030000
7.149298 0.030000 9.323760 0.030000 6.486602 0.150000 2.111453 0.030000
7.220439 0.030000 9.248475 0.030000 6.163498 0.030000 3.405799 0.150000
7.229249 0.030000 9.146010 0.030000 5.977854 0.030000 2.329386 0.030000
7.247325 0.030000 9.096455 0.030000 5.870835 0.030000 2.404528 0.030000
7.361588 0.030000 9.174566 0.150000 5.825286 0.030000 2.501423 0.030000
7.337509 0.030000 8.992119 0.030000 5.728161 0.030000 2.548536 0.030000
7.403615 0.030000 8.921256 0.030000 5.626423 0.030000 2.643550 0.030000
7.391022 0.030000 8.910907 0.030000 5.561408 0.030000 2.694861 0.030000
7.414862 0.030000 8.899924 0.030000 5.545944 0.030000 2.753912 0.030000
7.448991 0.030000 8.780458 0.030000 5.454625 0.030000 2.846168 0.030000
7.409537 0.030000 8.791107 0.030000 5.390679 0.030000 2.881485 0.030000
7.465761 0.030000 8.731792 0.030000 5.428704 0.030000 2.902975 0.030000
7.488253 0.030000 8.793957 0.030000 5.335273 0.030000 2.936070 0.030000
7.472615 0.030000 8.660327 0.030000 5.405410 0.150000 2.972460 0.030000
7.382767 0.030000 8.653936 0.030000 5.245687 0.030000 3.067147 0.030000
7.416660 0.030000 8.525581 0.030000 5.266301 0.030000 3.137203 0.030000
7.268602 0.030000 8.399962 0.030000 5.247970 0.030000 3.148937 0.030000
7.182171 0.030000 8.341731 0.150000 5.327601 0.030000 3.332088 0.030000
7.045054 0.030000 8.218479 0.030000 5.331633 0.030000 3.352844 0.030000
6.927582 0.030000 8.140260 0.030000 5.317821 0.030000 3.391519 0.030000
6.876774 0.030000 7.999437 0.030000 5.391454 0.030000 3.549618 0.030000
6.721269 0.030000 7.897079 0.030000 5.456784 0.030000 3.536028 0.030000
6.605036 0.030000 7.775660 0.030000 5.453332 0.030000 3.587077 0.030000
6.523322 0.030000 7.711150 0.030000 5.515753 0.030000 3.687604 0.030000
6.355301 0.030000 7.613214 0.150000 5.530212 0.030000 3.768750 0.030000
6.214130 0.030000 7.530048 0.030000 5.614565 0.030000 3.836548 0.030000
6.206185 0.030000 7.479798 0.030000 5.591751 0.150000 3.921309 0.030000
6.069378 0.030000 7.293069 0.030000 5.748508 0.030000 3.954057 0.030000
5.966480 0.030000 7.193689 0.030000 5.818639 0.030000 4.097204 0.030000
5.840899 0.030000 7.177387 0.030000 5.775689 0.030000 5.124205 0.150000
5.680487 0.030000 7.059132 0.030000 5.867067 0.030000 4.247097 0.030000
5.654414 0.030000 7.240846 0.150000 5.985393 0.030000 4.400107 0.030000
5.493724 0.030000 6.833557 0.030000 6.049141 0.030000 4.468523 0.150000
5.398280 0.030000 6.763656 0.030000 6.092749 0.030000 4.538459 0.030000
5.320273 0.030000 6.726155 0.030000 6.201899 0.030000 4.690702 0.030000
5.212299 0.030000 6.610583 0.030000 6.246155 0.030000 4.741041 0.030000
5.131863 0.030000 6.962024 0.150000 6.634416 0.150000 4.824628 0.030000
5.042503 0.030000 6.459534 0.030000 6.369233 0.030000 4.986436 0.030000
4.950483 0.030000 7.212775 0.150000 6.556184 0.030000 4.981536 0.030000
4.827102 0.030000 6.315981 0.030000 6.528642 0.030000 5.167938 0.030000
4.757517 0.030000 6.272691 0.030000 6.634006 0.030000 5.222906 0.030000
4.648329 0.030000 6.145483 0.030000 6.710649 0.030000 5.330481 0.030000
4.531245 0.030000 6.056666 0.030000 6.793482 0.030000 5.434499 0.030000
4.434091 0.030000 6.007415 0.030000 6.825347 0.030000 5.594558 0.030000
4.504909 0.150000 6.427762 0.150000 6.953051 0.030000 5.688338 0.030000
4.291768 0.030000 5.921130 0.030000 7.079819 0.030000 5.802415 0.030000
4.164369 0.030000 5.868240 0.030000 7.103868 0.030000 5.854801 0.030000
4.095230 0.030000 5.770640 0.030000 7.218342 0.030000 6.004699 0.030000
3.996682 0.030000 5.627205 0.030000 7.307631 0.030000 6.089644 0.030000
3.871910 0.150000 5.620663 0.030000 7.398433 0.030000 6.208839 0.030000
3.849655 0.030000 5.553926 0.030000 7.508572 0.030000 6.312055 0.030000
3.846173 0.030000 5.525766 0.030000 7.531381 0.030000 6.373574 0.030000
3.747079 0.030000 5.715472 0.150000 7.707920 0.030000 6.572958 0.030000
3.643517 0.030000 5.396033 0.030000 7.695237 0.030000 6.671854 0.030000
3.571283 0.030000 5.334377 0.030000 7.871226 0.030000 6.776443 0.030000
3.485374 0.030000 5.360322 0.030000 7.937058 0.030000 6.905399 0.030000
3.449712 0.030000 5.261450 0.030000 8.018724 0.030000 6.952362 0.030000
3.416541 0.030000 5.262383 0.030000 8.036084 0.030000 7.443991 0.150000
3.406259 0.030000 5.230321 0.030000 8.155403 0.030000 7.094007 0.030000
3.432857 0.030000 5.237432 0.030000 8.203661 0.030000 7.184139 0.030000
3.331625 0.030000 5.204856 0.030000 8.254542 0.030000 7.240184 0.030000
3.299712 0.030000 5.149573 0.030000 8.183564 0.150000 7.208054 0.030000
3.305828 0.030000 5.224173 0.150000 8.360532 0.030000 7.321827 0.030000
3.366158 0.030000 5.197169 0.030000 8.375905 0.030000 7.322660 0.030000
3.258756 0.030000 5.134483 0.150000 8.391362 0.030000 7.387980 0.030000
3.334271 0.030000 5.074246 0.030000 8.425898 0.030000 7.647192 0.150000
3.323649 0.030000 4.985675 0.030000 8.438970 0.030000 7.538236 0.030000
3.452122 0.030000 5.075432 0.150000 8.356074 0.030000 7.588237 0.030000
3.501205 0.030000 4.769114 0.030000 8.327599 0.150000 7.651605 0.030000
3.684773 0.030000 4.672676 0.030000 8.237365 0.030000 7.799630 0.030000
3.760538 0.030000 4.479546 0.030000 8.257204 0.030000 7.814492 0.030000
4.625877 0.150000 4.431832 0.030000 8.078247 0.150000 7.901492 0.030000
4.001812 0.030000 4.256249 0.030000 8.088816 0.030000 7.965705 0.030000
4.091285 0.030000 4.127183 0.030000 8.062076 0.030000 8.026298 0.030000
4.342834 0.150000 4.044174 0.030000 7.933750 0.030000 8.126787 0.030000
4.311134 0.030000 3.973190 0.030000 7.898938 0.030000 8.139314 0.030000
4.264688 0.150000 3.879129 0.030000 7.942972 0.030000 8.164250 0.030000
4.484942 0.030000 3.768899 0.030000 7.862489 0.030000 8.221520 0.030000
4.607227 0.030000 3.633340 0.030000 7.867163 0.030000 8.331340 0.030000
4.659087 0.030000 3.608787 0.030000 7.759143 0.030000 8.347187 0.030000
4.664966 0.030000 3.575364 0.030000 7.847206 0.150000 8.338724 0.030000
4.587909 0.150000 3.472240 0.030000 7.721533 0.030000 8.364952 0.030000
4.789732 0.030000 3.467578 0.030000 7.702977 0.030000 8.417002 0.030000
4.836464 0.030000 3.690006 0.150000 7.705603 0.030000 8.428028 0.030000
4.798649 0.030000 3.406226 0.030000 7.666343 0.030000 8.401310 0.030000
4.961297 0.030000 3.369974 0.030000 7.668116 0.030000 8.441453 0.030000
4.982807 0.030000 3.511351 0.150000 7.539476 0.030000 8.410777 0.030000
5.034061 0.030000 3.312972 0.030000 7.405165 0.030000 8.324175 0.030000
5.084684 0.030000 3.376622 0.030000 7.900879 0.150000 8.291682 0.030000
5.159907 0.030000 3.427866 0.030000 7.243608 0.030000 8.186597 0.030000
5.549429 0.150000 3.503110 0.030000 7.098749 0.030000 8.086423 0.030000
5.233637 0.030000 3.544641 0.030000 6.968592 0.030000 8.021496 0.030000
5.238267 0.030000 3.808621 0.150000 6.870681 0.030000 7.910474 0.030000
6.016551 0.150000 3.610699 0.030000 6.736158 0.030000 7.777288 0.030000
5.349854 0.030000 3.783261 0.030000 6.594313 0.030000 7.709165 0.030000
5.423424 0.030000 3.680328 0.030000 6.599111 0.030000 7.610404 0.030000
5.412932 0.030000 3.896702 0.030000 6.441643 0.030000 7.474790 0.030000
5.509961 0.030000 3.961298 0.030000 6.345754 0.030000 7.460844 0.030000
5.522966 0.030000 3.975803 0.030000 6.202667 0.030000 7.436631 0.030000
5.640918 0.030000 4.095071 0.030000 6.060720 0.030000 7.237208 0.030000
5.655831 0.030000 4.171795 0.030000 5.944674 0.030000 7.091937 0.030000
5.782255 0.030000 4.310208 0.030000 5.911410 0.030000 7.089662 0.030000
5.795042 0.030000 4.309508 0.030000 5.792550 0.030000 6.934967 0.030000
5.888342 0.030000 4.432570 0.030000 5.653704 0.030000 6.825070 0.030000
5.966085 0.030000 4.515190 0.030000 5.547761 0.030000 6.838384 0.030000
6.055018 0.030000 4.577991 0.030000 7.100837 0.150000 6.704266 0.030000
6.052424 0.030000 4.671107 0.030000 5.375303 0.030000 6.652833 0.030000
6.215179 0.030000 4.813708 0.030000 5.725386 0.150000 6.591185 0.030000
6.243040 0.030000 4.888774 0.030000 5.128036 0.030000 6.489534 0.030000
6.352209 0.030000 5.013073 0.030000 5.100945 0.030000 6.393441 0.030000
6.396936 0.030000 5.059949 0.030000 5.005518 0.030000 6.289386 0.030000
6.474607 0.030000 5.198623 0.030000 4.919137 0.030000 6.226193 0.030000
6.611392 0.030000 5.283460 0.030000 4.776454 0.030000 6.178036 0.030000
6.642881 0.030000 5.375098 0.030000 4.833488 0.150000 6.125893 0.030000
6.734151 0.030000 5.450214 0.030000 4.611679 0.030000 6.087742 0.030000
6.833271 0.030000 5.616728 0.030000 4.451287 0.030000 6.876312 0.150000
6.875859 0.030000 5.658462 0.030000 4.408288 0.030000 5.909439 0.030000
6.996511 0.030000 5.837256 0.030000 4.280588 0.030000 5.849934 0.030000
7.089667 0.030000 5.924972 0.030000 4.194967 0.030000 5.745105 0.030000
7.206149 0.030000 6.016966 0.030000 4.112783 0.030000 5.697191 0.030000
7.312868 0.030000 5.982502 0.150000 4.023715 0.030000 5.664992 0.030000
7.354416 0.030000 6.207903 0.030000 3.946406 0.030000 5.615671 0.030000
7.491348 0.030000 6.730600 0.150000 3.810703 0.030000 5.529244 0.030000
7.497596 0.030000 6.425230 0.030000 3.813830 0.030000 5.486939 0.030000
7.650520 0.030000 6.565649 0.030000 3.737349 0.030000 5.459181 0.030000
7.748914 0.030000 6.651029 0.030000 3.684873 0.030000 5.342796 0.030000
7.869102 0.030000 6.768682 0.030000 3.567549 0.030000 5.333141 0.030000
7.941156 0.030000 6.879180 0.030000 3.529500 0.030000 5.335557 0.030000
8.015585 0.030000 6.970945 0.030000 3.479022 0.030000 5.296338 0.030000
8.066927 0.030000 7.039784 0.030000 3.451668 0.030000 5.246710 0.030000
8.088856 0.030000 7.089176 0.030000 3.374088 0.030000 5.273306 0.030000
8.220207 0.030000 7.196249 0.030000 3.385496 0.150000 5.272252 0.030000
8.265947 0.030000 7.193691 0.030000 3.346650 0.030000 5.204456 0.150000
8.792630 0.150000 7.225401 0.030000 3.309298 0.030000 5.158151 0.030000
8.310125 0.030000 7.268670 0.030000 3.328205 0.030000 5.194082 0.030000
8.358708 0.030000 7.344372 0.030000 3.312624 0.030000 5.167089 0.030000
9.089117 0.150000 7.357758 0.030000 3.228307 0.030000 5.212283 0.030000
8.422878 0.030000 7.393771 0.030000 3.207077 0.030000 5.195399 0.030000
8.529406 0.030000 7.345396 0.150000 3.156568 0.030000 5.279841 0.030000
8.667644 0.030000 7.375758 0.030000 3.033826 0.150000 5.406129 0.030000
8.802264 0.030000 7.383729 0.030000 3.315869 0.150000 5.455920 0.030000
8.892184 0.030000 7.372139 0.030000 2.784429 0.030000 5.567339 0.030000
8.929232 0.030000 7.296864 0.030000 2.666466 0.030000 5.687964 0.030000
8.992039 0.150000 7.284794 0.030000 2.484153 0.030000 5.868403 0.030000
9.061320 0.030000 7.271526 0.030000 2.363100 0.030000 5.980360 0.030000
9.126420 0.030000 7.277779 0.030000 2.194117 0.030000 6.063786 0.030000
9.251556 0.030000 7.249249 0.030000 2.101705 0.030000 6.181256 0.030000
9.316134 0.030000 7.220445 0.030000 2.465926 0.150000 6.316540 0.030000
9.423793 0.030000 7.177590 0.030000 1.993176 0.030000 6.376890 0.030000
9.417867 0.030000 7.209369 0.030000 1.909324 0.030000 6.490757 0.030000
9.555963 0.030000 7.145091 0.030000 1.852351 0.030000 6.539966 0.030000
9.495300 0.150000 7.084950 0.030000 1.816981 0.030000 6.609224 0.030000
9.600563 0.150000 7.160104 0.030000 1.743977 0.030000 6.686011 0.030000
9.615954 0.030000 7.115914 0.030000 1.721207 0.030000 6.985716 0.150000
10.049966 0.150000 7.166047 0.030000 1.644239 0.030000 6.797746 0.030000
9.834209 0.150000 7.080826 0.030000 1.663826 0.030000 6.741483 0.030000
9.710962 0.030000 7.146854 0.030000 1.594336 0.030000 7.021530 0.150000
9.692228 0.030000 7.076598 0.030000 1.607606 0.030000 6.843455 0.030000
9.794331 0.150000 7.233079 0.150000 1.649686 0.030000 7.116224 0.150000
9.595514 0.030000 6.881264 0.030000 1.651565 0.030000 6.991746 0.030000
9.602407 0.030000 6.719526 0.030000 1.742808 0.030000 7.012989 0.030000
9.503240 0.030000 6.578165 0.030000 1.968500 0.150000 7.043246 0.030000
9.358492 0.030000 6.449808 0.030000 1.929304 0.030000 7.061945 0.030000
9.354884 0.030000 6.362371 0.030000 2.045667 0.030000 7.146055 0.030000
9.232049 0.030000 6.234614 0.030000 2.156250 0.030000 7.182186 0.030000
9.219937 0.030000 6.093534 0.030000 2.151483 0.030000 7.155884 0.030000
9.093342 0.030000 5.954011 0.030000 2.325775 0.150000 7.228128 0.030000
8.979381 0.030000 5.821463 0.030000 2.470952 0.030000 7.310422 0.150000
9.483382 0.150000 5.744101 0.030000 2.565044 0.030000 7.314364 0.030000
8.882744 0.030000 5.625677 0.030000 2.735243 0.030000 7.389228 0.030000
8.795275 0.030000 5.523949 0.030000 3.114154 0.150000 7.416439 0.030000
8.711930 0.030000 5.104674 0.150000 3.092951 0.150000 7.425575 0.030000
8.610490 0.030000 5.269112 0.030000 3.027340 0.030000 7.489778 0.030000
8.512947 0.030000 5.083141 0.030000 3.125602 0.030000 7.533985 0.030000
8.458187 0.030000 4.988278 0.030000 3.284450 0.030000 7.594152 0.030000
8.440735 0.030000 5.221011 0.150000 3.372840 0.030000 7.679591 0.030000
8.313995 0.030000 4.770268 0.030000 3.578313 0.030000 7.801106 0.030000
8.309872 0.030000 4.965967 0.150000 3.670945 0.030000 7.759995 0.030000
8.210757 0.030000 4.518477 0.030000 3.971799 0.150000 7.822007 0.030000
8.146972 0.030000 4.411691 0.030000 3.813243 0.030000 7.865960 0.030000
8.124234 0.030000 4.284983 0.030000 4.030155 0.030000 7.928047 0.030000
8.432748 0.150000 4.136522 0.030000 4.401458 0.150000 8.678213 0.150000
7.948080 0.030000 3.998195 0.030000 4.199677 0.030000 8.047351 0.030000
7.898557 0.030000 3.945602 0.030000 4.420684 0.030000 8.298494 0.150000
7.880603 0.030000 3.762665 0.030000 5.062046 0.150000 8.208858 0.030000
8.415984 0.150000 3.611906 0.030000 4.606094 0.030000 8.297787 0.030000
7.757697 0.030000 3.594064 0.030000 4.701653 0.030000 8.403491 0.030000
7.684050 0.030000 3.454003 0.030000 4.822709 0.030000 8.399024 0.030000
7.650040 0.030000 3.319052 0.030000 4.934428 0.030000 8.492196 0.030000
7.589018 0.030000 3.192945 0.030000 5.122433 0.030000 8.605534 0.030000
7.547816 0.030000 2.998380 0.030000 5.198075 0.030000 8.633003 0.030000
7.513530 0.030000 2.945852 0.030000 5.039940 0.150000 8.711208 0.030000
7.412586 0.030000 2.815064 0.030000 5.498276 0.030000 8.791924 0.030000
7.479848 0.030000 2.714128 0.030000 5.549985 0.030000 8.879637 0.030000
7.350212 0.030000 2.587273 0.030000 5.683294 0.030000 8.899503 0.030000
7.340715 0.030000 2.475440 0.030000 5.820266 0.030000 8.861269 0.150000
7.349844 0.030000 2.767317 0.150000 5.953161 0.030000 9.134126 0.030000
7.272031 0.030000 2.267924 0.030000 6.112736 0.030000 9.235966 0.030000
7.196688 0.030000 2.166998 0.030000 6.153316 0.030000 9.259381 0.030000
7.185359 0.030000 2.041318 0.030000 6.268139 0.030000 9.367652 0.030000
7.212304 0.030000 1.984409 0.030000 6.417706 0.030000 9.426826 0.030000
7.175000 0.030000 1.944134 0.030000 6.440422 0.030000 9.490573 0.030000
7.165591 0.030000 1.789616 0.030000 6.498849 0.030000 9.491018 0.030000
7.168705 0.030000 2.639704 0.150000 6.576898 0.030000 9.569897 0.030000
7.170677 0.030000 1.768295 0.030000 6.643957 0.030000 9.545263 0.030000
7.155861 0.030000 1.717881 0.030000 6.687279 0.030000 9.585331 0.030000
