7.551069 0.030000 7.623690 0.030000 3.096783 0.030000 3.921759 0.150000
7.496492 0.030000 7.713359 0.150000 3.015626 0.030000 3.207154 0.030000
7.534296 0.030000 7.555749 0.030000 2.883724 0.030000 3.087447 0.030000
8.122303 0.150000 7.463272 0.030000 2.772781 0.030000 2.934446 0.030000
7.444141 0.030000 7.401323 0.030000 2.681478 0.030000 2.894863 0.030000
7.353011 0.030000 7.422563 0.030000 2.541621 0.030000 2.753430 0.030000
7.499522 0.150000 7.421379 0.030000 2.443259 0.030000 2.639370 0.030000
7.285549 0.030000 7.344325 0.030000 2.327326 0.030000 2.495476 0.030000
7.268594 0.030000 7.386239 0.030000 2.155811 0.030000 2.420475 0.030000
7.228148 0.030000 7.255632 0.030000 2.046781 0.030000 2.263236 0.030000
7.190418 0.030000 7.266921 0.030000 2.004716 0.030000 2.141798 0.030000
7.166744 0.030000 7.157412 0.030000 1.883276 0.030000 3.048067 0.150000
7.209051 0.030000 7.368699 0.150000 1.771092 0.030000 1.929268 0.030000
7.121353 0.030000 7.187733 0.030000 1.675689 0.030000 1.844208 0.030000
7.122919 0.030000 7.744674 0.150000 1.578249 0.030000 1.686243 0.030000
7.067074 0.030000 7.147324 0.030000 1.466897 0.030000 2.059762 0.150000
7.149098 0.030000 7.093881 0.030000 1.373440 0.030000 1.530998 0.030000
7.059989 0.030000 7.050402 0.030000 1.463885 0.150000 1.517262 0.030000
7.217548 0.150000 7.019700 0.030000 1.819941 0.150000 1.406737 0.030000
7.403168 0.150000 7.025988 0.030000 1.217369 0.030000 1.293335 0.030000
6.994576 0.030000 7.057039 0.030000 1.121186 0.030000 1.177857 0.030000
7.018922 0.030000 6.994979 0.030000 1.055105 0.030000 1.104680 0.030000
7.059007 0.030000 6.963952 0.030000 1.014854 0.030000 1.132066 0.030000
7.038779 0.030000 7.002376 0.030000 1.306968 0.150000 1.033922 0.030000
7.000565 0.030000 7.024350 0.030000 1.011365 0.030000 1.063274 0.030000
7.022559 0.030000 7.011580 0.030000 1.076481 0.030000 1.072573 0.030000
7.178662 0.150000 7.016363 0.030000 1.056461 0.030000 1.086632 0.030000
7.000439 0.030000 7.027570 0.030000 1.129286 0.030000 1.042537 0.030000
6.993843 0.030000 7.022667 0.030000 1.168564 0.030000 1.050360 0.030000
7.042672 0.030000 7.045847 0.030000 1.279330 0.030000 1.178851 0.030000
7.047378 0.030000 7.033667 0.030000 1.326667 0.030000 1.151254 0.030000
7.072849 0.030000 7.019942 0.030000 1.373254 0.030000 1.234694 0.030000
7.098993 0.030000 7.026167 0.030000 1.463792 0.030000 1.375929 0.030000
7.099404 0.030000 7.087744 0.030000 1.569414 0.030000 1.421351 0.030000
7.162418 0.030000 7.123140 0.030000 1.686976 0.030000 1.500095 0.030000
7.188716 0.030000 7.064947 0.030000 1.752460 0.030000 1.595152 0.030000
7.233599 0.030000 7.133682 0.030000 1.857523 0.030000 1.697655 0.030000
7.241206 0.030000 7.197147 0.030000 1.915823 0.030000 1.730046 0.030000
7.232364 0.030000 7.193717 0.030000 2.029861 0.030000 2.142892 0.150000
7.594973 0.150000 7.235318 0.030000 2.160285 0.030000 2.025745 0.030000
7.333232 0.030000 7.227961 0.030000 2.258851 0.030000 2.099599 0.030000
7.382683 0.030000 7.348978 0.150000 2.166054 0.150000 2.243891 0.030000
7.397630 0.030000 7.331046 0.030000 2.495505 0.030000 2.301570 0.030000
7.437572 0.030000 7.371250 0.030000 2.565669 0.030000 2.380955 0.030000
7.510405 0.150000 7.378939 0.030000 2.605721 0.030000 2.467754 0.030000
7.480133 0.030000 7.932109 0.150000 2.779959 0.030000 2.551791 0.030000
7.696721 0.150000 7.413605 0.030000 2.798402 0.030000 2.642036 0.030000
7.534762 0.030000 7.454359 0.030000 2.853857 0.030000 2.681196 0.030000
7.534004 0.030000 7.439430 0.030000 2.894362 0.030000 2.761779 0.030000
7.607742 0.150000 7.497307 0.030000 3.582940 0.150000 2.776204 0.030000
7.612787 0.030000 7.488634 0.030000 2.974304 0.030000 2.774641 0.030000
7.480823 0.030000 7.525252 0.030000 2.964776 0.030000 2.765879 0.030000
7.479047 0.030000 7.565341 0.030000 3.097177 0.030000 2.905697 0.030000
7.464785 0.030000 7.494578 0.030000 3.110482 0.030000 2.972841 0.030000
7.343236 0.030000 7.513892 0.030000 3.176902 0.030000 3.140081 0.030000
7.167798 0.030000 7.360104 0.030000 3.266491 0.030000 3.133256 0.030000
7.080223 0.030000 7.295363 0.030000 3.270147 0.030000 3.250810 0.030000
7.001581 0.030000 7.154032 0.030000 3.443972 0.030000 3.229273 0.030000
6.816521 0.030000 7.710903 0.150000 3.453805 0.030000 3.385560 0.030000
6.773828 0.030000 7.007254 0.030000 3.511644 0.030000 3.400800 0.030000
6.969712 0.150000 7.067442 0.150000 3.626550 0.030000 3.483545 0.030000
6.526921 0.030000 6.722561 0.030000 3.666583 0.030000 3.561349 0.030000
6.412544 0.030000 6.564559 0.150000 3.756271 0.030000 3.641036 0.030000
6.407688 0.030000 6.719340 0.150000 3.849064 0.030000 3.689408 0.030000
6.323581 0.030000 6.509158 0.030000 3.865309 0.030000 3.706359 0.030000
6.275534 0.030000 6.358873 0.030000 3.951575 0.030000 3.800721 0.030000
6.117501 0.030000 6.347762 0.030000 4.006205 0.030000 3.821272 0.030000
6.126004 0.030000 6.732918 0.150000 4.022245 0.030000 3.888592 0.030000
6.110805 0.030000 6.231104 0.030000 4.008677 0.030000 3.893706 0.030000
6.019525 0.030000 6.255331 0.030000 4.077020 0.030000 3.955856 0.030000
6.019492 0.030000 6.197860 0.030000 4.677473 0.150000 3.967256 0.150000
5.943643 0.030000 6.145025 0.030000 4.111266 0.030000 4.017599 0.030000
5.953253 0.030000 6.145140 0.030000 4.085288 0.030000 4.038939 0.030000
5.760676 0.030000 6.028660 0.030000 4.078965 0.030000 4.087635 0.030000
5.740645 0.030000 5.910040 0.030000 3.980429 0.030000 4.041553 0.030000
5.708784 0.030000 5.766084 0.030000 3.932704 0.030000 4.028957 0.030000
5.668240 0.030000 5.762791 0.030000 3.775259 0.030000 3.919832 0.030000
5.588624 0.030000 5.714523 0.030000 3.777618 0.030000 3.913914 0.030000
5.490905 0.030000 5.648957 0.030000 4.720465 0.150000 3.772504 0.030000
5.463630 0.030000 5.592952 0.030000 3.600091 0.030000 3.714989 0.030000
5.518742 0.030000 5.545676 0.030000 3.521331 0.030000 3.618997 0.030000
5.422755 0.030000 5.418602 0.030000 3.431861 0.030000 3.588941 0.030000
5.308420 0.030000 5.426611 0.030000 3.425440 0.030000 3.548150 0.030000
5.297115 0.030000 5.406514 0.030000 3.390274 0.030000 4.003141 0.150000
5.317016 0.030000 5.368611 0.030000 3.273724 0.030000 3.370582 0.030000
5.225446 0.030000 5.320659 0.030000 3.226287 0.030000 3.343460 0.030000
5.167583 0.030000 5.217011 0.030000 3.153856 0.030000 3.210224 0.030000
5.374339 0.150000 5.212675 0.030000 3.153442 0.030000 3.184764 0.030000
5.121804 0.030000 5.224906 0.030000 3.098784 0.030000 3.204106 0.030000
5.124540 0.030000 5.152212 0.030000 3.088502 0.030000 3.190109 0.030000
5.138919 0.030000 5.171252 0.030000 3.111254 0.030000 3.064727 0.030000
5.017697 0.030000 5.131404 0.030000 3.016687 0.030000 3.033498 0.030000
5.074093 0.030000 5.958606 0.150000 3.047887 0.030000 3.040314 0.030000
5.050487 0.030000 5.084234 0.030000 3.039912 0.030000 3.005863 0.030000
5.037126 0.030000 5.055899 0.030000 2.974444 0.030000 3.002496 0.030000
5.021568 0.030000 5.003280 0.030000 2.978436 0.030000 2.965347 0.030000
5.091126 0.030000 5.071626 0.030000 2.976420 0.030000 2.961935 0.030000
5.061915 0.030000 5.042513 0.030000 2.952010 0.030000 2.658837 0.150000
5.115395 0.030000 5.088910 0.030000 2.966332 0.030000 2.997918 0.030000
5.044493 0.030000 5.088358 0.030000 3.199288 0.150000 3.055342 0.150000
5.115956 0.030000 4.986234 0.030000 3.017318 0.030000 3.038834 0.030000
5.051764 0.030000 5.071004 0.030000 3.045799 0.030000 2.984386 0.030000
5.102417 0.030000 5.102255 0.030000 3.069330 0.030000 3.066968 0.030000
5.116809 0.030000 5.055293 0.030000 3.134461 0.030000 3.062393 0.030000
5.160543 0.030000 5.176642 0.030000 3.245891 0.030000 3.154821 0.030000
5.138039 0.030000 5.184129 0.030000 3.745405 0.150000 3.163286 0.030000
6.312036 0.150000 5.189597 0.030000 3.306421 0.030000 3.591309 0.150000
5.215804 0.030000 5.202328 0.030000 3.398031 0.030000 3.253547 0.030000
5.306729 0.030000 5.256829 0.030000 3.373533 0.030000 3.263161 0.030000
5.307472 0.030000 5.188338 0.030000 3.474567 0.030000 3.355545 0.030000
5.341236 0.030000 5.273365 0.030000 3.495140 0.030000 3.357866 0.030000
5.372101 0.030000 5.323495 0.030000 3.703147 0.150000 3.443727 0.030000
5.437165 0.030000 5.369584 0.030000 3.680242 0.030000 3.529515 0.030000
5.420620 0.030000 5.395205 0.030000 3.698248 0.030000 3.640785 0.030000
5.517555 0.030000 5.468739 0.030000 3.747927 0.030000 3.636352 0.030000
5.579590 0.030000 5.466858 0.030000 3.827342 0.030000 3.697677 0.030000
5.602201 0.030000 5.488842 0.030000 3.900368 0.030000 3.789770 0.030000
5.608907 0.030000 5.520063 0.030000 3.978016 0.030000 3.827740 0.030000
5.677941 0.030000 5.594214 0.030000 4.029392 0.030000 3.882823 0.030000
5.703394 0.030000 5.567414 0.030000 4.039425 0.030000 3.926072 0.030000
5.888995 0.150000 5.499297 0.150000 4.094266 0.030000 3.912374 0.030000
5.707929 0.030000 6.083479 0.150000 4.106056 0.030000 3.968061 0.030000
5.744548 0.030000 5.604547 0.030000 4.121637 0.030000 4.023381 0.030000
5.664527 0.030000 5.663818 0.030000 4.177866 0.030000 3.996312 0.030000
5.711508 0.030000 5.723320 0.030000 4.243371 0.030000 4.077725 0.030000
5.561926 0.030000 5.728659 0.030000 4.324446 0.030000 4.128111 0.030000
5.532991 0.030000 5.858749 0.150000 4.450179 0.030000 4.312115 0.030000
5.387273 0.030000 5.578443 0.030000 4.915311 0.150000 4.399364 0.030000
5.339415 0.030000 5.494918 0.030000 4.649518 0.030000 4.505927 0.030000
5.521604 0.150000 5.387604 0.030000 4.725119 0.030000 4.585756 0.030000
5.148342 0.030000 5.306110 0.030000 4.856316 0.030000 4.633543 0.030000
5.032852 0.030000 5.150912 0.030000 4.961135 0.030000 4.748825 0.030000
4.921163 0.030000 5.079698 0.030000 5.063251 0.030000 4.911010 0.030000
4.832040 0.030000 4.957607 0.030000 5.151200 0.030000 5.004286 0.030000
4.756087 0.030000 4.897857 0.030000 5.225636 0.030000 5.074496 0.030000
4.725226 0.030000 4.817304 0.030000 5.325306 0.030000 5.094202 0.030000
4.633050 0.030000 4.763048 0.030000 5.359804 0.030000 5.242844 0.030000
4.599644 0.150000 4.731452 0.030000 5.421010 0.030000 5.298502 0.030000
4.504377 0.030000 4.668292 0.030000 5.545225 0.030000 5.359789 0.030000
4.440255 0.030000 4.629456 0.030000 5.604521 0.030000 5.470360 0.030000
4.455718 0.030000 4.805757 0.150000 5.654494 0.030000 5.433739 0.150000
4.394225 0.030000 4.566172 0.030000 5.678807 0.030000 5.462825 0.030000
4.429343 0.030000 4.538372 0.030000 5.663149 0.030000 5.487391 0.030000
4.320913 0.030000 4.506110 0.030000 5.710044 0.030000 5.919577 0.150000
4.249071 0.030000 4.490110 0.030000 5.649034 0.030000 5.625621 0.030000
4.217949 0.030000 4.382105 0.030000 5.720895 0.150000 5.892394 0.150000
4.128302 0.030000 4.318652 0.030000 5.659863 0.030000 5.645031 0.030000
4.019631 0.030000 4.199211 0.030000 5.573348 0.030000 5.600075 0.030000
3.952867 0.030000 4.125697 0.030000 5.487083 0.030000 5.669375 0.030000
3.801231 0.030000 4.544092 0.150000 5.591402 0.150000 5.482137 0.030000
3.591621 0.150000 3.964035 0.030000 5.424793 0.030000 5.526986 0.030000
4.129989 0.150000 3.805531 0.030000 5.355475 0.030000 5.388084 0.030000
3.640318 0.030000 3.738701 0.030000 5.303585 0.030000 5.416135 0.030000
3.501056 0.030000 3.671920 0.030000 5.224674 0.030000 5.375837 0.030000
3.622519 0.030000 3.614592 0.030000 5.163467 0.030000 5.439039 0.150000
3.468171 0.030000 3.565037 0.030000 5.222904 0.030000 5.310446 0.030000
3.379402 0.030000 3.560603 0.030000 5.172258 0.030000 5.247897 0.030000
3.336258 0.030000 3.416561 0.030000 5.125288 0.030000 5.203885 0.030000
4.172481 0.150000 3.427495 0.030000 5.094294 0.030000 5.134236 0.030000
3.479793 0.150000 3.315335 0.030000 5.072585 0.030000 5.136408 0.030000
3.262351 0.030000 3.266474 0.030000 6.592183 0.150000 5.053631 0.030000
3.157996 0.030000 3.270395 0.030000 5.388069 0.150000 5.050474 0.030000
3.522965 0.150000 3.387325 0.150000 5.044369 0.030000 4.982764 0.030000
3.101575 0.030000 3.145186 0.030000 5.029504 0.030000 5.044051 0.030000
3.082969 0.030000 3.106503 0.030000 4.969659 0.030000 4.998492 0.030000
3.115605 0.030000 3.149450 0.030000 4.937683 0.030000 5.037869 0.030000
3.056648 0.030000 3.130471 0.030000 5.024211 0.030000 5.450657 0.150000
3.083553 0.030000 3.033538 0.030000 4.983595 0.030000 4.983875 0.030000
3.088368 0.030000 3.116585 0.030000 4.996468 0.030000 4.984188 0.030000
3.051401 0.030000 3.050890 0.030000 4.991035 0.030000 5.016480 0.030000
3.552659 0.150000 3.044059 0.030000 4.990483 0.030000 4.970459 0.030000
3.116334 0.030000 3.051967 0.030000 4.999138 0.030000 4.946189 0.030000
3.044340 0.030000 3.404329 0.150000 5.027078 0.030000 4.989316 0.030000
3.050894 0.030000 3.058171 0.030000 5.082980 0.030000 5.228566 0.150000
3.136009 0.030000 3.131567 0.030000 5.041767 0.030000 5.004101 0.030000
3.218476 0.030000 3.174348 0.030000 5.307109 0.150000 5.022161 0.030000
3.190300 0.030000 3.169130 0.030000 5.096304 0.030000 5.007461 0.030000
3.322137 0.030000 3.238614 0.030000 5.132219 0.030000 5.117905 0.030000
3.289607 0.030000 3.263381 0.030000 5.172447 0.030000 5.081550 0.030000
3.414953 0.030000 3.284094 0.030000 5.190746 0.030000 5.135475 0.030000
3.400581 0.030000 3.313604 0.030000 5.254537 0.030000 5.159736 0.030000
3.490939 0.030000 3.417737 0.030000 5.112846 0.150000 5.226744 0.030000
4.163287 0.150000 3.423223 0.150000 5.325355 0.030000 5.253040 0.030000
3.566889 0.030000 3.477099 0.030000 5.327509 0.030000 6.399928 0.150000
3.656763 0.030000 3.549836 0.030000 5.396834 0.030000 5.380930 0.030000
3.791568 0.030000 3.662451 0.030000 5.463409 0.030000 5.347592 0.030000
3.846976 0.030000 4.200324 0.150000 5.517998 0.030000 5.415482 0.030000
4.624683 0.150000 3.748905 0.030000 5.529904 0.030000 5.469854 0.030000
3.935536 0.030000 3.797348 0.150000 5.584584 0.030000 5.495827 0.030000
3.941095 0.030000 3.778928 0.030000 5.606060 0.030000 5.541141 0.030000
3.976086 0.030000 3.854186 0.030000 5.660245 0.030000 5.606060 0.030000
3.972780 0.030000 3.913248 0.030000 5.712678 0.030000 5.601338 0.030000
4.126676 0.030000 3.918985 0.030000 5.653169 0.030000 5.579030 0.030000
4.099420 0.030000 4.009617 0.150000 5.736517 0.030000 5.580965 0.030000
4.098898 0.030000 4.037897 0.030000 5.765323 0.030000 5.617672 0.030000
4.079976 0.030000 4.020979 0.030000 5.792940 0.030000 5.660350 0.030000
4.793421 0.150000 4.079329 0.030000 6.057645 0.150000 5.717417 0.030000
4.029709 0.030000 4.111974 0.030000 6.005055 0.150000 5.749411 0.030000
3.927202 0.030000 4.012687 0.030000 6.092044 0.030000 5.886993 0.030000
3.842124 0.030000 3.993874 0.030000 6.238428 0.150000 6.026963 0.030000
3.813841 0.030000 3.923883 0.030000 6.322659 0.030000 6.144510 0.030000
3.781727 0.030000 3.839671 0.030000 6.454699 0.030000 6.245621 0.030000
3.650259 0.030000 3.833861 0.030000 6.535939 0.030000 6.370827 0.030000
3.637802 0.030000 3.729010 0.030000 6.609125 0.030000 6.545052 0.030000
3.549286 0.030000 3.644035 0.030000 6.758266 0.030000 6.596100 0.030000
3.472669 0.030000 3.497939 0.030000 7.056589 0.150000 6.677944 0.030000
3.463679 0.030000 3.544989 0.030000 7.059895 0.150000 6.762812 0.030000
3.370857 0.030000 3.427964 0.030000 7.202358 0.150000 6.936378 0.030000
3.300852 0.030000 3.470254 0.030000 7.241444 0.150000 6.986141 0.030000
3.325108 0.030000 3.415321 0.030000 7.209489 0.030000 7.032465 0.030000
3.321905 0.030000 3.365193 0.030000 7.249646 0.030000 7.088793 0.030000
3.255546 0.030000 3.332588 0.030000 7.305343 0.030000 7.103286 0.030000
3.230177 0.030000 3.374186 0.030000 7.357809 0.030000 7.126136 0.150000
3.215216 0.030000 3.282303 0.030000 7.448191 0.030000 7.158488 0.030000
3.231090 0.030000 3.294163 0.030000 7.375748 0.030000 7.280002 0.030000
3.225506 0.030000 3.694834 0.150000 7.441889 0.150000 7.276035 0.030000
3.134016 0.030000 3.262396 0.030000 7.373570 0.030000 7.621685 0.150000
3.072223 0.030000 3.059758 0.150000 7.430486 0.030000 7.692265 0.150000
2.917214 0.030000 3.081790 0.030000 7.459279 0.030000 7.464879 0.030000
2.773037 0.030000 2.952854 0.030000 7.375135 0.030000 7.420581 0.030000
2.672638 0.030000 2.877181 0.030000 7.307179 0.030000 7.420464 0.030000
2.512656 0.030000 2.669276 0.030000 7.269021 0.030000 7.338179 0.030000
2.472249 0.030000 2.631237 0.030000 7.278113 0.030000 7.297799 0.030000
2.265296 0.030000 2.523867 0.030000 7.193333 0.030000 7.287752 0.030000
2.214357 0.030000 2.395324 0.030000 7.222831 0.030000 7.239946 0.030000
2.666268 0.150000 2.326412 0.030000 7.133552 0.030000 7.146079 0.030000
2.018867 0.030000 2.126914 0.030000 7.149021 0.030000 7.146012 0.030000
1.894975 0.030000 2.048821 0.030000 7.090313 0.030000 7.202527 0.030000
1.795635 0.030000 1.970980 0.030000 7.123170 0.030000 7.084655 0.030000
1.664414 0.030000 1.857972 0.030000 7.070695 0.030000 7.060553 0.030000
1.577428 0.030000 1.747933 0.030000 7.050069 0.030000 7.090025 0.030000
1.490107 0.030000 1.681893 0.030000 6.997065 0.030000 7.233585 0.150000
1.353301 0.030000 1.569274 0.030000 6.997893 0.030000 7.022701 0.030000
1.348017 0.030000 1.573687 0.030000 6.935815 0.030000 7.034191 0.030000
1.559537 0.150000 1.381936 0.030000 7.352290 0.150000 7.020565 0.030000
1.218203 0.030000 1.299206 0.030000 7.018197 0.030000 6.958408 0.030000
1.180338 0.030000 1.217881 0.030000 6.967266 0.030000 6.946615 0.030000
1.875467 0.150000 1.170293 0.030000 6.976145 0.030000 7.014342 0.030000
1.122603 0.030000 1.130134 0.030000 7.003403 0.030000 6.960538 0.030000
1.138302 0.030000 1.048996 0.030000 7.399682 0.150000 7.007411 0.150000
1.087799 0.030000 1.081059 0.030000 7.174146 0.150000 6.928906 0.030000
1.071033 0.030000 1.067368 0.030000 6.909514 0.030000 6.986729 0.030000
1.102045 0.030000 1.105247 0.030000 7.013327 0.150000 6.990934 0.030000
1.131955 0.030000 1.091587 0.030000 6.979454 0.030000 6.957175 0.030000
1.308959 0.150000 1.589114 0.150000 7.020223 0.030000 6.963873 0.030000
1.222573 0.030000 1.180555 0.030000 7.012604 0.030000 6.966749 0.030000
1.359951 0.030000 1.217048 0.030000 7.001265 0.030000 7.016568 0.030000
1.386181 0.030000 1.195161 0.030000 7.036618 0.030000 7.019261 0.030000
1.471357 0.030000 1.336548 0.030000 7.035681 0.030000 7.068184 0.030000
1.578451 0.030000 1.486831 0.030000 7.102373 0.030000 7.009864 0.030000
1.713633 0.030000 1.499678 0.030000 7.718650 0.150000 7.059071 0.030000
1.808723 0.030000 1.630467 0.030000 7.156413 0.030000 7.443060 0.150000
1.900489 0.030000 1.852346 0.150000 7.130858 0.030000 7.104021 0.030000
1.999662 0.030000 1.823746 0.030000 7.197573 0.030000 7.118256 0.030000
2.150522 0.030000 1.984172 0.030000 7.267417 0.030000 7.209941 0.030000
2.182819 0.030000 2.040463 0.030000 7.277090 0.030000 7.191801 0.030000
2.301658 0.030000 2.159745 0.030000 7.288978 0.030000 7.289408 0.030000
2.420722 0.030000 2.544813 0.150000 7.356544 0.030000 7.265093 0.030000
2.480851 0.030000 2.356895 0.030000 7.391288 0.030000 7.331096 0.030000
2.579570 0.030000 2.387489 0.030000 7.388802 0.030000 7.347144 0.030000
2.684448 0.030000 2.467133 0.030000 7.414011 0.030000 7.317685 0.030000
2.746100 0.030000 2.554161 0.030000 7.517491 0.030000 7.415256 0.030000
2.801899 0.030000 2.627369 0.030000 8.113851 0.150000 7.391100 0.030000
2.959733 0.150000 2.689289 0.030000 7.567043 0.030000 7.381502 0.030000
2.896157 0.030000 2.689362 0.030000 7.539809 0.030000 7.408946 0.030000
