7.041392 0.030000 7.040738 0.150000 6.957174 0.030000 7.142296 0.030000 7.465561 0.030000 7.700332 0.030000 8.497076 0.030000 8.661880 0.030000 9.877946 0.030000 9.973584 0.030000
7.004511 0.150000 7.052744 0.030000 6.834550 0.030000 7.074897 0.030000 7.404934 0.030000 7.545097 0.030000 8.403132 0.030000 8.606700 0.030000 9.799946 0.030000 9.877315 0.030000
7.209402 0.150000 7.011107 0.030000 6.747043 0.030000 6.919479 0.030000 7.268633 0.030000 7.512555 0.030000 8.394038 0.030000 8.467689 0.030000 9.672597 0.030000 9.847438 0.030000
6.637922 0.030000 6.865397 0.030000 6.634280 0.030000 6.830181 0.030000 7.175945 0.030000 7.564795 0.150000 8.222444 0.030000 8.436595 0.030000 9.628252 0.030000 9.763762 0.030000
6.527624 0.030000 6.781045 0.030000 6.568622 0.030000 6.701960 0.030000 7.058372 0.030000 7.292441 0.030000 8.091085 0.030000 8.329599 0.030000 9.477849 0.030000 9.630163 0.030000
6.380744 0.030000 6.621618 0.030000 6.286915 0.030000 6.598120 0.030000 6.946744 0.030000 7.134201 0.030000 8.058095 0.030000 8.183651 0.030000 9.466197 0.030000 9.548032 0.030000
6.285427 0.030000 6.496790 0.030000 6.239627 0.030000 6.475849 0.030000 6.895445 0.030000 7.025388 0.030000 7.975981 0.030000 8.110886 0.030000 9.338179 0.030000 9.587308 0.150000
6.147128 0.030000 6.385853 0.030000 6.152413 0.030000 6.358445 0.030000 6.727428 0.030000 6.927733 0.030000 7.878189 0.030000 7.958368 0.030000 9.332869 0.030000 9.388763 0.030000
5.897084 0.150000 6.222161 0.030000 6.041080 0.030000 6.194537 0.030000 6.624050 0.030000 6.791275 0.030000 7.795955 0.030000 8.345182 0.150000 9.174895 0.030000 9.274401 0.030000
5.964167 0.030000 6.087167 0.030000 5.899480 0.030000 6.042680 0.030000 6.504255 0.030000 6.718123 0.030000 7.642075 0.030000 7.841858 0.030000 9.143023 0.030000 9.269828 0.030000
5.791218 0.030000 6.011310 0.030000 5.739458 0.030000 5.964724 0.030000 6.389620 0.030000 6.535955 0.030000 7.590753 0.030000 7.748213 0.030000 8.970735 0.030000 9.086696 0.030000
5.676826 0.030000 5.875891 0.030000 6.168898 0.150000 5.834379 0.030000 6.273299 0.030000 6.472114 0.030000 7.480014 0.030000 7.606027 0.030000 9.172842 0.150000 9.073993 0.030000
5.548453 0.030000 5.743401 0.030000 5.544574 0.030000 5.737399 0.150000 6.125689 0.030000 6.316574 0.030000 7.423404 0.030000 7.581240 0.030000 8.887080 0.030000 9.043627 0.030000
5.407584 0.030000 5.624630 0.030000 5.403585 0.030000 5.624378 0.030000 6.050312 0.030000 6.594814 0.150000 7.283746 0.030000 7.461107 0.030000 8.791665 0.030000 8.884830 0.030000
5.297087 0.030000 5.493163 0.030000 5.240177 0.030000 5.482672 0.030000 5.981854 0.030000 6.085755 0.030000 7.150157 0.030000 7.366229 0.030000 8.712152 0.030000 8.825946 0.030000
5.159800 0.030000 5.403757 0.030000 5.082843 0.030000 5.374851 0.030000 5.890235 0.030000 6.019213 0.030000 7.083833 0.030000 7.259384 0.030000 8.596482 0.030000 8.796191 0.030000
5.070605 0.030000 5.206234 0.030000 4.983847 0.030000 5.248747 0.030000 5.730888 0.030000 5.903170 0.030000 7.344048 0.150000 7.202532 0.030000 8.521089 0.030000 8.687157 0.030000
4.905537 0.030000 5.086591 0.150000 4.845584 0.030000 5.113743 0.030000 5.566134 0.030000 5.831478 0.030000 6.928364 0.030000 7.077529 0.030000 8.482600 0.030000 8.686432 0.030000
4.820250 0.030000 5.022735 0.030000 4.784709 0.030000 5.100924 0.150000 5.775612 0.150000 5.721152 0.030000 6.853849 0.030000 7.007127 0.030000 8.409762 0.030000 8.519937 0.030000
4.689932 0.030000 4.863823 0.030000 4.682025 0.030000 4.879010 0.030000 5.709569 0.150000 5.629251 0.030000 6.768782 0.030000 6.925468 0.030000 8.323483 0.030000 8.478287 0.030000
4.534043 0.030000 4.745554 0.030000 4.543921 0.030000 4.741309 0.030000 5.317106 0.030000 5.507011 0.030000 6.658132 0.030000 6.834913 0.030000 8.305266 0.030000 8.828258 0.150000
4.496259 0.030000 4.651309 0.030000 4.467681 0.030000 4.664528 0.030000 5.241650 0.030000 5.453729 0.030000 6.603102 0.030000 6.722767 0.030000 8.269102 0.030000 8.339077 0.030000
4.312916 0.030000 4.530171 0.030000 4.506288 0.150000 4.499889 0.030000 5.093093 0.030000 5.252942 0.030000 6.469894 0.030000 6.662290 0.030000 8.155977 0.030000 8.938536 0.150000
4.199646 0.030000 4.385115 0.030000 4.178952 0.030000 4.351669 0.030000 4.995006 0.030000 5.186963 0.030000 6.643398 0.150000 6.549031 0.030000 8.095585 0.030000 8.225225 0.030000
4.040453 0.030000 4.266552 0.030000 4.009642 0.030000 4.258846 0.030000 4.955280 0.030000 5.448862 0.150000 6.366679 0.030000 6.469508 0.030000 8.036991 0.030000 8.126053 0.030000
3.983008 0.030000 4.142924 0.150000 3.918282 0.030000 4.180341 0.030000 4.801444 0.030000 5.003314 0.030000 6.373629 0.150000 6.420315 0.030000 7.932291 0.030000 8.098049 0.030000
3.808049 0.150000 3.982708 0.030000 3.830465 0.030000 3.999356 0.030000 4.745035 0.030000 4.854140 0.030000 6.226168 0.030000 6.330315 0.030000 7.848779 0.150000 8.090406 0.150000
3.708674 0.030000 3.891315 0.030000 3.707441 0.030000 3.906410 0.030000 4.579616 0.030000 4.769893 0.030000 6.124761 0.030000 6.216415 0.030000 7.900384 0.030000 7.969564 0.030000
3.603336 0.030000 3.775965 0.150000 3.566186 0.030000 3.732360 0.030000 4.526784 0.030000 4.659889 0.030000 6.081883 0.030000 6.181693 0.030000 7.833821 0.030000 8.156418 0.150000
3.499023 0.030000 3.715729 0.030000 3.488327 0.030000 3.660224 0.030000 4.389089 0.030000 4.607891 0.030000 6.611690 0.150000 6.069506 0.030000 7.801340 0.030000 7.852813 0.030000
3.439642 0.030000 3.530273 0.030000 3.305962 0.030000 3.535578 0.030000 4.452011 0.030000 4.514430 0.030000 5.939482 0.030000 6.104542 0.030000 7.707573 0.030000 8.015674 0.150000
3.475037 0.150000 3.433332 0.030000 3.229290 0.030000 3.423628 0.030000 4.259860 0.030000 4.450902 0.030000 5.877489 0.030000 5.980371 0.030000 7.648898 0.030000 7.768890 0.030000
3.109205 0.030000 3.295808 0.030000 3.116154 0.030000 3.238154 0.030000 4.136024 0.030000 4.313812 0.030000 5.765644 0.030000 5.928680 0.030000 7.606106 0.030000 8.238662 0.150000
3.019473 0.030000 3.221876 0.030000 3.003698 0.030000 3.191516 0.030000 4.433733 0.150000 4.160517 0.030000 5.738518 0.030000 5.902981 0.030000 7.563351 0.030000 7.658490 0.030000
2.914996 0.030000 3.059094 0.030000 2.863117 0.030000 3.072410 0.030000 3.940715 0.030000 4.126232 0.030000 5.685740 0.030000 6.222493 0.150000 7.542610 0.030000 8.446864 0.150000
2.743112 0.030000 2.960870 0.030000 2.741349 0.030000 2.964438 0.030000 3.868050 0.030000 4.031620 0.030000 6.104334 0.150000 5.697828 0.030000 7.424487 0.030000 7.544098 0.030000
2.679114 0.030000 2.830707 0.030000 2.619084 0.030000 2.799946 0.030000 4.218541 0.150000 3.970500 0.030000 5.612144 0.030000 5.716750 0.030000 7.334372 0.150000 7.572148 0.030000
2.539504 0.030000 2.731142 0.030000 2.562876 0.030000 2.741063 0.030000 3.868397 0.150000 3.847360 0.030000 5.521951 0.030000 5.595019 0.030000 7.404453 0.030000 7.462626 0.030000
2.406919 0.030000 2.658930 0.030000 2.447685 0.030000 2.741606 0.150000 3.637043 0.030000 3.772005 0.030000 5.562915 0.030000 5.619401 0.030000 7.379440 0.030000 7.373498 0.030000
2.335805 0.150000 2.529765 0.030000 2.290823 0.030000 2.462110 0.030000 3.652657 0.030000 3.738082 0.030000 5.455525 0.030000 5.508341 0.030000 7.316633 0.030000 7.381660 0.030000
2.161661 0.030000 2.362133 0.030000 2.202782 0.030000 2.377183 0.030000 3.598693 0.150000 3.677944 0.030000 5.424783 0.030000 5.481604 0.030000 7.299062 0.030000 7.376684 0.030000
2.075014 0.030000 2.296869 0.030000 2.007594 0.030000 2.273140 0.030000 3.500237 0.030000 3.960392 0.150000 5.328243 0.030000 5.424984 0.030000 7.247860 0.030000 7.297932 0.030000
2.003897 0.030000 2.186235 0.030000 1.988993 0.030000 2.189878 0.030000 3.409337 0.030000 3.531832 0.030000 5.325946 0.030000 5.393363 0.030000 7.342993 0.150000 7.271507 0.030000
1.876141 0.030000 2.120130 0.030000 1.913129 0.030000 2.098430 0.030000 3.373539 0.030000 3.485245 0.030000 5.322510 0.030000 5.751462 0.150000 7.419153 0.150000 7.524814 0.150000
1.871613 0.030000 2.020339 0.030000 1.829298 0.030000 1.991531 0.030000 3.305053 0.030000 3.446169 0.030000 5.303783 0.030000 5.353603 0.030000 7.193432 0.030000 7.269646 0.030000
1.786877 0.030000 1.914335 0.030000 1.713532 0.030000 1.968290 0.030000 3.297709 0.030000 3.397259 0.030000 5.354427 0.150000 5.733922 0.150000 7.153612 0.030000 7.217909 0.030000
1.694199 0.030000 2.030077 0.150000 1.752268 0.030000 1.896414 0.030000 3.249974 0.030000 3.366934 0.030000 5.266000 0.030000 5.287320 0.030000 7.125658 0.030000 7.244546 0.030000
1.618187 0.030000 1.865029 0.030000 1.625475 0.030000 1.804573 0.030000 3.248032 0.030000 3.379964 0.030000 5.244757 0.030000 5.257318 0.030000 7.146829 0.030000 7.262043 0.030000
1.653611 0.030000 1.815036 0.030000 1.610817 0.030000 1.803602 0.030000 3.274810 0.030000 3.358182 0.030000 5.227210 0.030000 5.255216 0.030000 7.125464 0.030000 7.180214 0.030000
1.598867 0.030000 1.753582 0.030000 1.574174 0.030000 1.771866 0.030000 3.212589 0.030000 3.322012 0.030000 5.202312 0.030000 6.022092 0.150000 7.140596 0.030000 7.178155 0.030000
1.582881 0.030000 1.710017 0.030000 1.588179 0.030000 1.737405 0.030000 3.235415 0.030000 3.289441 0.030000 5.131144 0.030000 5.227029 0.030000 7.102727 0.030000 7.195403 0.030000
1.575537 0.030000 1.657253 0.030000 1.575571 0.030000 1.697535 0.030000 3.181997 0.030000 3.295432 0.030000 5.129285 0.030000 5.243812 0.030000 7.117693 0.030000 7.222566 0.030000
1.565198 0.030000 1.580995 0.150000 1.477185 0.030000 1.669304 0.030000 3.086214 0.030000 3.312957 0.030000 5.043802 0.030000 5.222849 0.030000 7.051547 0.030000 7.181506 0.030000
1.738928 0.150000 1.581567 0.030000 1.383133 0.030000 1.597773 0.030000 3.036527 0.030000 3.214360 0.030000 5.011869 0.030000 5.197245 0.030000 6.994271 0.030000 7.074366 0.030000
1.691223 0.030000 1.572850 0.030000 1.326886 0.030000 1.400238 0.030000 2.869723 0.030000 3.062852 0.030000 4.823360 0.030000 5.016161 0.030000 6.824129 0.030000 7.060532 0.030000
1.796234 0.030000 1.669102 0.030000 1.216897 0.030000 1.334549 0.030000 2.712036 0.030000 2.950040 0.030000 4.805311 0.030000 4.853314 0.030000 6.714421 0.030000 6.890970 0.030000
1.852304 0.030000 1.677660 0.030000 1.170889 0.030000 1.230908 0.030000 2.593051 0.030000 2.921612 0.150000 4.526518 0.030000 4.782018 0.030000 6.509116 0.030000 6.875568 0.150000
1.970598 0.030000 2.259979 0.150000 1.087646 0.030000 1.220315 0.030000 2.564906 0.030000 2.765009 0.030000 4.508691 0.030000 4.644341 0.030000 6.443997 0.030000 6.634625 0.030000
2.077430 0.030000 1.832875 0.030000 1.089566 0.030000 1.076282 0.030000 2.402978 0.030000 2.577149 0.030000 5.131529 0.150000 4.554353 0.030000 6.321874 0.030000 6.507971 0.030000
2.176279 0.030000 1.995500 0.030000 1.126833 0.150000 1.073389 0.030000 2.308107 0.030000 2.499929 0.030000 4.269524 0.030000 4.461952 0.030000 6.165137 0.030000 6.371162 0.030000
2.260678 0.030000 2.482023 0.150000 1.070692 0.030000 1.610619 0.150000 2.195153 0.030000 2.423600 0.030000 4.133733 0.030000 4.316688 0.030000 6.030381 0.030000 6.503497 0.150000
2.329466 0.030000 2.203627 0.030000 0.930426 0.150000 1.074986 0.030000 2.138301 0.030000 2.238673 0.030000 3.978750 0.030000 4.206309 0.030000 5.939150 0.030000 6.120733 0.030000
2.630836 0.150000 2.383821 0.030000 1.044154 0.030000 1.076942 0.030000 1.989158 0.030000 2.171415 0.150000 3.852912 0.030000 4.147749 0.030000 5.804601 0.030000 6.051650 0.030000
2.582161 0.030000 2.362087 0.030000 1.154861 0.030000 1.322838 0.150000 1.885081 0.030000 2.018334 0.030000 3.780521 0.030000 4.013390 0.030000 5.708281 0.030000 5.942311 0.030000
2.661370 0.030000 2.463464 0.030000 1.152471 0.030000 1.073769 0.030000 1.892143 0.150000 2.193930 0.150000 3.676304 0.150000 3.902083 0.030000 5.644470 0.030000 5.803984 0.030000
2.753139 0.150000 2.537175 0.030000 1.183768 0.030000 1.092228 0.030000 1.766520 0.030000 1.892981 0.030000 3.662809 0.030000 3.864976 0.030000 5.532844 0.030000 5.759540 0.030000
2.779098 0.030000 2.597311 0.030000 1.623291 0.150000 1.134322 0.030000 1.664321 0.030000 1.863584 0.030000 3.729674 0.150000 3.760376 0.030000 5.505199 0.030000 5.716297 0.030000
3.118374 0.150000 2.663405 0.150000 2.080766 0.150000 1.148933 0.030000 1.641908 0.030000 1.786357 0.030000 3.538958 0.030000 3.733111 0.030000 5.448812 0.030000 5.648036 0.030000
3.029772 0.150000 2.752924 0.030000 1.278802 0.030000 1.168865 0.030000 1.637329 0.030000 1.806715 0.030000 3.484834 0.030000 3.614408 0.030000 5.383977 0.030000 5.602579 0.030000
2.941356 0.030000 2.763439 0.030000 1.309553 0.030000 1.173276 0.030000 1.764217 0.150000 1.815802 0.150000 3.419929 0.030000 3.930774 0.150000 5.360727 0.030000 5.530308 0.030000
2.955712 0.030000 2.725559 0.030000 1.309582 0.030000 1.202432 0.030000 1.537534 0.030000 1.759685 0.030000 3.351813 0.030000 3.616945 0.030000 5.369733 0.030000 5.531211 0.030000
2.994368 0.030000 2.837283 0.030000 1.485077 0.150000 1.178140 0.030000 1.524334 0.030000 1.628533 0.030000 3.357726 0.030000 3.553567 0.030000 5.316757 0.030000 5.348351 0.150000
3.051056 0.030000 2.871916 0.030000 1.644690 0.150000 1.220751 0.030000 1.552363 0.030000 1.588896 0.030000 3.342537 0.030000 3.467670 0.030000 5.251788 0.030000 5.451736 0.030000
3.162368 0.030000 2.879538 0.030000 1.471896 0.030000 1.292412 0.030000 1.624876 0.030000 1.616147 0.030000 3.328175 0.030000 6.322166 0.150000 5.251225 0.030000 5.341751 0.030000
3.194194 0.030000 3.062094 0.030000 1.664506 0.030000 1.421292 0.030000 1.664511 0.030000 1.587327 0.030000 3.419301 0.030000 3.439837 0.150000 5.263087 0.030000 5.334246 0.030000
3.224555 0.030000 3.129789 0.030000 1.693706 0.030000 1.587679 0.030000 2.254284 0.150000 1.667318 0.030000 3.430851 0.030000 3.393554 0.030000 5.321801 0.030000 5.292422 0.030000
3.289293 0.030000 3.199395 0.030000 1.811572 0.030000 1.628663 0.030000 1.840691 0.030000 1.709326 0.030000 3.527387 0.030000 3.423168 0.030000 5.321437 0.030000 5.259935 0.030000
3.468134 0.150000 3.290602 0.030000 1.947657 0.030000 1.707636 0.030000 1.936670 0.030000 1.790486 0.030000 3.563653 0.030000 3.466818 0.030000 5.392298 0.030000 5.288557 0.030000
3.447100 0.030000 3.312571 0.030000 2.069678 0.030000 1.853997 0.030000 2.110910 0.030000 1.885116 0.030000 3.628629 0.030000 3.510075 0.030000 5.935812 0.150000 5.349340 0.030000
3.488938 0.030000 3.359482 0.030000 2.162151 0.030000 1.994485 0.030000 2.155146 0.030000 2.006718 0.030000 3.587718 0.030000 3.585008 0.030000 5.431618 0.030000 5.343684 0.030000
3.626608 0.030000 3.430227 0.030000 2.292761 0.030000 2.023663 0.030000 2.246045 0.030000 2.119866 0.030000 3.720660 0.030000 3.576276 0.030000 5.443478 0.030000 5.411982 0.030000
3.646522 0.030000 4.009007 0.150000 2.339432 0.030000 1.852212 0.150000 2.390753 0.030000 2.222706 0.030000 3.831839 0.030000 3.583035 0.150000 5.515061 0.030000 5.498226 0.030000
4.023380 0.150000 3.604209 0.030000 2.739860 0.150000 2.308793 0.030000 2.510364 0.030000 2.344786 0.030000 3.839992 0.030000 3.701797 0.030000 5.519702 0.030000 5.539123 0.030000
3.836506 0.030000 3.703383 0.030000 2.537403 0.030000 2.400158 0.030000 2.613501 0.030000 2.481526 0.030000 3.888466 0.030000 3.810754 0.030000 6.778696 0.150000 5.878102 0.150000
3.847868 0.030000 3.789968 0.030000 2.734269 0.030000 2.535307 0.030000 2.707005 0.030000 2.616962 0.030000 4.017358 0.030000 3.878128 0.030000 5.640748 0.030000 5.617083 0.030000
3.998242 0.030000 3.872978 0.030000 2.895022 0.030000 2.603119 0.030000 2.962701 0.150000 2.630703 0.030000 4.087385 0.030000 4.760344 0.150000 5.782405 0.030000 5.683379 0.030000
4.083093 0.030000 3.936185 0.030000 2.959777 0.030000 2.800628 0.030000 2.944521 0.030000 2.781285 0.030000 4.164673 0.030000 4.373681 0.150000 5.784456 0.030000 7.168557 0.150000
4.163872 0.030000 4.035744 0.030000 3.916419 0.150000 2.878398 0.030000 3.054302 0.030000 2.911706 0.030000 4.177595 0.030000 4.125337 0.030000 5.822671 0.030000 5.775420 0.030000
4.852207 0.150000 4.099789 0.030000 3.204107 0.030000 2.997338 0.030000 3.155553 0.150000 3.051953 0.030000 4.322561 0.030000 4.223884 0.030000 5.927633 0.030000 5.807800 0.030000
4.307524 0.030000 4.197957 0.030000 3.298779 0.030000 3.126628 0.030000 3.338397 0.030000 3.148594 0.030000 4.431871 0.030000 4.296893 0.030000 5.959652 0.030000 5.834652 0.030000
4.427937 0.030000 4.472415 0.150000 3.436065 0.030000 3.192737 0.030000 3.476377 0.030000 3.264279 0.030000 4.442964 0.030000 4.384015 0.030000 6.030885 0.030000 5.922839 0.030000
4.863782 0.150000 4.357253 0.030000 3.545984 0.030000 3.367682 0.030000 3.572449 0.030000 3.348014 0.030000 4.608464 0.030000 4.970769 0.150000 6.105255 0.030000 6.052050 0.030000
4.615993 0.030000 4.472331 0.030000 3.650170 0.030000 3.494105 0.030000 3.687466 0.030000 3.485248 0.030000 4.691493 0.030000 4.547791 0.030000 6.212479 0.030000 6.118933 0.030000
4.744009 0.030000 4.562880 0.030000 3.817612 0.030000 3.617724 0.030000 3.762328 0.030000 3.538555 0.030000 4.789294 0.030000 4.618515 0.030000 6.276836 0.030000 6.092899 0.030000
4.840787 0.030000 4.649752 0.030000 3.932137 0.030000 3.737501 0.030000 3.943910 0.030000 3.728404 0.030000 5.716829 0.150000 4.696329 0.030000 6.304730 0.030000 6.201349 0.030000
4.926899 0.030000 4.796794 0.030000 4.024210 0.030000 3.955780 0.030000 4.112147 0.030000 3.615959 0.150000 4.946777 0.030000 4.852411 0.030000 6.435809 0.030000 6.248536 0.030000
5.044265 0.030000 4.806734 0.030000 4.185064 0.030000 3.972390 0.030000 5.694183 0.150000 3.967570 0.030000 5.102792 0.030000 4.958680 0.030000 6.468124 0.030000 6.143547 0.150000
5.127527 0.030000 4.942461 0.030000 4.270475 0.030000 4.085524 0.030000 4.342118 0.030000 4.058870 0.030000 5.201734 0.030000 5.025844 0.030000 6.596444 0.030000 6.481763 0.030000
5.275873 0.030000 5.099511 0.030000 4.441895 0.030000 4.226667 0.030000 4.380480 0.030000 4.259186 0.030000 5.242957 0.030000 5.116870 0.030000 6.652587 0.030000 6.528129 0.030000
5.360475 0.030000 5.121287 0.030000 4.576781 0.030000 4.342526 0.030000 4.486097 0.030000 4.302536 0.030000 5.354998 0.030000 5.181169 0.030000 6.725604 0.030000 6.576244 0.030000
5.467256 0.030000 5.271198 0.030000 4.660297 0.030000 4.452263 0.030000 4.660616 0.030000 4.435771 0.030000 5.461964 0.030000 5.303147 0.030000 6.758420 0.030000 6.700850 0.030000
5.529408 0.030000 5.376967 0.030000 4.805960 0.030000 4.647223 0.030000 4.788688 0.030000 4.585077 0.030000 5.640679 0.030000 5.414611 0.030000 6.844304 0.030000 6.893250 0.150000
5.653563 0.030000 5.477935 0.030000 4.868752 0.030000 4.725702 0.030000 5.283747 0.150000 4.712076 0.030000 5.645721 0.030000 5.439826 0.150000 6.993081 0.030000 8.412177 0.150000
5.757536 0.030000 5.580052 0.030000 5.025991 0.030000 4.823996 0.030000 5.052255 0.030000 4.821982 0.030000 5.854867 0.030000 5.634700 0.030000 7.026210 0.030000 6.927707 0.030000
5.889376 0.030000 5.634113 0.030000 5.152343 0.030000 4.927381 0.030000 5.116049 0.150000 4.932983 0.030000 5.904262 0.030000 5.689596 0.030000 7.153118 0.030000 6.996356 0.030000
5.954520 0.030000 5.724141 0.150000 5.263517 0.030000 5.109214 0.030000 5.265409 0.030000 5.027748 0.030000 6.012979 0.030000 5.857360 0.030000 7.194775 0.150000 7.119027 0.030000
6.115679 0.030000 5.926601 0.030000 5.387152 0.030000 6.312866 0.150000 5.391945 0.030000 5.192220 0.030000 6.061091 0.030000 5.981976 0.030000 7.292175 0.030000 7.652681 0.150000
6.215704 0.030000 6.040679 0.030000 5.509831 0.030000 5.284894 0.030000 5.512589 0.030000 5.313860 0.030000 6.169987 0.030000 6.066177 0.030000 7.376426 0.030000 7.588952 0.150000
6.281623 0.030000 6.149726 0.030000 5.631183 0.030000 5.421406 0.030000 5.609059 0.030000 5.483300 0.030000 6.302164 0.030000 6.151855 0.030000 7.432575 0.030000 7.378254 0.030000
6.421506 0.030000 6.224695 0.030000 5.793211 0.030000 5.768615 0.150000 5.756057 0.030000 5.549257 0.030000 6.402037 0.030000 6.241555 0.030000 7.584819 0.030000 7.450116 0.030000
6.591497 0.030000 6.352872 0.030000 6.158720 0.150000 5.716031 0.030000 5.864375 0.030000 5.649668 0.030000 6.585431 0.030000 6.362066 0.030000 7.733845 0.030000 8.336549 0.150000
6.651895 0.030000 6.538070 0.030000 5.689043 0.150000 5.853224 0.030000 5.995839 0.030000 5.788400 0.030000 6.661470 0.030000 6.444499 0.030000 7.743985 0.030000 7.678639 0.030000
6.763838 0.030000 6.563390 0.030000 6.095799 0.030000 5.931526 0.030000 6.155199 0.030000 5.931725 0.030000 6.766926 0.030000 6.541547 0.030000 7.897887 0.030000 7.766698 0.030000
6.892450 0.030000 6.688794 0.030000 6.220373 0.030000 6.066439 0.030000 6.247808 0.030000 6.031574 0.030000 6.914590 0.030000 6.732365 0.030000 7.942257 0.030000 7.832329 0.030000
6.983715 0.030000 6.804301 0.030000 6.351153 0.030000 6.185056 0.030000 6.310307 0.030000 6.134399 0.030000 6.998840 0.030000 6.808968 0.030000 8.046383 0.030000 7.882811 0.030000
7.058070 0.030000 6.902832 0.030000 6.343435 0.150000 6.246152 0.030000 6.470483 0.030000 6.185161 0.030000 6.985634 0.030000 6.888823 0.030000 8.106262 0.030000 7.999882 0.030000
7.160073 0.030000 6.939959 0.030000 6.550389 0.030000 6.419696 0.030000 6.531631 0.030000 6.351055 0.030000 7.093506 0.030000 6.994059 0.030000 8.167671 0.030000 8.018327 0.030000
7.183795 0.030000 6.991560 0.030000 6.669057 0.030000 6.677016 0.150000 6.630944 0.030000 6.392143 0.030000 7.148321 0.030000 7.014077 0.030000 8.237858 0.030000 8.080413 0.030000
7.221265 0.030000 7.078209 0.150000 6.668414 0.030000 6.447646 0.030000 6.696725 0.030000 6.484226 0.030000 7.271061 0.030000 7.091434 0.030000 8.276110 0.030000 8.139577 0.030000
7.327781 0.030000 7.134937 0.030000 6.801663 0.030000 6.563125 0.030000 6.750440 0.030000 6.555356 0.030000 8.350512 0.150000 7.128960 0.030000 8.353353 0.030000 8.189168 0.030000
7.824319 0.150000 7.141589 0.030000 6.813590 0.030000 7.003320 0.150000 6.750900 0.150000 6.558372 0.030000 7.400644 0.030000 7.164931 0.030000 8.537097 0.150000 8.228689 0.030000
7.453395 0.030000 7.236702 0.030000 6.844707 0.030000 6.620624 0.030000 6.764614 0.030000 6.608333 0.030000 7.393139 0.030000 7.184830 0.030000 8.461280 0.030000 8.396425 0.150000
7.505238 0.030000 7.249478 0.030000 6.861948 0.030000 6.676051 0.030000 7.399427 0.150000 6.639213 0.030000 7.418677 0.030000 7.222437 0.030000 9.189466 0.150000 8.341359 0.030000
7.477069 0.030000 7.311422 0.030000 6.907835 0.030000 6.739000 0.030000 6.873360 0.030000 6.696111 0.030000 7.404505 0.030000 8.428776 0.150000 8.465291 0.030000 8.381924 0.030000
7.512760 0.030000 7.265377 0.030000 6.831053 0.150000 6.767804 0.030000 7.415330 0.150000 7.145850 0.150000 7.455534 0.030000 7.388101 0.030000 8.455853 0.030000 8.446121 0.030000
7.598168 0.030000 7.487381 0.030000 7.016949 0.030000 6.834202 0.030000 6.959241 0.030000 6.851655 0.030000 7.443190 0.030000 7.454147 0.030000 8.393615 0.030000 8.440892 0.030000
7.696364 0.030000 7.713206 0.150000 7.065049 0.030000 6.937472 0.030000 7.143137 0.150000 6.941524 0.030000 7.462618 0.030000 7.406391 0.030000 8.648451 0.150000 8.425093 0.030000
7.775231 0.030000 7.617745 0.030000 7.068197 0.030000 7.099444 0.030000 6.937195 0.030000 7.101730 0.150000 7.421622 0.030000 7.484029 0.030000 8.320236 0.030000 8.933260 0.150000
7.829956 0.030000 7.731985 0.030000 7.091666 0.030000 7.126866 0.030000 6.968903 0.030000 6.996402 0.030000 7.363705 0.030000 7.407947 0.030000 8.283711 0.030000 8.412020 0.030000
7.872821 0.030000 7.791402 0.030000 7.152737 0.030000 7.054506 0.030000 6.940342 0.030000 7.046857 0.150000 7.364149 0.030000 7.406407 0.030000 8.211338 0.030000 8.251470 0.030000
7.997620 0.030000 7.832781 0.030000 7.226000 0.030000 7.172490 0.030000 6.978095 0.030000 6.956549 0.030000 7.355893 0.030000 7.359174 0.030000 8.148990 0.030000 8.248434 0.030000
8.004220 0.030000 7.953009 0.030000 7.247612 0.030000 7.171346 0.030000 7.006678 0.030000 6.893870 0.030000 7.308677 0.030000 7.330143 0.030000 8.055173 0.030000 8.150082 0.030000
8.143301 0.030000 8.210325 0.150000 7.241149 0.030000 7.216365 0.030000 6.983925 0.030000 6.946321 0.030000 7.469805 0.150000 7.259939 0.030000 8.070251 0.030000 8.177818 0.030000
8.211669 0.030000 8.109653 0.030000 7.352954 0.030000 7.165896 0.030000 7.011872 0.030000 6.980779 0.030000 8.767015 0.150000 7.190953 0.030000 7.996196 0.030000 8.157138 0.030000
8.241979 0.030000 8.131464 0.030000 7.343944 0.030000 7.377998 0.150000 7.007762 0.030000 6.997232 0.030000 7.191488 0.030000 7.231456 0.030000 7.899610 0.030000 8.066425 0.030000
8.239882 0.030000 8.192919 0.030000 7.417443 0.030000 7.281370 0.030000 6.967914 0.030000 6.933426 0.030000 7.173849 0.030000 7.282871 0.030000 7.925830 0.030000 7.989489 0.030000
8.336542 0.030000 8.186934 0.030000 7.423749 0.030000 7.356238 0.030000 6.949911 0.030000 6.977835 0.030000 7.188285 0.030000 7.209374 0.030000 7.867265 0.030000 7.996437 0.030000
8.342658 0.030000 8.241609 0.030000 7.463910 0.030000 7.397980 0.030000 6.963361 0.030000 7.004557 0.030000 7.153164 0.030000 7.179062 0.030000 7.786525 0.030000 7.887072 0.030000
8.375707 0.030000 8.275278 0.030000 7.478478 0.030000 7.348184 0.030000 7.031664 0.030000 7.667060 0.150000 7.119549 0.030000 7.132430 0.030000 7.810815 0.030000 7.889311 0.030000
8.459392 0.030000 8.301527 0.030000 7.421153 0.030000 7.381487 0.030000 7.021089 0.030000 6.961016 0.030000 7.085922 0.030000 7.129110 0.030000 7.765049 0.030000 7.882905 0.030000
8.448201 0.030000 8.316525 0.030000 7.565809 0.030000 7.448160 0.030000 6.995054 0.030000 7.003684 0.030000 7.137009 0.030000 7.099444 0.030000 7.726419 0.030000 8.196530 0.150000
8.457332 0.030000 8.379710 0.030000 7.562994 0.030000 7.435579 0.030000 7.041129 0.030000 7.049528 0.030000 7.093619 0.030000 7.146622 0.030000 7.744472 0.030000 8.137471 0.150000
8.479825 0.030000 8.388753 0.030000 7.527667 0.030000 7.433433 0.030000 7.003636 0.030000 7.056431 0.030000 7.140238 0.030000 7.137303 0.030000 7.714320 0.030000 7.863982 0.030000
8.475030 0.030000 8.442506 0.030000 7.504751 0.030000 7.509780 0.030000 7.036767 0.030000 7.033661 0.030000 7.073613 0.030000 7.175689 0.030000 7.692437 0.030000 8.014329 0.150000
8.423204 0.030000 8.429667 0.030000 7.504233 0.030000 7.536853 0.030000 6.965788 0.030000 7.085013 0.030000 6.932650 0.030000 7.152799 0.030000 7.642751 0.030000 7.806937 0.030000
8.375898 0.030000 8.535551 0.030000 7.395850 0.030000 7.538238 0.030000 6.823360 0.030000 7.039524 0.030000 6.965060 0.030000 7.020134 0.030000 7.532629 0.030000 7.726666 0.030000
8.320871 0.150000 8.464431 0.030000 7.264623 0.030000 7.448444 0.030000 6.756894 0.030000 6.896901 0.030000 6.787879 0.030000 7.004889 0.030000 7.412695 0.030000 7.616033 0.030000
8.261299 0.030000 8.341346 0.030000 7.214400 0.030000 7.391510 0.030000 6.613351 0.030000 6.859138 0.030000 6.677944 0.030000 7.009909 0.150000 7.307378 0.030000 7.532300 0.030000
8.096354 0.030000 8.295913 0.030000 7.040231 0.030000 7.276774 0.030000 6.530111 0.030000 6.713236 0.030000 6.479558 0.030000 6.756914 0.030000 7.201694 0.030000 7.290188 0.030000
8.059151 0.030000 8.193334 0.030000 6.924562 0.030000 7.115362 0.030000 6.411325 0.030000 6.521415 0.030000 6.389916 0.030000 6.619623 0.030000 7.015689 0.030000 7.302876 0.030000
7.910749 0.030000 8.116934 0.030000 6.807530 0.030000 7.032864 0.030000 6.266395 0.030000 6.427026 0.030000 6.233887 0.030000 6.461995 0.030000 6.955743 0.030000 7.102091 0.030000
7.850524 0.030000 7.965931 0.030000 6.776830 0.030000 6.903501 0.030000 6.136139 0.030000 6.685027 0.150000 6.129623 0.030000 6.374520 0.030000 6.796251 0.030000 7.023360 0.030000
7.750015 0.030000 7.861318 0.030000 6.626114 0.030000 6.826068 0.030000 5.928205 0.030000 6.210495 0.030000 6.063309 0.030000 6.228141 0.030000 6.710703 0.030000 6.913523 0.030000
7.607072 0.030000 7.800241 0.030000 6.523591 0.030000 6.706119 0.030000 5.892954 0.030000 6.102582 0.030000 5.955032 0.030000 6.091010 0.030000 6.597475 0.030000 6.811108 0.030000
7.501047 0.030000 7.718248 0.030000 6.459398 0.030000 6.547158 0.030000 5.734618 0.030000 5.948025 0.030000 5.790999 0.030000 5.985014 0.030000 6.481512 0.030000 6.743734 0.150000
7.448394 0.030000 7.569674 0.030000 6.298481 0.030000 6.474504 0.030000 5.596165 0.150000 5.832213 0.030000 5.670383 0.030000 5.861391 0.030000 6.357252 0.030000 6.517052 0.030000
7.344472 0.030000 8.242773 0.150000 6.213995 0.030000 6.375477 0.030000 5.524632 0.030000 5.734444 0.030000 5.540755 0.030000 5.730411 0.030000 6.326236 0.030000 6.496020 0.030000
7.266006 0.030000 7.344611 0.030000 6.075056 0.030000 6.410036 0.150000 5.387309 0.030000 5.557799 0.030000 5.475491 0.030000 5.917648 0.150000 6.115774 0.030000 6.309793 0.030000
7.178478 0.030000 7.319833 0.030000 5.959560 0.030000 6.107176 0.030000 5.313024 0.030000 5.487028 0.030000 5.340528 0.030000 5.482873 0.030000 6.027066 0.030000 6.294421 0.030000
7.657332 0.150000 7.209014 0.030000 5.814192 0.030000 6.043065 0.030000 5.152240 0.030000 5.465804 0.150000 5.146226 0.030000 5.321772 0.030000 5.965250 0.030000 6.201138 0.030000
7.028409 0.030000 7.123384 0.030000 5.741474 0.030000 5.961349 0.030000 5.040854 0.030000 5.205601 0.030000 5.058301 0.030000 5.244161 0.030000 5.863124 0.030000 6.129550 0.150000
6.883457 0.030000 7.047755 0.030000 5.633227 0.030000 5.832624 0.030000 5.191554 0.150000 5.136001 0.030000 4.958183 0.030000 5.150509 0.030000 5.722793 0.030000 5.909364 0.030000
6.861182 0.030000 7.028841 0.030000 6.178112 0.150000 5.740471 0.150000 4.764844 0.030000 4.980768 0.030000 4.818583 0.030000 5.069744 0.030000 5.673262 0.030000 5.813798 0.030000
6.770905 0.030000 6.876726 0.030000 5.471179 0.030000 5.676923 0.030000 4.655491 0.030000 4.824613 0.030000 5.161846 0.150000 4.896471 0.030000 5.482067 0.030000 5.715072 0.030000
6.641936 0.030000 7.037024 0.150000 5.355723 0.030000 5.543258 0.030000 4.566903 0.030000 4.705695 0.030000 4.555555 0.030000 4.733701 0.030000 5.358093 0.030000 5.619560 0.030000
6.513869 0.030000 6.735420 0.030000 5.233051 0.030000 5.343630 0.030000 4.437097 0.030000 4.599580 0.030000 4.435911 0.030000 4.662935 0.030000 5.276605 0.030000 5.469696 0.030000
6.499960 0.030000 6.629345 0.030000 5.149647 0.030000 5.303306 0.030000 4.293123 0.030000 4.456993 0.030000 4.375535 0.030000 4.600751 0.030000 5.229387 0.030000 5.336688 0.030000
6.412145 0.030000 6.554135 0.030000 5.048906 0.030000 5.180107 0.030000 4.166214 0.030000 4.351330 0.030000 4.181029 0.030000 4.924362 0.150000 5.115929 0.030000 5.299479 0.030000
6.371473 0.030000 6.295684 0.150000 4.939126 0.030000 5.084601 0.030000 4.324779 0.150000 4.247260 0.030000 4.077721 0.030000 4.289651 0.030000 5.037349 0.030000 5.186616 0.150000
6.313829 0.030000 6.386794 0.030000 4.862833 0.030000 5.002370 0.030000 3.926985 0.030000 4.154286 0.030000 3.939934 0.030000 4.122789 0.030000 4.888944 0.030000 5.052665 0.030000
6.211297 0.030000 6.270518 0.030000 4.708510 0.030000 4.877007 0.030000 3.857759 0.030000 4.017292 0.030000 3.869492 0.030000 4.008013 0.030000 4.825830 0.030000 4.948006 0.030000
6.089337 0.030000 6.206398 0.030000 4.642428 0.030000 5.027932 0.150000 3.713075 0.030000 3.884860 0.030000 3.734220 0.030000 3.898894 0.030000 4.781946 0.030000 4.891712 0.030000
6.093920 0.030000 6.169368 0.030000 6.094582 0.150000 4.694794 0.030000 3.561344 0.030000 4.035037 0.150000 3.561667 0.030000 3.762240 0.030000 5.174123 0.150000 5.132231 0.150000
5.908935 0.030000 6.057656 0.030000 4.502251 0.030000 4.638755 0.030000 3.435758 0.030000 3.674920 0.030000 3.504413 0.030000 3.707488 0.030000 6.255642 0.150000 4.657258 0.030000
5.925504 0.030000 6.052760 0.030000 4.395590 0.030000 4.500864 0.030000 3.341480 0.030000 3.504555 0.030000 3.333865 0.030000 3.586779 0.030000 4.497163 0.150000 4.533622 0.030000
5.804382 0.030000 5.906288 0.030000 4.282183 0.030000 4.447669 0.030000 3.200108 0.030000 3.433958 0.030000 3.254757 0.030000 3.384766 0.030000 4.738059 0.150000 4.451006 0.030000
5.780738 0.030000 5.859601 0.030000 4.457649 0.150000 4.694327 0.150000 3.065757 0.030000 3.279847 0.030000 3.093749 0.030000 3.272348 0.030000 4.261161 0.030000 4.352826 0.030000
5.704997 0.030000 5.821407 0.030000 4.158439 0.030000 4.227002 0.030000 3.028625 0.030000 3.170520 0.030000 3.072320 0.030000 3.159903 0.030000 4.121844 0.030000 4.306312 0.030000
5.696719 0.030000 5.779429 0.030000 3.879685 0.150000 4.139782 0.030000 2.845820 0.030000 3.171038 0.150000 2.883177 0.030000 3.184175 0.150000 4.041521 0.030000 4.252813 0.030000
5.632648 0.030000 5.669326 0.030000 3.943583 0.030000 4.097243 0.030000 2.749784 0.030000 2.954654 0.150000 2.756854 0.030000 2.987950 0.030000 3.964754 0.030000 4.142100 0.030000
5.512974 0.030000 5.539351 0.150000 3.887422 0.030000 4.035298 0.030000 3.030591 0.150000 2.837114 0.030000 2.617466 0.030000 2.812125 0.030000 3.899901 0.030000 4.476145 0.150000
5.537710 0.030000 5.580301 0.030000 3.762131 0.030000 3.920511 0.030000 2.466417 0.030000 2.668495 0.030000 2.529197 0.030000 2.702321 0.030000 3.861370 0.030000 4.187170 0.150000
5.435864 0.030000 5.533314 0.030000 3.676149 0.030000 3.854370 0.030000 2.393076 0.030000 2.621308 0.030000 2.443420 0.030000 2.604153 0.030000 3.766672 0.030000 3.882863 0.030000
5.428101 0.030000 5.422751 0.030000 3.657478 0.030000 3.776309 0.030000 2.539012 0.150000 2.470415 0.030000 2.441781 0.150000 2.262052 0.150000 3.670656 0.030000 3.823548 0.030000
5.375599 0.030000 5.406480 0.030000 3.796723 0.150000 4.205963 0.150000 2.176337 0.030000 2.358996 0.030000 3.046418 0.150000 2.340775 0.030000 3.635813 0.030000 3.746261 0.030000
5.344415 0.030000 5.370991 0.030000 3.492767 0.030000 3.602252 0.030000 2.102080 0.030000 2.264654 0.030000 2.069001 0.030000 2.289918 0.030000 3.558740 0.030000 3.635147 0.030000
5.254601 0.030000 5.308596 0.030000 3.447238 0.030000 3.567249 0.030000 1.936568 0.030000 2.138212 0.030000 2.057685 0.030000 2.139778 0.030000 3.497206 0.030000 3.582428 0.030000
5.258335 0.030000 5.233647 0.150000 3.405831 0.030000 3.528395 0.030000 1.885441 0.030000 2.090154 0.030000 1.895512 0.030000 2.098690 0.030000 3.470557 0.030000 3.589178 0.030000
5.558230 0.150000 5.279990 0.030000 3.366796 0.030000 3.446159 0.030000 1.816270 0.030000 2.035039 0.030000 1.798153 0.030000 2.051572 0.030000 3.361947 0.030000 3.492294 0.030000
5.495975 0.150000 5.273623 0.030000 3.319120 0.030000 3.458798 0.030000 1.800632 0.030000 1.936363 0.030000 1.840925 0.030000 2.037529 0.150000 3.335021 0.030000 3.443370 0.030000
5.210993 0.030000 5.219311 0.030000 3.303262 0.030000 3.369262 0.030000 1.696454 0.030000 1.868967 0.030000 1.830160 0.150000 1.897393 0.030000 3.665579 0.150000 3.429710 0.030000
5.199803 0.030000 5.475145 0.150000 3.287299 0.030000 3.347062 0.030000 2.489580 0.150000 1.810692 0.030000 1.639938 0.030000 1.825266 0.030000 3.252663 0.030000 3.415683 0.030000
5.176616 0.030000 5.206012 0.030000 3.242177 0.030000 3.337295 0.030000 1.580400 0.030000 1.762624 0.030000 1.814227 0.150000 1.746384 0.030000 3.231764 0.030000 3.458111 0.150000
5.116952 0.030000 5.733043 0.150000 3.226845 0.030000 4.196621 0.150000 1.603222 0.030000 1.752246 0.030000 1.624068 0.030000 1.769675 0.030000 3.234615 0.030000 3.369229 0.030000
5.211548 0.030000 5.200231 0.030000 3.290378 0.030000 3.341834 0.030000 1.576885 0.030000 1.741052 0.030000 1.529764 0.030000 1.752477 0.030000 3.244647 0.030000 3.628809 0.150000
5.936604 0.150000 5.190907 0.030000 3.267071 0.030000 3.272886 0.030000 1.534264 0.030000 1.771717 0.150000 1.492010 0.030000 1.714426 0.030000 3.182272 0.030000 3.391493 0.030000
5.232510 0.030000 5.116086 0.030000 3.304126 0.030000 3.324736 0.030000 1.582752 0.030000 1.658556 0.030000 1.431241 0.030000 2.800696 0.150000 3.127888 0.030000 3.342161 0.030000
5.283388 0.030000 5.156930 0.030000 3.467805 0.030000 3.269937 0.030000 1.633652 0.030000 1.599956 0.030000 1.510687 0.150000 1.551923 0.030000 3.038559 0.030000 3.236492 0.030000
5.403849 0.030000 5.316008 0.030000 3.496928 0.030000 3.397251 0.030000 1.698234 0.030000 1.615669 0.030000 1.275047 0.030000 1.479387 0.030000 2.869625 0.030000 3.084899 0.030000
5.539372 0.030000 5.404080 0.030000 3.641067 0.030000 3.428108 0.030000 1.834526 0.030000 1.693204 0.030000 1.246554 0.150000 1.319004 0.030000 2.766540 0.030000 2.961187 0.030000
5.674445 0.030000 5.506890 0.030000 3.753874 0.030000 3.551026 0.030000 1.894301 0.030000 1.763285 0.030000 1.103165 0.030000 1.719900 0.150000 2.607987 0.030000 3.295436 0.150000
5.748716 0.030000 5.598724 0.030000 3.871698 0.030000 4.350794 0.150000 2.023932 0.030000 1.897132 0.030000 1.044242 0.030000 1.208177 0.030000 2.548285 0.030000 2.718184 0.030000
5.904754 0.030000 5.760610 0.030000 3.965753 0.030000 3.809047 0.030000 2.120652 0.030000 1.982164 0.030000 1.069065 0.030000 1.155524 0.030000 2.376811 0.030000 2.646622 0.030000
6.029485 0.030000 5.825399 0.030000 4.074310 0.030000 3.901704 0.030000 2.208582 0.030000 2.092648 0.030000 1.010735 0.030000 1.053700 0.030000 2.321669 0.030000 2.460258 0.030000
6.156803 0.030000 5.935419 0.030000 4.269157 0.030000 3.961970 0.030000 2.318059 0.030000 2.214558 0.030000 0.985381 0.030000 1.015353 0.030000 2.503750 0.150000 2.339909 0.030000
6.316993 0.030000 6.043639 0.030000 4.312786 0.030000 4.152273 0.030000 2.456243 0.030000 2.273483 0.030000 1.016065 0.030000 1.029201 0.030000 2.117339 0.030000 2.242510 0.030000
6.335972 0.030000 6.273577 0.150000 4.411255 0.030000 4.265430 0.030000 2.535822 0.030000 2.359090 0.030000 1.474688 0.150000 1.246450 0.150000 1.965065 0.030000 2.156631 0.030000
6.459803 0.030000 6.231555 0.030000 4.544402 0.030000 4.308653 0.030000 2.676693 0.150000 2.401123 0.030000 1.054944 0.030000 1.041849 0.030000 1.865296 0.030000 2.114198 0.030000
6.514843 0.030000 6.332457 0.030000 4.588313 0.030000 4.413899 0.030000 2.669328 0.030000 2.470233 0.030000 1.097595 0.030000 1.030189 0.030000 1.902891 0.030000 1.991908 0.030000
6.558191 0.030000 6.437558 0.030000 4.653154 0.030000 4.494271 0.030000 2.818666 0.030000 2.563837 0.030000 1.143356 0.030000 1.250160 0.150000 1.812848 0.030000 1.934770 0.030000
6.701603 0.030000 6.479732 0.030000 4.716135 0.030000 5.414856 0.150000 2.828438 0.030000 2.630977 0.030000 1.221738 0.030000 1.092666 0.030000 1.785413 0.030000 1.927511 0.030000
6.751415 0.030000 6.493896 0.030000 5.115563 0.150000 4.620255 0.030000 2.852061 0.030000 2.691472 0.030000 1.174062 0.030000 1.045075 0.030000 1.677168 0.030000 2.167584 0.150000
6.818294 0.030000 6.600687 0.030000 4.830707 0.030000 4.633619 0.030000 2.912417 0.030000 2.720775 0.030000 1.199990 0.030000 1.151367 0.030000 1.693670 0.030000 1.880497 0.030000
6.839978 0.030000 6.635479 0.030000 5.236981 0.150000 4.678357 0.030000 2.937702 0.030000 2.778715 0.030000 1.233320 0.030000 1.152750 0.030000 1.631037 0.030000 1.787065 0.030000
6.833335 0.030000 6.609256 0.030000 4.918578 0.030000 4.716450 0.030000 3.003745 0.030000 2.788749 0.030000 1.331698 0.030000 1.159705 0.030000 1.573681 0.030000 1.798719 0.030000
6.968826 0.150000 6.726850 0.030000 4.945246 0.030000 4.690994 0.030000 3.016421 0.030000 2.826903 0.030000 1.300172 0.030000 1.106984 0.030000 1.638414 0.030000 1.716286 0.030000
6.918687 0.030000 6.778361 0.030000 4.979647 0.030000 4.786408 0.030000 3.105210 0.030000 2.908865 0.030000 1.895311 0.150000 1.205127 0.030000 1.630729 0.030000 1.817533 0.150000
6.970357 0.030000 6.855082 0.030000 5.403529 0.150000 4.876720 0.030000 3.168008 0.030000 3.004068 0.030000 1.466912 0.030000 1.244889 0.030000 1.631698 0.150000 1.626184 0.030000
7.008231 0.030000 6.958451 0.030000 5.051469 0.030000 5.013121 0.030000 3.227326 0.030000 3.107436 0.030000 1.628358 0.030000 1.529455 0.150000 1.776990 0.030000 1.667291 0.030000
7.009201 0.030000 6.977750 0.030000 5.065409 0.030000 4.981097 0.030000 3.266199 0.030000 3.158176 0.030000 1.674141 0.150000 1.529181 0.030000 1.822221 0.030000 1.676485 0.030000
7.062475 0.030000 7.002274 0.030000 5.160264 0.030000 5.040361 0.030000 3.301864 0.030000 3.229565 0.030000 1.810000 0.030000 1.618072 0.030000 1.947089 0.030000 1.796811 0.030000
7.094112 0.030000 7.071665 0.030000 5.210266 0.030000 5.073034 0.030000 3.353290 0.030000 3.274218 0.030000 1.861968 0.030000 1.746721 0.030000 2.008535 0.030000 1.908792 0.030000
7.164399 0.030000 7.056029 0.030000 5.216648 0.030000 5.195796 0.030000 3.489950 0.030000 4.455283 0.150000 2.032315 0.030000 1.830220 0.030000 2.133546 0.030000 1.947583 0.030000
7.132181 0.030000 7.578999 0.150000 5.335097 0.030000 5.340602 0.150000 3.497693 0.030000 3.446426 0.030000 2.171954 0.030000 1.960634 0.030000 2.247530 0.030000 2.148224 0.030000
7.244815 0.030000 7.123644 0.030000 5.362873 0.030000 5.290025 0.030000 3.903807 0.150000 3.453362 0.030000 2.260186 0.030000 2.069553 0.030000 2.371383 0.030000 2.892803 0.150000
7.194742 0.030000 7.201345 0.030000 5.453310 0.030000 5.298109 0.030000 3.716527 0.030000 3.598227 0.030000 2.362685 0.030000 2.142450 0.030000 2.487728 0.030000 2.336473 0.030000
7.326810 0.030000 7.212527 0.030000 5.471655 0.030000 5.327817 0.030000 3.751142 0.030000 3.640134 0.030000 2.501223 0.030000 2.243610 0.030000 2.573858 0.030000 2.436431 0.030000
7.304593 0.030000 7.285387 0.030000 5.504941 0.030000 5.353850 0.030000 3.816361 0.030000 3.701032 0.030000 2.575115 0.030000 2.422274 0.030000 2.710816 0.030000 2.759085 0.150000
7.404038 0.030000 7.392047 0.030000 5.558606 0.030000 5.779983 0.150000 3.940110 0.030000 3.741395 0.030000 2.739245 0.030000 2.554366 0.030000 2.836925 0.030000 2.624360 0.030000
7.446416 0.030000 7.362032 0.030000 5.665523 0.030000 5.536104 0.030000 3.951009 0.030000 3.820629 0.030000 2.819706 0.030000 2.643185 0.030000 2.911044 0.030000 2.682198 0.030000
7.487778 0.030000 7.348411 0.030000 5.719553 0.030000 5.549260 0.030000 4.133269 0.030000 3.973660 0.030000 3.026738 0.030000 2.715048 0.030000 3.295401 0.150000 2.887421 0.030000
7.499387 0.030000 7.414596 0.030000 5.727925 0.030000 5.666946 0.030000 4.160466 0.030000 4.023880 0.030000 3.089814 0.030000 2.904727 0.030000 3.187236 0.030000 2.978693 0.030000
7.571773 0.030000 7.532951 0.030000 5.800096 0.030000 5.699292 0.030000 4.229429 0.030000 4.122134 0.150000 3.209067 0.030000 3.052880 0.030000 3.300313 0.030000 3.133691 0.030000
8.057149 0.150000 7.562396 0.030000 5.963539 0.150000 5.835456 0.030000 4.301683 0.030000 4.735518 0.150000 3.299215 0.030000 3.144805 0.030000 3.437967 0.030000 3.253499 0.030000
7.712525 0.030000 7.616693 0.030000 5.954566 0.030000 5.855631 0.030000 4.469679 0.030000 4.271201 0.030000 3.492909 0.030000 3.208135 0.030000 3.534991 0.030000 3.345564 0.030000
7.773117 0.030000 7.728101 0.030000 6.551480 0.150000 5.905025 0.030000 4.500654 0.030000 4.372421 0.030000 3.550668 0.030000 3.302892 0.030000 3.602995 0.030000 3.495401 0.030000
7.872974 0.030000 7.709316 0.030000 6.581052 0.150000 6.007726 0.030000 4.709225 0.150000 4.489880 0.030000 4.053085 0.150000 3.467967 0.030000 3.757903 0.030000 3.440137 0.150000
7.867360 0.030000 7.751786 0.030000 6.226914 0.030000 6.064468 0.030000 4.746439 0.030000 4.622297 0.030000 3.824114 0.030000 3.539692 0.030000 3.910552 0.030000 3.648331 0.030000
7.934928 0.030000 7.859514 0.030000 6.277438 0.030000 6.197303 0.030000 4.885551 0.030000 4.605033 0.030000 3.893775 0.030000 4.135562 0.150000 3.973849 0.030000 3.822690 0.030000
8.024957 0.030000 7.963370 0.150000 6.369639 0.030000 6.213928 0.030000 4.964531 0.030000 4.794263 0.030000 4.072990 0.030000 3.814338 0.030000 4.280903 0.150000 3.918660 0.030000
8.050678 0.030000 7.986680 0.030000 6.447360 0.030000 6.511140 0.150000 5.947818 0.150000 4.835471 0.030000 4.299756 0.150000 4.016808 0.030000 4.269499 0.030000 4.089905 0.030000
8.103948 0.030000 7.955028 0.030000 6.498819 0.030000 6.388561 0.030000 5.162815 0.030000 4.991849 0.030000 4.329757 0.030000 4.101388 0.030000 4.387900 0.030000 4.134714 0.030000
8.183704 0.030000 8.063003 0.030000 6.564962 0.030000 6.437694 0.030000 5.769477 0.150000 5.043091 0.030000 4.244927 0.150000 4.280664 0.030000 4.480794 0.030000 4.318972 0.030000
8.229533 0.030000 8.148819 0.030000 6.616481 0.030000 6.572234 0.150000 5.360393 0.030000 5.167736 0.030000 4.538399 0.030000 4.350237 0.030000 4.622148 0.030000 4.417064 0.030000
8.330077 0.030000 8.212666 0.030000 6.765749 0.030000 6.646384 0.030000 5.409412 0.030000 5.266417 0.030000 4.682430 0.030000 4.503840 0.030000 4.732641 0.030000 4.534245 0.030000
8.857023 0.150000 8.304295 0.030000 6.863874 0.030000 6.703433 0.030000 5.548597 0.030000 5.383353 0.030000 4.795624 0.030000 4.590882 0.030000 4.852019 0.030000 4.701566 0.030000
8.447647 0.030000 8.361629 0.030000 6.969297 0.030000 6.817504 0.030000 5.705914 0.030000 5.514492 0.030000 4.899141 0.150000 4.731116 0.030000 4.972869 0.150000 4.802642 0.150000
8.557073 0.030000 8.427218 0.030000 7.014910 0.030000 6.848152 0.150000 5.807899 0.030000 5.570439 0.030000 5.020765 0.030000 4.833882 0.030000 5.123817 0.030000 4.854709 0.030000
8.587112 0.030000 8.516442 0.030000 7.149374 0.030000 6.978029 0.030000 5.944351 0.030000 5.714077 0.030000 5.125134 0.030000 5.326131 0.150000 5.198778 0.030000 5.040112 0.030000
8.709282 0.030000 8.602102 0.030000 7.188354 0.030000 7.008492 0.150000 5.951755 0.030000 5.839063 0.030000 5.310341 0.030000 5.089362 0.030000 5.358954 0.030000 5.134122 0.030000
9.213092 0.150000 8.697789 0.030000 7.318367 0.030000 7.143499 0.030000 6.150594 0.030000 5.915857 0.030000 5.415491 0.030000 5.209762 0.030000 5.518689 0.030000 5.258335 0.030000
8.839119 0.030000 8.722659 0.030000 7.375796 0.030000 7.197167 0.030000 6.202927 0.030000 6.013159 0.030000 5.463030 0.030000 5.384656 0.030000 5.646146 0.030000 5.370944 0.030000
8.925992 0.030000 8.795521 0.030000 7.467788 0.030000 7.326182 0.030000 6.333089 0.030000 6.134204 0.030000 5.653493 0.030000 5.473524 0.030000 5.723183 0.030000 5.470132 0.030000
9.020670 0.030000 8.870872 0.030000 7.534474 0.030000 7.396204 0.030000 6.423262 0.030000 6.209307 0.030000 5.833306 0.150000 5.564867 0.030000 5.861313 0.030000 5.605174 0.030000
9.062185 0.030000 9.000548 0.030000 7.690800 0.030000 7.541879 0.030000 6.577841 0.030000 8.167936 0.150000 5.850291 0.030000 5.679137 0.030000 5.958679 0.030000 5.768195 0.030000
9.165012 0.030000 9.079515 0.030000 7.751662 0.030000 7.664730 0.030000 6.710548 0.030000 6.461709 0.030000 6.049045 0.030000 5.832375 0.030000 6.060097 0.030000 5.908710 0.030000
9.314387 0.030000 9.215349 0.030000 7.876135 0.030000 7.653002 0.030000 6.808824 0.030000 6.619285 0.030000 6.152160 0.030000 6.009763 0.030000 6.304791 0.150000 6.030443 0.030000
9.333502 0.030000 9.210106 0.030000 7.932505 0.030000 7.772104 0.030000 6.878416 0.030000 6.722223 0.030000 6.293623 0.030000 6.007336 0.030000 6.307535 0.030000 6.094451 0.030000
9.394105 0.030000 9.286079 0.030000 8.090042 0.030000 8.934410 0.150000 6.966952 0.030000 6.762712 0.030000 6.340175 0.030000 6.176163 0.030000 6.428600 0.030000 6.233385 0.030000
9.474291 0.030000 9.372295 0.030000 8.145513 0.030000 7.960620 0.030000 7.088042 0.030000 6.850591 0.030000 6.432052 0.030000 6.259418 0.030000 6.498542 0.030000 6.281471 0.030000
10.169554 0.150000 9.381450 0.030000 8.141610 0.030000 8.020720 0.030000 7.116483 0.030000 6.969441 0.030000 6.545698 0.030000 6.324084 0.030000 6.595593 0.030000 6.373576 0.030000
9.644734 0.030000 9.390690 0.030000 8.236766 0.030000 8.087639 0.030000 7.176854 0.030000 7.013595 0.030000 6.622918 0.030000 6.429355 0.030000 6.615659 0.030000 6.453359 0.030000
9.382718 0.150000 9.516615 0.030000 8.288665 0.030000 8.095329 0.030000 7.300746 0.030000 7.081367 0.030000 6.628174 0.030000 6.499204 0.030000 6.774484 0.030000 6.495164 0.030000
9.646008 0.030000 9.529665 0.030000 8.292109 0.030000 8.221975 0.030000 7.332041 0.030000 7.157856 0.030000 6.791548 0.030000 6.579168 0.030000 6.760703 0.030000 6.604142 0.030000
9.670478 0.030000 9.498004 0.030000 8.383707 0.030000 8.231594 0.030000 7.353765 0.030000 7.179610 0.030000 6.752949 0.030000 6.888054 0.150000 6.791598 0.030000 6.590450 0.030000
