1.552415 0.030000 7.431236 0.150000 9.772216 0.030000 6.945992 0.030000
1.571903 0.030000 7.101938 0.030000 9.775260 0.030000 6.915986 0.030000
1.841492 0.150000 7.114177 0.030000 10.225734 0.150000 6.754146 0.030000
1.792986 0.030000 7.099671 0.030000 9.553507 0.030000 6.602374 0.030000
1.850202 0.030000 7.272435 0.150000 9.520650 0.030000 6.493652 0.030000
1.956597 0.030000 7.254380 0.030000 9.434396 0.030000 6.378836 0.030000
2.098512 0.030000 7.179852 0.030000 9.361317 0.030000 6.288183 0.030000
2.197938 0.030000 7.272477 0.030000 9.227407 0.030000 6.084040 0.030000
2.301746 0.030000 7.265109 0.030000 9.117833 0.030000 5.999014 0.030000
2.756200 0.150000 7.343535 0.030000 9.055983 0.030000 5.901895 0.030000
2.554045 0.030000 7.385099 0.030000 8.986294 0.030000 5.764211 0.030000
2.599366 0.030000 7.439822 0.030000 8.945401 0.030000 5.645944 0.030000
2.773641 0.030000 7.452384 0.030000 8.838362 0.150000 5.536804 0.030000
2.907691 0.150000 7.513963 0.030000 8.781141 0.030000 5.378699 0.030000
2.960333 0.030000 7.517452 0.030000 8.678455 0.030000 5.254468 0.030000
3.486702 0.150000 7.575738 0.030000 8.661577 0.030000 5.175703 0.030000
3.222193 0.030000 7.665339 0.030000 8.564580 0.030000 5.222264 0.150000
3.470376 0.150000 7.763947 0.030000 8.469948 0.030000 4.966794 0.030000
3.427278 0.030000 7.766489 0.030000 8.437552 0.030000 4.772242 0.030000
3.584306 0.030000 7.808811 0.030000 8.380618 0.030000 4.634845 0.030000
3.713539 0.030000 7.865969 0.030000 8.789826 0.150000 4.555891 0.030000
3.837969 0.030000 7.882483 0.030000 8.247016 0.030000 4.370714 0.030000
3.950715 0.030000 8.008838 0.030000 8.124966 0.030000 4.289359 0.030000
4.034923 0.030000 8.015459 0.030000 8.097210 0.030000 4.230931 0.030000
4.166736 0.030000 8.106290 0.030000 8.029082 0.030000 4.044083 0.030000
4.301224 0.030000 8.205710 0.030000 7.961291 0.030000 3.950423 0.030000
4.398507 0.030000 8.148035 0.150000 7.895101 0.030000 3.810538 0.030000
4.516542 0.030000 8.252998 0.030000 7.852166 0.030000 3.691212 0.030000
4.674445 0.030000 8.399823 0.030000 7.823167 0.030000 3.609849 0.030000
4.746056 0.030000 8.438430 0.030000 7.732526 0.030000 3.460621 0.030000
4.944073 0.030000 8.503355 0.030000 7.670195 0.030000 3.342810 0.030000
5.053379 0.030000 8.528361 0.030000 7.667224 0.030000 3.189818 0.030000
5.150637 0.030000 8.686838 0.030000 7.553543 0.030000 3.112958 0.030000
5.254803 0.030000 9.425550 0.150000 7.573960 0.030000 3.024041 0.030000
5.351701 0.030000 8.790270 0.030000 7.544556 0.030000 2.827622 0.030000
5.554162 0.030000 8.837034 0.030000 7.502971 0.030000 2.709605 0.030000
5.616998 0.030000 8.912553 0.030000 7.387334 0.030000 2.622698 0.030000
5.744016 0.030000 8.834414 0.150000 7.374421 0.030000 2.513264 0.030000
5.862589 0.030000 9.128772 0.030000 7.353431 0.030000 2.383369 0.030000
6.027286 0.030000 9.188988 0.030000 7.287344 0.030000 2.250906 0.030000
6.143397 0.030000 9.280670 0.030000 7.266119 0.030000 2.126256 0.030000
6.230419 0.030000 9.370567 0.030000 7.201353 0.030000 2.026742 0.030000
6.354170 0.030000 9.398460 0.030000 7.217661 0.030000 2.009035 0.030000
6.475190 0.030000 9.519153 0.030000 7.240954 0.030000 1.903740 0.030000
6.518568 0.030000 9.539368 0.030000 7.746622 0.150000 1.763462 0.030000
6.591078 0.030000 9.601450 0.030000 7.170335 0.030000 1.748534 0.030000
6.691182 0.030000 9.642249 0.030000 7.127510 0.030000 1.727803 0.030000
6.699692 0.030000 9.705475 0.030000 8.197004 0.150000 1.687328 0.030000
6.767203 0.030000 9.698636 0.030000 7.160160 0.030000 1.658650 0.030000
6.812621 0.030000 9.809439 0.030000 7.370166 0.150000 1.570319 0.030000
6.892011 0.030000 9.818393 0.030000 7.080151 0.030000 1.570860 0.030000
6.882551 0.030000 9.802191 0.030000 7.059335 0.030000 1.579569 0.030000
7.397176 0.150000 9.754810 0.030000 7.016376 0.030000 1.523642 0.030000
6.982059 0.030000 9.693990 0.030000 7.001073 0.150000 1.637305 0.030000
6.993531 0.030000 9.675772 0.030000 6.810574 0.030000 1.672916 0.030000
7.063090 0.030000 9.569582 0.030000 6.717567 0.030000 1.760513 0.030000
7.116054 0.030000 9.471058 0.030000 6.599754 0.030000 1.909019 0.030000
7.132325 0.030000 9.396205 0.030000 6.432044 0.030000 2.175496 0.150000
7.138580 0.030000 9.329689 0.030000 6.280830 0.030000 2.041400 0.030000
7.168854 0.030000 9.239017 0.030000 6.184393 0.030000 2.190297 0.030000
7.263239 0.030000 9.152358 0.030000 6.044064 0.030000 2.325485 0.030000
7.288019 0.030000 9.121582 0.030000 5.908814 0.030000 2.464577 0.030000
7.265201 0.030000 9.067721 0.150000 5.802093 0.030000 2.509122 0.030000
7.319903 0.030000 9.451052 0.150000 5.730071 0.030000 2.597529 0.030000
7.427844 0.030000 8.900611 0.030000 5.623779 0.030000 2.731512 0.030000
7.418018 0.030000 8.931770 0.030000 5.620255 0.030000 2.693597 0.150000
7.407521 0.030000 8.809142 0.030000 5.502610 0.030000 2.834779 0.030000
7.447508 0.030000 8.713922 0.030000 5.437269 0.030000 2.850328 0.030000
7.471480 0.030000 8.974797 0.150000 5.318983 0.030000 2.908076 0.030000
7.490542 0.030000 8.704324 0.030000 5.298638 0.030000 2.945051 0.030000
7.572309 0.030000 8.702140 0.030000 5.277639 0.030000 2.969014 0.030000
7.461184 0.030000 8.688635 0.030000 5.256108 0.030000 3.072361 0.150000
7.457961 0.030000 8.599985 0.030000 5.328996 0.150000 3.094760 0.030000
7.394897 0.030000 8.539486 0.030000 5.188668 0.030000 3.174256 0.030000
7.325833 0.030000 8.399797 0.030000 5.271962 0.030000 3.232466 0.030000
7.219353 0.030000 8.926435 0.150000 5.303021 0.030000 3.272752 0.030000
7.058347 0.030000 8.154468 0.030000 5.342108 0.030000 3.356095 0.030000
7.006180 0.030000 8.126023 0.030000 5.379283 0.030000 3.364963 0.030000
6.784352 0.030000 7.969089 0.030000 5.389085 0.030000 3.492030 0.030000
6.681982 0.030000 7.938191 0.030000 5.446674 0.030000 3.496309 0.030000
6.602292 0.030000 7.788333 0.030000 5.455107 0.030000 3.641894 0.030000
6.502587 0.030000 7.980214 0.150000 5.560873 0.030000 3.595870 0.030000
6.401932 0.030000 7.946978 0.150000 5.938933 0.150000 3.693147 0.030000
6.277435 0.030000 7.555992 0.030000 5.627544 0.030000 3.815968 0.030000
6.222284 0.030000 7.452921 0.030000 5.692930 0.030000 3.911485 0.030000
6.067844 0.030000 7.410506 0.030000 5.695539 0.030000 3.956593 0.030000
5.949149 0.030000 7.267203 0.030000 5.829223 0.030000 4.219750 0.150000
5.880371 0.030000 7.171250 0.030000 5.811029 0.030000 4.127869 0.030000
5.756226 0.030000 7.070572 0.030000 5.952160 0.030000 4.221939 0.030000
5.685671 0.150000 6.966162 0.030000 5.981534 0.030000 4.338692 0.150000
5.561924 0.030000 6.903905 0.030000 6.009396 0.030000 4.440240 0.030000
5.435919 0.030000 6.814779 0.030000 6.088537 0.030000 4.518095 0.030000
5.298166 0.030000 6.581282 0.150000 6.157957 0.030000 4.603071 0.030000
5.208266 0.030000 6.630448 0.030000 6.206235 0.030000 4.727371 0.030000
5.140802 0.030000 6.593620 0.030000 6.304993 0.030000 4.813443 0.030000
5.019899 0.030000 6.470050 0.030000 6.425771 0.030000 4.931208 0.030000
4.933592 0.030000 6.406105 0.030000 6.474375 0.030000 5.042937 0.030000
4.868757 0.030000 6.377197 0.030000 6.531680 0.030000 5.133720 0.030000
4.721965 0.030000 6.300707 0.030000 6.557051 0.030000 5.239144 0.030000
4.694501 0.030000 6.156674 0.030000 6.694764 0.030000 5.371000 0.030000
4.554732 0.030000 6.320085 0.150000 6.774036 0.030000 5.400151 0.030000
4.470110 0.030000 6.052047 0.030000 6.848443 0.030000 5.537049 0.030000
4.332507 0.030000 5.970141 0.150000 6.982539 0.030000 5.628442 0.030000
4.258050 0.030000 5.903737 0.030000 7.021804 0.030000 5.793185 0.030000
4.210987 0.030000 5.793222 0.030000 7.090912 0.030000 5.910679 0.030000
4.115444 0.030000 5.706518 0.030000 7.279676 0.030000 5.933744 0.030000
4.063690 0.030000 5.724464 0.030000 7.358789 0.030000 6.715289 0.150000
3.975016 0.030000 5.639229 0.030000 7.382717 0.030000 6.202503 0.030000
3.849726 0.030000 5.616584 0.030000 7.499503 0.030000 6.362200 0.030000
3.825410 0.030000 5.495490 0.030000 7.551966 0.030000 6.649043 0.150000
4.279700 0.150000 5.475051 0.030000 7.651911 0.030000 6.530628 0.030000
3.714515 0.030000 5.381142 0.030000 7.759148 0.030000 6.631452 0.030000
3.910209 0.150000 5.357267 0.030000 7.834712 0.030000 6.740793 0.030000
3.473069 0.030000 5.304296 0.030000 7.925853 0.030000 6.825812 0.030000
3.507849 0.030000 5.338504 0.030000 7.955639 0.030000 6.922708 0.030000
3.448078 0.030000 6.477908 0.150000 8.128170 0.030000 7.538415 0.150000
3.388348 0.150000 5.246593 0.030000 8.152194 0.030000 7.119633 0.030000
3.382184 0.030000 5.210309 0.030000 8.196177 0.030000 7.226128 0.030000
3.355626 0.030000 5.375039 0.150000 9.243318 0.150000 7.287117 0.030000
3.356277 0.030000 5.154317 0.030000 8.379131 0.030000 7.272453 0.030000
3.320297 0.030000 5.178703 0.030000 8.314230 0.030000 7.401139 0.030000
3.279811 0.030000 5.186665 0.030000 8.393286 0.030000 7.404162 0.030000
3.248360 0.030000 5.204584 0.030000 8.406389 0.030000 7.492117 0.030000
3.254350 0.030000 5.290523 0.150000 8.400707 0.030000 7.434754 0.030000
3.316108 0.030000 5.012601 0.030000 8.408332 0.030000 7.555005 0.030000
3.452185 0.030000 4.963671 0.030000 8.403458 0.030000 7.631076 0.030000
3.517540 0.030000 4.733060 0.030000 8.399186 0.030000 7.747899 0.150000
3.590720 0.030000 4.651146 0.030000 8.279661 0.030000 7.798630 0.030000
3.745520 0.030000 4.597504 0.030000 8.227904 0.030000 7.800568 0.030000
3.827495 0.030000 4.461125 0.030000 8.426156 0.150000 7.822505 0.030000
3.928248 0.030000 4.311338 0.030000 8.401059 0.150000 7.917273 0.030000
4.092824 0.030000 4.263425 0.030000 8.009284 0.030000 8.600045 0.150000
4.228051 0.030000 4.419392 0.150000 7.981179 0.030000 8.014422 0.030000
4.368223 0.030000 4.361568 0.150000 7.928621 0.030000 8.137813 0.030000
4.424350 0.030000 3.844141 0.030000 7.742687 0.150000 8.167071 0.030000
4.494776 0.030000 3.705038 0.030000 7.870926 0.030000 8.225791 0.030000
4.645914 0.030000 3.669871 0.030000 7.754130 0.030000 8.276870 0.030000
4.652446 0.030000 3.595912 0.030000 7.786504 0.030000 8.280646 0.030000
4.763541 0.030000 3.534575 0.030000 8.444398 0.150000 8.369269 0.030000
4.748707 0.030000 3.422482 0.030000 7.704383 0.030000 8.432992 0.030000
4.841594 0.030000 3.416824 0.030000 7.769203 0.030000 8.424679 0.030000
5.022996 0.150000 3.359846 0.030000 7.712645 0.030000 8.497491 0.030000
4.900784 0.030000 3.418777 0.030000 7.677527 0.030000 8.469523 0.030000
4.914025 0.030000 3.357346 0.030000 7.658634 0.030000 8.468599 0.030000
4.979600 0.030000 3.648413 0.150000 7.614224 0.030000 8.464226 0.030000
5.017325 0.030000 3.952050 0.150000 7.382335 0.150000 8.338751 0.030000
5.073820 0.030000 3.356211 0.030000 7.381039 0.030000 8.328743 0.030000
5.095387 0.030000 3.437766 0.030000 7.290078 0.030000 8.204685 0.030000
5.517077 0.150000 3.885001 0.150000 7.090322 0.030000 8.134653 0.030000
5.195782 0.030000 3.514431 0.030000 7.333053 0.150000 8.033558 0.030000
5.280927 0.030000 3.601018 0.030000 6.878177 0.030000 7.861397 0.030000
5.329925 0.030000 3.679080 0.030000 6.803151 0.030000 7.798277 0.030000
5.335461 0.030000 3.639054 0.030000 6.719758 0.030000 7.880533 0.150000
5.362790 0.030000 3.795090 0.030000 6.546275 0.030000 7.583330 0.030000
5.446368 0.030000 3.854375 0.030000 6.423047 0.030000 7.512965 0.030000
5.546334 0.030000 3.957308 0.030000 6.353453 0.030000 7.448583 0.030000
5.601694 0.030000 4.199774 0.150000 6.223634 0.030000 7.295409 0.030000
5.657120 0.030000 4.094365 0.030000 6.177748 0.030000 7.199302 0.030000
5.709652 0.030000 4.109625 0.150000 6.026919 0.030000 7.151689 0.030000
5.760352 0.030000 4.242448 0.030000 5.910164 0.030000 7.096231 0.030000
5.797008 0.030000 4.050276 0.150000 5.787575 0.030000 7.007652 0.030000
5.866527 0.030000 4.377969 0.030000 5.712274 0.030000 6.850731 0.030000
5.972962 0.030000 4.489735 0.030000 5.579377 0.030000 6.828993 0.030000
6.053972 0.030000 4.602677 0.030000 5.874591 0.150000 6.758796 0.030000
6.124839 0.030000 4.745034 0.030000 5.383257 0.030000 6.630994 0.030000
6.243878 0.150000 4.723934 0.030000 5.307774 0.030000 6.549054 0.030000
6.219902 0.030000 4.890894 0.030000 5.147763 0.030000 6.523296 0.030000
6.301404 0.030000 4.990965 0.030000 5.027446 0.030000 6.701086 0.150000
6.394236 0.150000 5.085110 0.030000 4.968494 0.030000 6.371502 0.030000
6.495947 0.030000 5.151307 0.030000 4.905217 0.030000 6.247237 0.030000
6.596035 0.030000 5.280266 0.030000 4.802835 0.030000 6.206568 0.030000
6.624890 0.030000 5.366096 0.030000 4.718012 0.030000 6.068904 0.030000
6.753339 0.030000 5.495124 0.030000 4.614232 0.030000 6.065943 0.030000
6.832704 0.030000 5.526150 0.030000 4.584218 0.150000 5.971345 0.030000
6.859450 0.030000 5.712920 0.030000 4.916792 0.150000 5.866903 0.030000
7.042554 0.030000 5.748865 0.030000 4.299427 0.030000 5.834567 0.030000
7.121035 0.030000 5.868159 0.030000 4.208629 0.030000 5.900808 0.150000
7.222773 0.150000 6.014220 0.030000 4.167642 0.030000 5.746167 0.030000
7.285040 0.030000 6.093969 0.030000 4.429155 0.150000 5.646610 0.030000
7.368322 0.030000 6.234317 0.030000 3.930995 0.030000 5.606621 0.030000
7.402415 0.030000 6.320516 0.030000 3.899933 0.030000 5.572468 0.030000
7.529149 0.030000 6.473366 0.030000 3.765204 0.030000 5.514681 0.030000
7.654897 0.030000 6.547247 0.030000 3.731044 0.030000 5.438672 0.030000
7.729893 0.030000 6.665562 0.030000 3.665455 0.030000 5.396093 0.030000
7.796657 0.030000 6.809669 0.030000 3.576661 0.030000 5.406320 0.030000
8.077741 0.150000 6.888821 0.030000 3.555952 0.030000 5.345025 0.030000
7.988673 0.030000 7.265932 0.150000 3.444284 0.030000 5.245978 0.030000
8.267924 0.150000 7.109807 0.030000 3.458091 0.030000 5.222230 0.030000
8.248635 0.030000 7.131881 0.030000 3.370309 0.030000 5.278651 0.030000
8.205258 0.030000 7.208691 0.030000 3.358020 0.030000 5.218971 0.030000
8.258457 0.030000 7.248828 0.030000 3.308023 0.030000 5.218269 0.030000
8.346297 0.030000 7.305198 0.030000 3.337723 0.030000 5.154544 0.030000
8.373072 0.030000 7.336218 0.030000 3.239260 0.030000 5.181859 0.030000
8.386246 0.030000 7.399167 0.030000 3.397358 0.150000 5.198618 0.030000
8.464147 0.030000 7.427448 0.030000 3.228715 0.030000 5.146024 0.030000
8.507721 0.030000 7.450730 0.030000 3.168261 0.030000 5.166667 0.030000
8.503168 0.030000 7.453376 0.030000 3.227231 0.150000 5.234711 0.030000
8.620611 0.030000 7.483664 0.030000 2.979260 0.030000 5.359292 0.030000
8.757225 0.030000 7.397754 0.030000 2.905659 0.030000 5.405019 0.150000
9.065872 0.150000 7.381059 0.030000 2.742937 0.030000 5.562558 0.030000
8.873372 0.030000 7.358649 0.030000 2.629927 0.030000 5.697866 0.030000
8.990950 0.030000 7.309897 0.030000 2.561661 0.030000 5.786660 0.030000
9.230563 0.150000 7.291720 0.030000 2.419343 0.030000 5.991909 0.030000
9.096615 0.030000 7.260569 0.030000 2.315657 0.030000 6.071684 0.030000
9.281561 0.030000 7.231272 0.030000 2.161752 0.030000 6.214201 0.030000
9.557442 0.150000 7.235295 0.030000 2.055733 0.030000 6.319259 0.030000
9.463206 0.030000 7.172062 0.030000 1.994029 0.030000 6.470859 0.030000
9.599354 0.150000 7.126030 0.030000 1.872311 0.030000 6.471329 0.030000
9.561322 0.030000 7.185023 0.030000 1.828826 0.030000 6.596418 0.030000
9.569283 0.030000 7.135057 0.030000 1.745310 0.030000 6.619006 0.150000
9.608129 0.030000 7.125169 0.030000 1.711128 0.030000 6.741095 0.030000
9.662400 0.030000 7.092504 0.030000 1.641299 0.030000 6.782226 0.030000
9.734971 0.030000 7.066947 0.030000 1.558109 0.030000 6.842211 0.030000
9.769344 0.030000 7.088288 0.030000 1.630166 0.030000 6.796419 0.030000
9.730118 0.030000 7.101353 0.030000 1.588443 0.030000 6.919989 0.030000
10.232274 0.150000 7.055982 0.030000 1.576546 0.030000 6.946320 0.030000
9.728517 0.030000 6.959407 0.030000 1.677692 0.030000 6.937225 0.030000
9.678985 0.030000 6.860598 0.030000 1.660872 0.030000 7.050115 0.030000
9.610060 0.030000 6.777249 0.030000 1.724383 0.030000 7.025707 0.030000
9.536310 0.030000 6.619168 0.030000 1.786083 0.030000 7.062917 0.030000
9.500009 0.150000 6.559308 0.150000 1.916875 0.030000 7.103244 0.030000
9.378974 0.030000 6.372900 0.030000 2.015973 0.030000 7.332756 0.150000
9.225010 0.030000 6.240713 0.030000 2.157682 0.030000 7.223468 0.030000
9.101354 0.030000 6.111729 0.030000 2.206245 0.030000 7.200483 0.030000
9.084229 0.030000 6.284507 0.150000 2.387784 0.150000 7.288790 0.030000
9.008663 0.030000 5.901244 0.030000 2.360652 0.030000 7.226975 0.030000
8.965249 0.030000 5.794536 0.030000 2.557618 0.030000 7.305841 0.030000
8.873292 0.030000 5.648640 0.030000 2.667513 0.030000 7.339303 0.030000
8.792003 0.030000 5.545419 0.030000 2.756525 0.150000 7.366786 0.030000
8.721568 0.030000 5.397261 0.030000 2.931331 0.030000 7.405233 0.030000
8.599204 0.030000 5.311593 0.030000 3.012966 0.030000 7.483404 0.030000
8.671915 0.150000 5.103603 0.030000 3.153671 0.030000 7.517236 0.030000
8.520313 0.030000 5.072927 0.030000 3.211240 0.030000 7.611697 0.030000
9.094262 0.150000 4.918507 0.030000 3.356521 0.030000 7.633005 0.030000
8.333921 0.030000 4.760438 0.030000 3.484420 0.030000 7.721552 0.030000
8.326866 0.030000 4.716837 0.030000 3.638598 0.030000 7.616364 0.030000
8.251364 0.030000 4.569385 0.030000 3.703517 0.030000 7.784505 0.030000
8.836202 0.150000 4.400204 0.030000 3.866972 0.030000 7.878856 0.030000
8.128754 0.030000 4.322378 0.030000 3.955314 0.030000 7.982486 0.030000
8.045878 0.030000 4.175589 0.030000 4.099976 0.030000 8.021830 0.030000
7.994437 0.030000 4.051410 0.030000 4.260300 0.030000 8.070823 0.030000
8.004796 0.150000 3.952002 0.030000 4.332086 0.030000 8.129166 0.030000
7.829719 0.030000 3.831276 0.030000 4.422388 0.030000 8.211747 0.030000
7.830629 0.030000 3.660935 0.030000 4.565685 0.030000 8.290911 0.030000
7.770863 0.030000 3.576472 0.030000 4.693451 0.030000 8.272813 0.030000
7.655946 0.030000 3.441169 0.030000 4.830408 0.030000 8.425528 0.030000
7.775743 0.150000 3.284560 0.030000 4.913193 0.030000 8.514015 0.030000
8.089243 0.150000 3.221900 0.030000 4.987222 0.030000 8.577224 0.030000
7.571697 0.030000 3.096656 0.030000 5.183587 0.030000 8.619833 0.030000
7.502698 0.030000 2.984052 0.030000 5.310636 0.030000 8.658896 0.030000
7.483115 0.030000 2.872479 0.030000 5.362321 0.030000 9.367607 0.150000
7.384808 0.150000 2.989182 0.150000 5.596317 0.030000 8.848762 0.030000
7.362915 0.030000 2.693558 0.030000 5.626719 0.030000 8.953602 0.030000
7.405173 0.030000 2.471330 0.030000 5.840905 0.030000 9.211325 0.150000
7.266086 0.030000 2.382839 0.030000 5.734626 0.150000 9.115931 0.030000
7.247930 0.030000 2.284326 0.030000 6.028767 0.030000 9.234122 0.030000
7.214334 0.030000 2.169743 0.030000 6.146458 0.030000 9.242128 0.030000
7.178168 0.030000 2.111713 0.030000 6.434926 0.150000 9.349359 0.030000
7.169055 0.030000 1.950349 0.030000 6.382839 0.030000 9.413724 0.030000
7.217097 0.150000 1.949517 0.150000 6.512710 0.030000 9.483280 0.030000
7.190009 0.030000 1.813205 0.030000 6.554075 0.030000 9.559545 0.030000
7.194029 0.030000 1.794428 0.030000 6.619269 0.030000 9.575948 0.030000
7.118719 0.030000 1.699082 0.030000 6.698785 0.030000 9.668527 0.150000
7.167908 0.030000 1.694243 0.030000 6.784824 0.030000 9.617044 0.030000
7.127587 0.030000 1.540217 0.030000 6.789918 0.030000 9.727696 0.030000
