1.799100 0.075000 1.753843 0.075000 7.446976 0.075000 7.327716 0.075000 7.314196 0.075000 7.523081 0.075000 10.237001 0.075000 10.326990 0.075000 4.327623 0.075000 4.507842 0.075000
1.803343 0.075000 1.441121 0.375000 7.183834 0.075000 7.326138 0.075000 7.184345 0.375000 7.275220 0.075000 10.105502 0.075000 10.603806 0.375000 4.402857 0.075000 4.595365 0.075000
2.106148 0.075000 1.917094 0.075000 7.289885 0.375000 7.288156 0.075000 7.085036 0.075000 7.089584 0.075000 9.958328 0.075000 10.146701 0.075000 4.203415 0.075000 4.300306 0.075000
2.184265 0.075000 1.980567 0.075000 7.342287 0.075000 7.385613 0.075000 7.642660 0.375000 6.954549 0.075000 10.107328 0.075000 10.094303 0.075000 4.239648 0.075000 4.460940 0.075000
2.178242 0.075000 2.389439 0.375000 7.377215 0.075000 7.251725 0.075000 6.741380 0.075000 7.010692 0.075000 9.917505 0.075000 10.310658 0.375000 4.180087 0.075000 4.324236 0.075000
2.206649 0.075000 1.967120 0.075000 7.475449 0.075000 7.506822 0.075000 6.485809 0.075000 6.939752 0.075000 9.629274 0.075000 10.173246 0.375000 3.910814 0.075000 4.315531 0.075000
2.334819 0.075000 2.185173 0.075000 7.437285 0.375000 7.362786 0.075000 6.587196 0.075000 6.856772 0.075000 9.612632 0.075000 10.251132 0.375000 3.965456 0.375000 4.075087 0.075000
2.317230 0.075000 2.344958 0.075000 7.540687 0.075000 7.552122 0.075000 6.500511 0.075000 7.568742 0.375000 9.472624 0.075000 9.967928 0.375000 3.865042 0.075000 4.641975 0.375000
2.701325 0.075000 3.160284 0.375000 7.479107 0.075000 7.467198 0.075000 6.120943 0.075000 6.561098 0.075000 9.393975 0.075000 9.535467 0.075000 3.935794 0.075000 4.048005 0.075000
2.791526 0.075000 2.442302 0.075000 7.740020 0.075000 7.590699 0.075000 6.122172 0.075000 6.292030 0.375000 9.441904 0.075000 9.605405 0.375000 3.539022 0.075000 3.693672 0.075000
2.819278 0.075000 2.820646 0.075000 7.636333 0.075000 7.700455 0.075000 6.384848 0.375000 6.128253 0.075000 9.215696 0.075000 9.901102 0.375000 3.629508 0.075000 3.722190 0.075000
3.003072 0.075000 2.873295 0.075000 7.651958 0.075000 7.618383 0.075000 6.022629 0.075000 6.101350 0.075000 9.215257 0.075000 9.328844 0.075000 3.507712 0.075000 3.658023 0.075000
2.914459 0.075000 2.979768 0.075000 8.052485 0.375000 7.660759 0.075000 5.898087 0.075000 6.099594 0.075000 9.307841 0.075000 9.384574 0.075000 3.667957 0.075000 3.855499 0.075000
3.095467 0.075000 3.081097 0.075000 7.835463 0.075000 7.768133 0.075000 5.829059 0.075000 6.024044 0.075000 9.230474 0.075000 9.246222 0.075000 3.421236 0.075000 3.597492 0.075000
3.297608 0.075000 3.143075 0.075000 7.679490 0.075000 7.832413 0.075000 5.576275 0.075000 5.911860 0.075000 8.907458 0.075000 9.170896 0.075000 3.514235 0.075000 3.516106 0.075000
3.296399 0.375000 3.338104 0.075000 7.607902 0.075000 7.707405 0.075000 5.374511 0.075000 5.655238 0.075000 8.949274 0.075000 9.015996 0.075000 3.485597 0.075000 3.650369 0.075000
3.587950 0.375000 3.100652 0.075000 7.822190 0.075000 7.956439 0.075000 5.282271 0.075000 5.552275 0.075000 8.731922 0.075000 8.891408 0.075000 3.565560 0.075000 3.427015 0.075000
3.526175 0.075000 3.513189 0.075000 8.423962 0.375000 7.885284 0.075000 5.193584 0.075000 5.356963 0.075000 8.663867 0.075000 9.035332 0.075000 3.248591 0.375000 3.492602 0.075000
3.689913 0.075000 3.584242 0.075000 8.099480 0.075000 8.123346 0.075000 5.162210 0.075000 5.434589 0.075000 8.635740 0.075000 8.853425 0.075000 3.688536 0.375000 3.376687 0.075000
3.840963 0.075000 3.575324 0.075000 8.229994 0.075000 7.913048 0.075000 5.207272 0.075000 4.977040 0.075000 8.529070 0.375000 8.798340 0.075000 3.280331 0.075000 3.228998 0.075000
4.047899 0.075000 3.753074 0.075000 8.245323 0.075000 8.032462 0.075000 4.671790 0.075000 5.040083 0.075000 8.749041 0.075000 8.739188 0.075000 3.369436 0.075000 3.666072 0.375000
4.038479 0.075000 4.007587 0.075000 8.293786 0.075000 8.012996 0.075000 4.838477 0.075000 4.759443 0.075000 8.468269 0.075000 8.620456 0.075000 3.278539 0.075000 3.373714 0.075000
4.475945 0.075000 4.089902 0.075000 8.488572 0.075000 8.296519 0.075000 4.629465 0.075000 4.944693 0.075000 8.536286 0.075000 10.218730 0.375000 3.462425 0.075000 3.302433 0.075000
4.696644 0.375000 4.352057 0.375000 8.258848 0.075000 8.362607 0.075000 4.533161 0.375000 4.912279 0.075000 8.370166 0.075000 8.540130 0.075000 3.141239 0.075000 3.295378 0.075000
4.596278 0.075000 4.339518 0.075000 8.569966 0.075000 8.173147 0.075000 4.412172 0.075000 4.513103 0.075000 8.493174 0.075000 8.711505 0.075000 3.256612 0.075000 3.160477 0.075000
4.666725 0.075000 4.278084 0.375000 8.436157 0.075000 8.435257 0.075000 4.242891 0.075000 4.305521 0.075000 8.399064 0.075000 8.511280 0.075000 3.306726 0.075000 3.300053 0.075000
4.818182 0.075000 4.745637 0.075000 8.405670 0.075000 8.583514 0.375000 4.464612 0.075000 4.139502 0.075000 8.012363 0.075000 8.792688 0.375000 3.234420 0.075000 3.368602 0.075000
4.793516 0.075000 4.625293 0.075000 8.438022 0.075000 8.430138 0.375000 3.864470 0.075000 4.726404 0.375000 8.168874 0.075000 8.128685 0.075000 3.953221 0.375000 3.338196 0.075000
4.828184 0.075000 4.990249 0.075000 8.733901 0.075000 8.579452 0.075000 3.712961 0.075000 4.038558 0.075000 8.271769 0.075000 8.225297 0.075000 3.218728 0.075000 3.072128 0.075000
5.054243 0.075000 4.945916 0.075000 8.749609 0.075000 8.598671 0.075000 3.830426 0.075000 3.941689 0.075000 8.098013 0.075000 8.155206 0.075000 3.350230 0.075000 3.282074 0.075000
5.245207 0.075000 5.038147 0.075000 8.738101 0.075000 9.049346 0.375000 3.855638 0.075000 3.767289 0.075000 7.947312 0.075000 8.142841 0.075000 3.524591 0.075000 3.490852 0.075000
5.325644 0.075000 5.373809 0.375000 8.826933 0.075000 8.865848 0.075000 3.550223 0.075000 3.631229 0.075000 8.007020 0.075000 8.140305 0.375000 3.502420 0.075000 3.556980 0.075000
5.319767 0.075000 5.360458 0.075000 9.112588 0.075000 8.935867 0.075000 3.448940 0.075000 3.535268 0.075000 7.785033 0.075000 8.104997 0.075000 3.438810 0.075000 3.461458 0.075000
5.721978 0.075000 5.330173 0.075000 8.977594 0.075000 8.955093 0.075000 3.264067 0.075000 3.552819 0.075000 7.916469 0.075000 8.071551 0.075000 3.615586 0.075000 3.497659 0.075000
5.777722 0.075000 5.746195 0.075000 9.125674 0.075000 8.937962 0.075000 3.116699 0.075000 3.195253 0.075000 7.801361 0.075000 7.927096 0.075000 3.527832 0.075000 3.507387 0.075000
5.861661 0.075000 5.524679 0.075000 9.181704 0.075000 9.079023 0.075000 2.941095 0.075000 3.161103 0.075000 7.834611 0.075000 8.777537 0.375000 3.634242 0.075000 3.684419 0.375000
5.929235 0.075000 5.617423 0.075000 9.359928 0.075000 9.105807 0.075000 3.067767 0.075000 3.250546 0.075000 7.694517 0.075000 7.751351 0.075000 3.525895 0.075000 3.706919 0.375000
5.994759 0.375000 5.870397 0.375000 9.334028 0.075000 9.292671 0.075000 3.110843 0.075000 3.107284 0.075000 7.540120 0.075000 7.685086 0.075000 3.745401 0.075000 3.700161 0.075000
6.234896 0.075000 5.975594 0.375000 9.649259 0.075000 9.313406 0.075000 2.733051 0.075000 2.800089 0.075000 7.763046 0.075000 7.675577 0.075000 3.989659 0.075000 3.690803 0.075000
6.414127 0.075000 6.119758 0.075000 9.492141 0.075000 9.341996 0.075000 2.666626 0.075000 2.735097 0.075000 7.524536 0.075000 7.813584 0.075000 4.003865 0.075000 3.717269 0.075000
6.559163 0.075000 6.465309 0.075000 10.056168 0.375000 9.503216 0.075000 2.411393 0.075000 2.649457 0.075000 7.439143 0.075000 7.657407 0.075000 4.097780 0.075000 3.977443 0.075000
6.927524 0.375000 6.356016 0.075000 9.765700 0.075000 9.493531 0.075000 2.579538 0.075000 2.519520 0.075000 7.511603 0.075000 7.657410 0.375000 4.063270 0.075000 3.905546 0.075000
6.716020 0.075000 6.439794 0.075000 9.719840 0.075000 9.718663 0.075000 2.338314 0.075000 2.365977 0.075000 7.386456 0.075000 7.568427 0.075000 4.393202 0.075000 3.783544 0.075000
6.847155 0.075000 6.735584 0.075000 9.833694 0.075000 9.740334 0.075000 2.179371 0.075000 2.311270 0.075000 7.558157 0.375000 7.470890 0.075000 4.121097 0.075000 4.290772 0.375000
6.893827 0.075000 6.574122 0.075000 9.749736 0.075000 9.760540 0.075000 2.186093 0.075000 2.296870 0.075000 7.439393 0.075000 7.642506 0.075000 4.845934 0.375000 4.236461 0.075000
6.868199 0.075000 6.872193 0.075000 9.995800 0.075000 9.897114 0.075000 2.194308 0.075000 2.222424 0.075000 7.497674 0.075000 7.364380 0.075000 4.539583 0.375000 4.238899 0.075000
7.017171 0.075000 8.058744 0.375000 10.296533 0.375000 10.572511 0.375000 2.084085 0.075000 2.210109 0.075000 7.391478 0.075000 7.653167 0.075000 4.290346 0.075000 4.186049 0.075000
6.958546 0.075000 6.936031 0.075000 9.990842 0.075000 9.932077 0.075000 2.085347 0.075000 1.922753 0.075000 7.196139 0.375000 7.511315 0.075000 4.490468 0.075000 4.640314 0.375000
7.182226 0.075000 6.810668 0.075000 10.036021 0.075000 9.839352 0.075000 1.794206 0.075000 2.139021 0.075000 7.498270 0.075000 7.358421 0.075000 4.368898 0.075000 4.198684 0.075000
6.944499 0.075000 7.091624 0.075000 9.913260 0.075000 9.877524 0.075000 1.967223 0.075000 2.055363 0.075000 7.526586 0.075000 7.615773 0.075000 4.435022 0.075000 4.191121 0.075000
7.058177 0.075000 6.916107 0.075000 10.069155 0.075000 9.997144 0.075000 1.931253 0.075000 1.977755 0.075000 7.551559 0.075000 7.331767 0.075000 4.328636 0.075000 4.263081 0.075000
7.326753 0.075000 7.064636 0.075000 9.984460 0.075000 9.706698 0.075000 1.967937 0.075000 2.088272 0.075000 7.399086 0.075000 7.326722 0.075000 4.380392 0.075000 4.311211 0.075000
7.835030 0.375000 7.118829 0.075000 10.133783 0.075000 9.981862 0.375000 1.956933 0.075000 1.825250 0.075000 7.353628 0.075000 7.224462 0.075000 4.283199 0.075000 4.319881 0.075000
7.209719 0.075000 7.334421 0.075000 10.083736 0.075000 9.990588 0.075000 1.971944 0.075000 1.769126 0.075000 7.230334 0.075000 7.261689 0.075000 4.164017 0.075000 4.971881 0.375000
7.391176 0.075000 7.317486 0.075000 9.956331 0.075000 10.103546 0.075000 2.582873 0.375000 2.154906 0.075000 7.016640 0.075000 7.327552 0.075000 4.270477 0.375000 4.474469 0.375000
7.241852 0.375000 7.155945 0.375000 9.907339 0.075000 9.954159 0.075000 2.040092 0.075000 1.831518 0.075000 6.808533 0.075000 6.956331 0.075000 3.998179 0.075000 4.306555 0.075000
7.633831 0.075000 7.314327 0.075000 9.807538 0.075000 9.672103 0.075000 2.147863 0.075000 2.310150 0.375000 6.811382 0.075000 7.033292 0.075000 4.173067 0.075000 4.125545 0.075000
7.441706 0.075000 8.238635 0.375000 9.593758 0.075000 9.899782 0.075000 2.539601 0.375000 2.236516 0.075000 6.655892 0.075000 7.344455 0.375000 4.049022 0.075000 4.220324 0.075000
7.473966 0.075000 7.396426 0.075000 9.731372 0.075000 9.750964 0.075000 2.382010 0.075000 2.130176 0.075000 6.649777 0.075000 6.712133 0.075000 4.035125 0.075000 4.199770 0.075000
7.708481 0.075000 7.501486 0.075000 9.560773 0.075000 9.741113 0.075000 2.557466 0.075000 2.118534 0.075000 6.431419 0.075000 6.954832 0.075000 3.950765 0.075000 4.122230 0.075000
7.472682 0.075000 7.610592 0.075000 9.378666 0.075000 9.628608 0.075000 2.621683 0.075000 2.356750 0.075000 6.582806 0.075000 6.927113 0.375000 4.117612 0.375000 4.042926 0.075000
7.684581 0.075000 7.506770 0.075000 9.250449 0.075000 9.522126 0.075000 3.015599 0.375000 2.495467 0.075000 6.238888 0.075000 6.420780 0.075000 3.737956 0.075000 3.742517 0.075000
7.635619 0.075000 7.595692 0.075000 9.352223 0.075000 9.467627 0.075000 2.727033 0.075000 2.550306 0.075000 6.203193 0.075000 6.257496 0.075000 3.812438 0.075000 3.868499 0.075000
7.755951 0.075000 7.686408 0.075000 9.099030 0.075000 9.304064 0.075000 2.813306 0.075000 2.781328 0.075000 5.904630 0.075000 6.213206 0.075000 3.727778 0.075000 3.672814 0.075000
7.753159 0.075000 8.051699 0.375000 9.244249 0.075000 9.133628 0.075000 2.864630 0.075000 2.740742 0.075000 5.924520 0.075000 6.385373 0.375000 3.686576 0.075000 3.808583 0.075000
7.803985 0.075000 7.739346 0.075000 9.230238 0.075000 9.384624 0.075000 3.013678 0.075000 2.956954 0.075000 5.808081 0.075000 6.050830 0.075000 3.565944 0.075000 3.840369 0.075000
7.798250 0.075000 7.709191 0.075000 9.418947 0.375000 9.600518 0.375000 3.270681 0.075000 2.729815 0.075000 5.798496 0.075000 5.911484 0.075000 3.524570 0.075000 3.593413 0.075000
7.743273 0.075000 8.027737 0.375000 8.928566 0.375000 9.325501 0.075000 3.211847 0.075000 2.995622 0.075000 5.728585 0.075000 5.856932 0.075000 3.514651 0.075000 3.779885 0.075000
7.752328 0.075000 7.837439 0.075000 9.429176 0.375000 9.173286 0.075000 3.174302 0.075000 3.040661 0.075000 5.673331 0.075000 5.817482 0.075000 3.510755 0.075000 3.521393 0.075000
7.748376 0.075000 7.603339 0.075000 8.995829 0.075000 9.285318 0.075000 3.110178 0.075000 2.918808 0.375000 5.849820 0.375000 5.804243 0.075000 3.870575 0.375000 3.591563 0.375000
7.807807 0.075000 7.811357 0.075000 8.844963 0.075000 9.103376 0.075000 3.270577 0.075000 3.095053 0.075000 5.499645 0.075000 5.849080 0.075000 3.604516 0.075000 3.650998 0.075000
7.967723 0.075000 7.671101 0.075000 8.884875 0.075000 9.078025 0.075000 3.332700 0.075000 2.989510 0.375000 5.513899 0.075000 5.711116 0.075000 3.517124 0.375000 3.404573 0.075000
7.865577 0.075000 7.776991 0.075000 8.995279 0.075000 9.005008 0.075000 3.348988 0.075000 3.093006 0.075000 5.536090 0.075000 5.585444 0.075000 3.416770 0.075000 3.683389 0.075000
7.838488 0.075000 7.735419 0.075000 8.692409 0.075000 9.109326 0.075000 3.422701 0.075000 3.360725 0.075000 5.489313 0.075000 5.818326 0.075000 3.211338 0.075000 3.625603 0.075000
7.672345 0.075000 7.773224 0.075000 8.940006 0.375000 8.863468 0.075000 3.633321 0.075000 3.503883 0.075000 5.635897 0.075000 5.552971 0.075000 3.154812 0.075000 3.292627 0.075000
7.493656 0.075000 7.642273 0.075000 8.646054 0.075000 8.898591 0.075000 3.816588 0.075000 3.441655 0.075000 5.550835 0.075000 5.539730 0.075000 2.981461 0.075000 3.419746 0.075000
7.400577 0.075000 7.459293 0.075000 8.860042 0.375000 8.697161 0.075000 3.724325 0.075000 3.604654 0.075000 5.573084 0.075000 5.575555 0.075000 2.896168 0.075000 2.979378 0.075000
7.387265 0.075000 7.368441 0.075000 8.919122 0.375000 8.411482 0.075000 3.427976 0.075000 3.641708 0.075000 5.777416 0.075000 5.537206 0.075000 3.014219 0.075000 2.935629 0.375000
7.114968 0.075000 7.421456 0.075000 8.417237 0.075000 8.485198 0.075000 3.519038 0.075000 3.701623 0.075000 5.743671 0.075000 5.499194 0.075000 2.882118 0.075000 2.895576 0.075000
7.014888 0.075000 7.223799 0.075000 8.317342 0.075000 8.201572 0.075000 3.760417 0.075000 3.589668 0.075000 5.612707 0.075000 5.573512 0.075000 2.599261 0.075000 2.785793 0.075000
7.070857 0.075000 7.068784 0.075000 7.996158 0.075000 8.406413 0.075000 3.930592 0.075000 3.873622 0.075000 5.607329 0.075000 5.728942 0.075000 2.453522 0.075000 2.740877 0.075000
6.844102 0.075000 6.903337 0.075000 8.328404 0.375000 8.119145 0.075000 3.726557 0.075000 4.830407 0.375000 5.691581 0.075000 5.820868 0.075000 2.613313 0.075000 2.421354 0.075000
6.631961 0.075000 6.824073 0.075000 8.280678 0.375000 8.123491 0.375000 3.787636 0.375000 3.971967 0.075000 5.931798 0.075000 6.137565 0.375000 2.287052 0.075000 2.396970 0.075000
6.699172 0.075000 6.710464 0.075000 8.061829 0.075000 8.083063 0.075000 3.980253 0.075000 4.026410 0.075000 5.888527 0.075000 5.700172 0.375000 2.114004 0.075000 3.259947 0.375000
6.495451 0.075000 6.564273 0.075000 7.811280 0.075000 9.968722 0.375000 4.359749 0.075000 3.972441 0.075000 5.918028 0.075000 5.984977 0.075000 2.253698 0.075000 2.278101 0.075000
6.689401 0.075000 6.510815 0.075000 7.735675 0.075000 7.691386 0.075000 4.253868 0.075000 4.142839 0.075000 5.925556 0.075000 6.035803 0.075000 2.061229 0.075000 2.648822 0.375000
6.451159 0.075000 6.253354 0.075000 7.702086 0.075000 7.436713 0.375000 4.374097 0.075000 4.108674 0.375000 6.073129 0.075000 6.895118 0.375000 1.820084 0.075000 2.250076 0.075000
6.229104 0.075000 6.211893 0.075000 7.396619 0.075000 7.518685 0.075000 4.506594 0.075000 4.511260 0.075000 6.035436 0.075000 5.982948 0.075000 1.846272 0.075000 2.043771 0.075000
6.029274 0.075000 6.244938 0.075000 7.295927 0.075000 7.555524 0.075000 4.359985 0.075000 4.344583 0.075000 6.223469 0.075000 5.934802 0.075000 1.712774 0.075000 1.775092 0.075000
5.929022 0.075000 5.972648 0.075000 7.212742 0.075000 7.469495 0.075000 5.062699 0.375000 4.419213 0.075000 6.247647 0.075000 6.142659 0.075000 2.196708 0.375000 2.008005 0.375000
5.828006 0.075000 5.974131 0.075000 7.267010 0.075000 7.416947 0.075000 4.736211 0.075000 4.557058 0.075000 6.328025 0.075000 6.226694 0.075000 1.513669 0.075000 1.660327 0.075000
5.740746 0.075000 5.844765 0.075000 6.968985 0.075000 7.187435 0.075000 4.866243 0.075000 4.797598 0.075000 6.406584 0.075000 6.321943 0.075000 1.520734 0.075000 1.540750 0.075000
5.754366 0.075000 5.715924 0.075000 6.873801 0.075000 7.029410 0.075000 4.822059 0.075000 4.782084 0.075000 6.350106 0.075000 6.332659 0.075000 1.521234 0.075000 1.476782 0.075000
5.599552 0.075000 5.690676 0.075000 6.982875 0.075000 7.143010 0.075000 4.933699 0.075000 4.883193 0.075000 6.619432 0.075000 6.485191 0.075000 1.241971 0.075000 1.405779 0.075000
5.361322 0.075000 5.462337 0.075000 6.724928 0.075000 7.141327 0.075000 5.186644 0.075000 5.162665 0.075000 6.920348 0.375000 6.607099 0.075000 1.459781 0.075000 1.306341 0.075000
5.515989 0.075000 5.363815 0.075000 6.989776 0.075000 6.714043 0.075000 5.035471 0.075000 4.924381 0.375000 6.671149 0.075000 6.458616 0.075000 1.414968 0.075000 1.260505 0.075000
5.324911 0.075000 5.541334 0.375000 6.691513 0.075000 7.081293 0.075000 5.445802 0.075000 5.056651 0.075000 6.913147 0.075000 6.658376 0.075000 1.196503 0.075000 1.227422 0.075000
5.211216 0.075000 5.374545 0.075000 6.628518 0.075000 6.845489 0.075000 5.490907 0.075000 5.279690 0.075000 6.841109 0.075000 6.750522 0.075000 1.308528 0.075000 1.415423 0.075000
4.963246 0.075000 5.045309 0.075000 6.520951 0.075000 6.782690 0.075000 5.595283 0.075000 5.367149 0.075000 6.904235 0.075000 7.291424 0.375000 1.346501 0.075000 1.258174 0.075000
4.951065 0.075000 4.841895 0.075000 6.393132 0.075000 6.701963 0.075000 5.601503 0.075000 5.474008 0.375000 6.834807 0.075000 6.981111 0.075000 1.346046 0.075000 1.465890 0.075000
4.774991 0.075000 5.074580 0.075000 6.560505 0.075000 6.669170 0.075000 5.949994 0.075000 5.637203 0.075000 7.049723 0.075000 7.035858 0.075000 1.554936 0.375000 1.377152 0.075000
4.712901 0.075000 4.780113 0.075000 6.234817 0.075000 6.349412 0.075000 6.347860 0.375000 5.863115 0.075000 7.155000 0.075000 7.353464 0.375000 1.879133 0.375000 1.591931 0.375000
4.597131 0.075000 4.944628 0.075000 6.833446 0.375000 6.364617 0.075000 6.852982 0.375000 5.743030 0.075000 7.343951 0.075000 7.115782 0.075000 1.778993 0.075000 1.911045 0.375000
4.651898 0.075000 4.794838 0.075000 6.263215 0.075000 6.283324 0.075000 5.810178 0.075000 6.105350 0.375000 7.369399 0.075000 7.241919 0.075000 1.690065 0.075000 1.273981 0.075000
4.928484 0.375000 4.620604 0.075000 5.988246 0.075000 6.073208 0.075000 6.145485 0.075000 5.995635 0.075000 7.389761 0.075000 7.378321 0.075000 1.644308 0.075000 1.656841 0.075000
4.575180 0.075000 4.539859 0.075000 6.162856 0.375000 6.286129 0.075000 6.192232 0.075000 6.199369 0.075000 7.539899 0.075000 7.311338 0.075000 1.823530 0.075000 1.476621 0.075000
4.451012 0.075000 4.947455 0.375000 6.239112 0.375000 6.047700 0.075000 6.440790 0.075000 6.130830 0.075000 7.598360 0.075000 7.613264 0.075000 1.971899 0.075000 1.833582 0.375000
5.123108 0.375000 4.236683 0.075000 5.888595 0.075000 5.994032 0.075000 6.549987 0.075000 6.167317 0.075000 7.777614 0.075000 7.581497 0.075000 2.241626 0.075000 1.785277 0.075000
4.207552 0.075000 4.374303 0.075000 5.819284 0.075000 6.061061 0.075000 6.585665 0.075000 6.469596 0.075000 7.992692 0.075000 7.563484 0.075000 3.439310 0.375000 1.896869 0.075000
4.025337 0.075000 4.346736 0.075000 5.740801 0.075000 5.847030 0.075000 6.751962 0.075000 6.662796 0.075000 7.971276 0.075000 8.267300 0.375000 2.285807 0.075000 2.141961 0.075000
4.021450 0.075000 3.999911 0.075000 5.834760 0.075000 5.931800 0.075000 6.965581 0.075000 6.635705 0.075000 8.055048 0.075000 7.603628 0.075000 2.339487 0.075000 2.107265 0.075000
3.899145 0.075000 4.018591 0.075000 5.727913 0.075000 5.887884 0.075000 7.098227 0.075000 6.750833 0.075000 8.094659 0.075000 8.005939 0.075000 2.545726 0.075000 2.380514 0.075000
4.000754 0.075000 3.944486 0.075000 5.659287 0.075000 5.772106 0.075000 7.047352 0.075000 6.904275 0.075000 8.236855 0.075000 8.010937 0.075000 2.653936 0.075000 2.363816 0.075000
3.763306 0.075000 4.201071 0.075000 5.594221 0.075000 5.704084 0.075000 7.034475 0.075000 6.991912 0.075000 8.248446 0.075000 8.045196 0.075000 2.747731 0.075000 2.479803 0.075000
3.869556 0.075000 3.974295 0.075000 5.657755 0.375000 5.645465 0.075000 7.322632 0.075000 7.139426 0.075000 8.114083 0.075000 8.135816 0.075000 3.076361 0.075000 2.640705 0.075000
3.740190 0.075000 3.755338 0.075000 5.445840 0.075000 5.453069 0.075000 7.221921 0.075000 7.076122 0.075000 8.264564 0.075000 8.320926 0.075000 2.891285 0.075000 3.243068 0.375000
3.681341 0.075000 4.205210 0.375000 5.507173 0.075000 5.483473 0.075000 7.456626 0.075000 7.315213 0.075000 8.486022 0.075000 8.283367 0.075000 3.108319 0.075000 2.702006 0.075000
3.574949 0.075000 3.844149 0.075000 5.625467 0.075000 5.581199 0.075000 9.691374 0.375000 7.321905 0.075000 8.443677 0.075000 8.442270 0.075000 2.955539 0.075000 2.866016 0.075000
3.529468 0.075000 3.635090 0.075000 5.390924 0.075000 5.493951 0.075000 7.307206 0.075000 7.345677 0.075000 8.540118 0.075000 8.543316 0.075000 3.033177 0.075000 2.762707 0.075000
3.654467 0.075000 3.612035 0.075000 5.332423 0.075000 5.602444 0.075000 7.597946 0.075000 7.622371 0.075000 8.673574 0.075000 8.782710 0.375000 3.139203 0.075000 2.921303 0.075000
3.565715 0.075000 3.618187 0.075000 5.320870 0.075000 5.444144 0.075000 7.450945 0.075000 7.478292 0.075000 8.520823 0.075000 8.520364 0.375000 3.336828 0.075000 3.158871 0.075000
3.796873 0.075000 3.592048 0.075000 5.368276 0.075000 5.270891 0.075000 7.669905 0.075000 7.391446 0.075000 8.689755 0.075000 8.310950 0.075000 3.140420 0.075000 2.918919 0.075000
3.568163 0.075000 3.792343 0.075000 5.249736 0.075000 5.405237 0.075000 7.912295 0.075000 7.777295 0.075000 8.758266 0.075000 8.552111 0.075000 3.415195 0.075000 3.073337 0.075000
3.492626 0.075000 3.707588 0.075000 5.199741 0.075000 5.543023 0.075000 7.861055 0.075000 7.469362 0.075000 8.718973 0.075000 8.517321 0.075000 3.380941 0.075000 3.215591 0.075000
3.690672 0.075000 3.495171 0.075000 5.408366 0.075000 5.462764 0.075000 8.093840 0.075000 8.074307 0.375000 8.685042 0.075000 8.827258 0.075000 3.291418 0.075000 3.183694 0.075000
3.609065 0.075000 3.507001 0.075000 5.316890 0.075000 5.460804 0.075000 7.909540 0.075000 7.822068 0.075000 8.850731 0.075000 8.691160 0.075000 3.232044 0.075000 3.210805 0.075000
4.003530 0.375000 3.473680 0.075000 5.196377 0.075000 5.339306 0.075000 8.085987 0.075000 7.761687 0.075000 8.691775 0.075000 8.909778 0.075000 3.332184 0.075000 3.430522 0.075000
3.929337 0.075000 3.604315 0.075000 4.900223 0.075000 5.224980 0.075000 8.089531 0.075000 7.953364 0.075000 8.598175 0.075000 8.771747 0.075000 3.237922 0.075000 3.382307 0.075000
4.034095 0.075000 4.670011 0.375000 4.874245 0.375000 5.164638 0.075000 9.165498 0.375000 8.015593 0.075000 8.467627 0.075000 8.744213 0.075000 3.235452 0.075000 3.275336 0.075000
4.300773 0.075000 4.101051 0.075000 4.585214 0.075000 4.802237 0.075000 8.064459 0.075000 7.923763 0.075000 8.513428 0.375000 8.578692 0.075000 3.198610 0.075000 3.282459 0.075000
4.282502 0.075000 4.163439 0.075000 4.398152 0.075000 4.844125 0.375000 8.453410 0.075000 8.216385 0.075000 8.426397 0.075000 8.500332 0.075000 3.395819 0.075000 3.099544 0.075000
4.263433 0.075000 4.228389 0.075000 4.574820 0.075000 4.726965 0.075000 8.291011 0.075000 8.226439 0.075000 8.454361 0.075000 8.400194 0.075000 3.406786 0.075000 3.395425 0.375000
4.486168 0.075000 4.421354 0.075000 4.407523 0.075000 4.436845 0.075000 8.457372 0.075000 8.308819 0.075000 8.288111 0.075000 8.576451 0.075000 3.353032 0.075000 3.352808 0.375000
4.730648 0.075000 4.413620 0.075000 4.431992 0.075000 4.253754 0.075000 8.606192 0.075000 8.269986 0.075000 8.161469 0.075000 8.405247 0.075000 3.270628 0.075000 3.306211 0.075000
4.809952 0.075000 4.693500 0.075000 4.109294 0.075000 4.277683 0.075000 8.554830 0.075000 8.259558 0.075000 8.238466 0.075000 8.120046 0.075000 3.244173 0.375000 3.258143 0.075000
4.850601 0.075000 4.590224 0.075000 4.004887 0.075000 4.199039 0.075000 8.772652 0.075000 8.559914 0.075000 8.082433 0.375000 8.346644 0.075000 3.203871 0.075000 3.182434 0.075000
4.772901 0.075000 4.794756 0.075000 3.864616 0.075000 4.211789 0.075000 8.498704 0.075000 8.316358 0.075000 7.962546 0.075000 8.036650 0.075000 3.332568 0.075000 3.102562 0.075000
5.021249 0.075000 4.866723 0.075000 4.020996 0.075000 4.096664 0.075000 8.793210 0.375000 8.583326 0.075000 8.294083 0.075000 8.069838 0.075000 3.318289 0.075000 3.288251 0.075000
4.997948 0.075000 4.828670 0.075000 3.837195 0.075000 3.882660 0.075000 8.701328 0.075000 8.742720 0.075000 7.921275 0.075000 8.053864 0.075000 3.505588 0.375000 3.208336 0.075000
4.919309 0.075000 4.771829 0.075000 3.695506 0.075000 3.839568 0.075000 8.558348 0.075000 8.727855 0.075000 8.038352 0.075000 8.315807 0.075000 3.552465 0.075000 3.391131 0.075000
5.133343 0.075000 4.888137 0.075000 3.663003 0.075000 3.866223 0.075000 8.828843 0.075000 8.698500 0.075000 7.909044 0.075000 8.277159 0.075000 3.367207 0.075000 3.442504 0.075000
5.264131 0.075000 5.150415 0.075000 3.619885 0.075000 4.010046 0.075000 8.962813 0.075000 8.858712 0.075000 8.209989 0.075000 8.510622 0.375000 3.493874 0.075000 3.315859 0.075000
5.323029 0.075000 5.291719 0.375000 3.681579 0.075000 3.710308 0.075000 8.890710 0.075000 8.540511 0.075000 7.914877 0.075000 8.131481 0.075000 3.388247 0.075000 3.296747 0.075000
5.072162 0.075000 5.006726 0.075000 3.683290 0.075000 3.692974 0.375000 8.697735 0.075000 9.178452 0.375000 7.930533 0.075000 8.033184 0.075000 3.196203 0.075000 3.473951 0.075000
5.074119 0.075000 5.541979 0.375000 3.615102 0.075000 3.691152 0.075000 8.801407 0.075000 8.879764 0.075000 7.876859 0.075000 7.965131 0.075000 3.332554 0.075000 3.548619 0.075000
5.273563 0.075000 5.232440 0.075000 3.924632 0.375000 3.659577 0.075000 8.745013 0.075000 8.868701 0.075000 7.865689 0.075000 7.979822 0.075000 3.114650 0.075000 3.454062 0.075000
5.209223 0.075000 5.404779 0.075000 3.718079 0.075000 3.754552 0.075000 8.510188 0.075000 8.729724 0.075000 7.598882 0.075000 8.932291 0.375000 3.282192 0.075000 3.442326 0.075000
5.506573 0.075000 5.365966 0.075000 3.513923 0.075000 3.586338 0.075000 8.520072 0.075000 8.574671 0.075000 7.675676 0.075000 7.769435 0.075000 3.180794 0.075000 3.246248 0.075000
6.268535 0.375000 5.399615 0.075000 3.604463 0.075000 3.779629 0.075000 8.322852 0.075000 8.605006 0.075000 7.369211 0.075000 7.455658 0.075000 2.909290 0.075000 3.068883 0.075000
5.443821 0.075000 5.409370 0.375000 3.702607 0.075000 3.823847 0.075000 8.166194 0.075000 8.601636 0.075000 7.293886 0.075000 7.560537 0.075000 2.767707 0.075000 3.021220 0.075000
7.264173 0.375000 5.432753 0.075000 3.968314 0.075000 3.582520 0.075000 8.294899 0.075000 8.380808 0.075000 7.193527 0.075000 7.592920 0.075000 2.601714 0.075000 3.048056 0.075000
5.655313 0.075000 5.566997 0.075000 3.861419 0.075000 3.716013 0.075000 8.129550 0.075000 8.315000 0.075000 7.034708 0.075000 7.534891 0.075000 2.494270 0.075000 2.709128 0.075000
5.665010 0.075000 5.606462 0.075000 4.000293 0.075000 3.904642 0.075000 8.064916 0.075000 8.329891 0.075000 6.998611 0.075000 7.257515 0.075000 2.432496 0.075000 2.613511 0.075000
5.733694 0.075000 5.908103 0.375000 4.018077 0.075000 3.958547 0.075000 7.897712 0.075000 8.137634 0.075000 6.956081 0.075000 6.922964 0.075000 2.245101 0.075000 2.624946 0.075000
5.741469 0.375000 5.568722 0.075000 4.036927 0.075000 4.037808 0.075000 7.680370 0.075000 8.204295 0.375000 6.680046 0.075000 7.006824 0.075000 1.875266 0.075000 2.322527 0.075000
5.763427 0.075000 5.662852 0.075000 4.108567 0.075000 3.899006 0.375000 7.597680 0.075000 7.822698 0.075000 6.671327 0.075000 7.022536 0.075000 2.113498 0.075000 2.261739 0.075000
5.965249 0.075000 5.677275 0.075000 4.261427 0.075000 4.208444 0.075000 7.685454 0.075000 7.824884 0.075000 6.616627 0.075000 6.697865 0.075000 2.024227 0.075000 2.170549 0.075000
6.313596 0.375000 5.791729 0.075000 4.576106 0.075000 4.365178 0.075000 7.415796 0.075000 7.769893 0.075000 6.420201 0.075000 6.382901 0.075000 2.066625 0.075000 1.966648 0.075000
5.892410 0.075000 5.765672 0.075000 4.505465 0.075000 4.250276 0.075000 7.548137 0.075000 7.617664 0.075000 6.206640 0.075000 6.576555 0.075000 1.845006 0.075000 2.136015 0.075000
6.323188 0.375000 5.801435 0.075000 4.505953 0.075000 4.549991 0.375000 7.347558 0.075000 7.475077 0.075000 5.954600 0.075000 6.298164 0.075000 1.617815 0.075000 2.062451 0.075000
6.027567 0.075000 6.083563 0.075000 4.698992 0.075000 4.468126 0.075000 7.214044 0.075000 7.458527 0.075000 5.911167 0.075000 6.244411 0.075000 1.772382 0.075000 2.044950 0.375000
6.088962 0.075000 6.230494 0.075000 4.675651 0.075000 4.594397 0.075000 7.210120 0.375000 7.266365 0.075000 5.843479 0.075000 6.117957 0.375000 1.524277 0.375000 1.723011 0.075000
6.260318 0.075000 6.432888 0.375000 4.687833 0.075000 4.707225 0.075000 7.201271 0.075000 7.330244 0.075000 5.852128 0.075000 6.036887 0.075000 1.291224 0.075000 1.580286 0.075000
6.330278 0.075000 6.279572 0.075000 4.931015 0.075000 4.723685 0.075000 6.975670 0.075000 7.177613 0.075000 5.644689 0.075000 6.009450 0.075000 1.358023 0.075000 1.268285 0.075000
6.486755 0.075000 6.304370 0.075000 5.105708 0.075000 5.002469 0.075000 7.095943 0.075000 7.303344 0.375000 5.631516 0.075000 5.872526 0.375000 1.411046 0.075000 1.262825 0.075000
6.453052 0.075000 6.396175 0.075000 5.006194 0.075000 5.004151 0.075000 7.092006 0.075000 7.005907 0.075000 5.440826 0.075000 5.903671 0.075000 1.461798 0.075000 1.396765 0.075000
6.301355 0.075000 6.435795 0.075000 5.100772 0.075000 5.035402 0.075000 6.817377 0.075000 6.776495 0.075000 5.564837 0.075000 5.650927 0.075000 1.201830 0.075000 1.316162 0.075000
6.747583 0.075000 6.469378 0.075000 5.215664 0.075000 5.154771 0.075000 6.852123 0.075000 6.942577 0.375000 5.358196 0.075000 5.572470 0.075000 1.407110 0.075000 1.151303 0.075000
6.745648 0.075000 6.664498 0.075000 5.464090 0.075000 5.274269 0.075000 6.547969 0.075000 6.793532 0.075000 5.345996 0.075000 5.261560 0.375000 1.220623 0.075000 1.216630 0.075000
6.844367 0.075000 6.881606 0.075000 5.570472 0.375000 5.216777 0.075000 7.006826 0.375000 6.622123 0.075000 5.112218 0.075000 5.378871 0.075000 1.438971 0.075000 1.281903 0.075000
6.902058 0.075000 6.566857 0.075000 5.621537 0.075000 5.489055 0.075000 6.445498 0.075000 6.562575 0.075000 5.268044 0.375000 5.325452 0.075000 1.430833 0.075000 1.172887 0.075000
7.082089 0.075000 6.943641 0.075000 5.706730 0.075000 5.335082 0.075000 6.541860 0.075000 6.540598 0.075000 4.996063 0.075000 5.122209 0.075000 1.354169 0.075000 1.680148 0.375000
7.645524 0.375000 6.789394 0.075000 5.790264 0.075000 5.586683 0.075000 6.227143 0.075000 6.422018 0.075000 4.919719 0.075000 4.955829 0.075000 1.324147 0.075000 1.368743 0.075000
7.099306 0.075000 6.911711 0.075000 5.943139 0.075000 5.762559 0.075000 6.384740 0.375000 6.361382 0.075000 4.833455 0.075000 4.954911 0.075000 1.412016 0.075000 1.177226 0.075000
7.175126 0.075000 7.087716 0.075000 6.010853 0.075000 5.866785 0.075000 6.226437 0.075000 6.238645 0.075000 4.561065 0.075000 4.745344 0.075000 1.689028 0.075000 1.267917 0.075000
7.703166 0.375000 7.313353 0.075000 6.097595 0.075000 6.128601 0.075000 6.245273 0.075000 6.457354 0.075000 4.576321 0.075000 4.764556 0.075000 1.661183 0.075000 1.405086 0.075000
7.413151 0.075000 7.317959 0.075000 6.134338 0.075000 6.011415 0.075000 6.102325 0.075000 6.070336 0.075000 4.631721 0.075000 4.718395 0.075000 1.707487 0.075000 1.613822 0.075000
7.503290 0.075000 7.547332 0.075000 6.288441 0.075000 6.056806 0.075000 6.011419 0.075000 6.101627 0.075000 4.397236 0.075000 4.572689 0.075000 1.812279 0.075000 1.701613 0.075000
7.742896 0.375000 7.378305 0.075000 6.333151 0.075000 6.430391 0.075000 5.974711 0.075000 6.039678 0.075000 4.318554 0.075000 4.765411 0.375000 1.986418 0.075000 1.837337 0.075000
7.680049 0.075000 7.430579 0.075000 6.465042 0.375000 6.255358 0.075000 5.931777 0.375000 6.069820 0.075000 4.241775 0.075000 4.380540 0.075000 2.107886 0.075000 1.947513 0.075000
7.752968 0.075000 7.590522 0.075000 6.785719 0.075000 6.579659 0.075000 5.805567 0.075000 5.817464 0.075000 4.282827 0.375000 4.279596 0.375000 2.050541 0.075000 2.136956 0.075000
7.953672 0.075000 7.582516 0.075000 6.757094 0.075000 6.428256 0.075000 5.761004 0.075000 5.975501 0.075000 3.998737 0.075000 4.280795 0.075000 2.221992 0.075000 2.248628 0.075000
7.872733 0.075000 7.771039 0.075000 6.774658 0.075000 7.404077 0.375000 5.630877 0.075000 5.813303 0.075000 3.968141 0.075000 4.062130 0.075000 2.365610 0.075000 2.162898 0.075000
8.060187 0.075000 7.869980 0.075000 6.894410 0.075000 6.857080 0.075000 5.753450 0.075000 5.675509 0.075000 3.937606 0.075000 3.918753 0.075000 2.899890 0.375000 2.309309 0.375000
8.279331 0.075000 8.070047 0.075000 6.862158 0.075000 6.889124 0.075000 5.779199 0.075000 5.691846 0.075000 4.127285 0.075000 4.023934 0.075000 2.524150 0.075000 2.500348 0.075000
8.237252 0.075000 8.277997 0.375000 7.098096 0.075000 7.132440 0.075000 5.629359 0.075000 5.720474 0.075000 4.140605 0.375000 4.026158 0.075000 2.644504 0.075000 2.610020 0.075000
8.255560 0.375000 8.322219 0.075000 7.188707 0.075000 7.059000 0.075000 5.705615 0.075000 5.864715 0.075000 3.818765 0.075000 3.875168 0.075000 2.762566 0.075000 2.635148 0.075000
9.461265 0.375000 7.968939 0.075000 7.273515 0.075000 7.167843 0.075000 5.521333 0.075000 5.562761 0.075000 3.830982 0.075000 3.792427 0.375000 2.825264 0.075000 2.437420 0.375000
8.438379 0.075000 8.322686 0.075000 7.451316 0.075000 7.201958 0.075000 5.508674 0.075000 5.529724 0.075000 3.710386 0.075000 3.768679 0.075000 2.889218 0.075000 2.847078 0.075000
8.366098 0.075000 8.495071 0.075000 7.442688 0.075000 7.330560 0.075000 5.517377 0.075000 5.559937 0.075000 3.529297 0.075000 3.800556 0.075000 3.091043 0.075000 2.814690 0.075000
8.491417 0.075000 8.327654 0.075000 7.446689 0.075000 7.429847 0.075000 5.401756 0.375000 5.726669 0.075000 3.763696 0.075000 3.611363 0.075000 3.301547 0.075000 3.474938 0.375000
8.604932 0.075000 8.423123 0.075000 7.462752 0.075000 7.523564 0.075000 5.815199 0.375000 6.344701 0.375000 3.610718 0.075000 4.164409 0.375000 3.167712 0.075000 3.000532 0.375000
9.490034 0.375000 8.550908 0.075000 7.640670 0.075000 7.503287 0.075000 5.562248 0.075000 5.383471 0.075000 3.710705 0.075000 3.697755 0.075000 3.328131 0.075000 3.019809 0.075000
8.684628 0.075000 8.542239 0.075000 7.549428 0.075000 7.371788 0.075000 5.413151 0.075000 5.486642 0.075000 3.503277 0.075000 3.708953 0.075000 3.648342 0.375000 3.005316 0.075000
8.757964 0.075000 8.519338 0.075000 7.996265 0.375000 7.525584 0.075000 5.196780 0.075000 5.313781 0.375000 3.446553 0.075000 3.916004 0.375000 3.287990 0.075000 3.146286 0.075000
8.728519 0.075000 8.650227 0.075000 7.671663 0.075000 7.628821 0.075000 5.355967 0.075000 5.346914 0.075000 3.465730 0.075000 3.455976 0.075000 3.356645 0.075000 3.323488 0.375000
8.891885 0.075000 8.843874 0.075000 7.640513 0.075000 7.575777 0.075000 5.586541 0.075000 5.398748 0.075000 3.352843 0.075000 3.762350 0.075000 3.387339 0.075000 3.222313 0.075000
8.995252 0.075000 8.786967 0.075000 7.910913 0.075000 7.800302 0.075000 5.465562 0.075000 5.636246 0.075000 3.218211 0.075000 3.352075 0.075000 3.457716 0.075000 3.252922 0.075000
9.190469 0.075000 8.990908 0.075000 7.644021 0.075000 7.735392 0.075000 5.835787 0.075000 5.452024 0.075000 3.404473 0.075000 3.303295 0.075000 3.635005 0.075000 3.358067 0.075000
9.212993 0.075000 8.942373 0.075000 7.820536 0.075000 7.663405 0.075000 5.936739 0.075000 5.740334 0.075000 2.997114 0.075000 3.313204 0.075000 3.610730 0.075000 3.463002 0.075000
9.161588 0.075000 8.990771 0.075000 7.757934 0.075000 7.741635 0.075000 6.035834 0.075000 5.866312 0.075000 2.724577 0.075000 3.059670 0.075000 3.765624 0.075000 3.473299 0.075000
9.315808 0.075000 9.301421 0.075000 7.713319 0.075000 7.746870 0.075000 6.042066 0.075000 5.803499 0.075000 2.721260 0.075000 3.057006 0.075000 3.769481 0.075000 3.576421 0.075000
9.426827 0.075000 9.414105 0.075000 8.272014 0.375000 7.765993 0.075000 6.265522 0.075000 5.998205 0.075000 2.858356 0.075000 2.841499 0.075000 3.707304 0.075000 3.640062 0.075000
9.470876 0.075000 9.183397 0.075000 7.638305 0.075000 7.783541 0.075000 6.607476 0.075000 6.307704 0.075000 2.605289 0.075000 2.646798 0.075000 3.868780 0.075000 3.844686 0.075000
9.612424 0.075000 9.328257 0.075000 7.355616 0.075000 7.597880 0.075000 6.494989 0.075000 6.200597 0.075000 2.689747 0.075000 2.496650 0.075000 3.829948 0.075000 3.645548 0.075000
9.705449 0.075000 9.785286 0.375000 7.799162 0.375000 7.530307 0.075000 6.647116 0.075000 6.566257 0.075000 2.431909 0.075000 2.559905 0.075000 4.586467 0.375000 3.853525 0.075000
9.648035 0.075000 9.595880 0.075000 7.264092 0.075000 7.611719 0.075000 6.822962 0.075000 6.550149 0.075000 2.216646 0.075000 2.478946 0.075000 4.009146 0.075000 3.784635 0.075000
9.711234 0.075000 9.687885 0.075000 7.447926 0.075000 8.124077 0.375000 6.758714 0.075000 6.676422 0.075000 2.230273 0.075000 2.305449 0.075000 4.057250 0.075000 3.982372 0.075000
9.867402 0.075000 9.757018 0.075000 7.497079 0.075000 8.311865 0.375000 6.826533 0.075000 6.658912 0.075000 2.039257 0.075000 2.247409 0.075000 4.131085 0.075000 4.097144 0.075000
9.889773 0.075000 9.808629 0.075000 7.539364 0.075000 7.429800 0.075000 6.835075 0.075000 6.694479 0.075000 1.872072 0.075000 2.411957 0.075000 4.217754 0.075000 4.076084 0.075000
10.108216 0.075000 9.817737 0.075000 8.122919 0.375000 7.569660 0.075000 6.868488 0.075000 6.822713 0.075000 2.006518 0.075000 2.226957 0.075000 4.619952 0.375000 4.144713 0.075000
10.023328 0.075000 9.765060 0.075000 7.733782 0.375000 7.437871 0.075000 7.108322 0.075000 6.936878 0.075000 2.049021 0.075000 1.997923 0.075000 4.370526 0.075000 4.138047 0.375000
10.002060 0.075000 9.969481 0.075000 7.393583 0.075000 7.578404 0.075000 7.153519 0.075000 6.756249 0.075000 1.819053 0.075000 1.970524 0.075000 4.328635 0.075000 4.209764 0.075000
10.090379 0.075000 9.918687 0.075000 7.530134 0.075000 7.212408 0.075000 7.048785 0.075000 7.041790 0.075000 1.954029 0.075000 2.025068 0.075000 4.310587 0.075000 4.251571 0.075000
10.078643 0.075000 9.950532 0.075000 7.517881 0.075000 7.322414 0.075000 7.046034 0.075000 6.943026 0.075000 1.926598 0.075000 1.919780 0.075000 4.571571 0.075000 4.196793 0.075000
10.028452 0.075000 9.991097 0.075000 7.255143 0.075000 7.481128 0.075000 7.205242 0.375000 7.129914 0.075000 1.721944 0.075000 2.015373 0.075000 4.453515 0.075000 4.274677 0.075000
9.873340 0.075000 10.165948 0.075000 7.320149 0.075000 7.455474 0.075000 7.444298 0.075000 7.175714 0.075000 1.905843 0.075000 1.981717 0.075000 4.543448 0.075000 4.394574 0.075000
10.116185 0.375000 10.002260 0.075000 7.120868 0.075000 7.340316 0.075000 7.419626 0.375000 7.194813 0.075000 1.943273 0.075000 2.028824 0.075000 4.384819 0.075000 4.373039 0.075000
9.855207 0.075000 9.945692 0.075000 7.066251 0.075000 7.129734 0.075000 7.140224 0.075000 7.232827 0.075000 2.343936 0.375000 1.961092 0.075000 4.381962 0.075000 4.607545 0.375000
9.625628 0.075000 10.053889 0.075000 6.791297 0.075000 7.084058 0.075000 7.330324 0.075000 7.339187 0.075000 2.110756 0.075000 1.978775 0.075000 4.140461 0.075000 4.343026 0.075000
9.688092 0.075000 9.970254 0.075000 6.799404 0.075000 7.072187 0.075000 7.658781 0.375000 7.298860 0.075000 2.159832 0.075000 2.326069 0.375000 4.257582 0.075000 4.196873 0.075000
9.568545 0.075000 9.777740 0.075000 6.493409 0.075000 7.055346 0.075000 7.285087 0.075000 7.533042 0.375000 2.257529 0.375000 2.249581 0.375000 3.998845 0.075000 3.941262 0.075000
9.562970 0.075000 9.656960 0.075000 6.967121 0.375000 6.795712 0.075000 8.454010 0.375000 7.412656 0.375000 2.524874 0.075000 2.187262 0.075000 3.715137 0.075000 4.091538 0.075000
9.560758 0.075000 9.567041 0.075000 6.234483 0.075000 6.833816 0.075000 7.439882 0.075000 7.257028 0.075000 2.636571 0.075000 2.448193 0.075000 3.836186 0.075000 3.911912 0.075000
9.286290 0.075000 9.534938 0.075000 6.327022 0.075000 6.580171 0.075000 7.581660 0.075000 7.521530 0.075000 2.473049 0.075000 2.485837 0.075000 3.711162 0.075000 4.090877 0.075000
9.249681 0.075000 9.585791 0.075000 6.097639 0.075000 6.187341 0.075000 7.625700 0.075000 7.660924 0.075000 2.803358 0.075000 2.494684 0.075000 3.615220 0.075000 3.649981 0.075000
9.196995 0.075000 9.381994 0.075000 5.973638 0.075000 6.250615 0.075000 7.484416 0.075000 7.425597 0.075000 3.255811 0.375000 2.708825 0.075000 3.761085 0.075000 3.737534 0.075000
9.243324 0.075000 9.267350 0.075000 5.820185 0.075000 6.021322 0.075000 7.578612 0.375000 7.654279 0.075000 2.998054 0.075000 3.434202 0.375000 3.671748 0.075000 3.697313 0.075000
8.958255 0.075000 9.240371 0.075000 5.841718 0.075000 6.240473 0.375000 7.839838 0.075000 7.501531 0.075000 3.306968 0.075000 2.872771 0.075000 3.531035 0.075000 3.644296 0.075000
9.046499 0.075000 9.086026 0.075000 5.714370 0.075000 5.655521 0.375000 7.680539 0.075000 7.623302 0.075000 3.184433 0.075000 3.053182 0.075000 3.517475 0.075000 3.517150 0.075000
9.228029 0.375000 9.138429 0.075000 5.394104 0.075000 5.658917 0.075000 7.873816 0.075000 7.676397 0.075000 3.261419 0.075000 3.153080 0.075000 3.371444 0.075000 3.337570 0.075000
8.791698 0.075000 8.934932 0.075000 5.514458 0.075000 5.609600 0.075000 7.723138 0.075000 7.593601 0.075000 3.375647 0.075000 3.463682 0.075000 3.738809 0.375000 3.593305 0.075000
8.804452 0.075000 9.002556 0.375000 5.343916 0.075000 5.496494 0.075000 9.080197 0.375000 7.754943 0.075000 3.492193 0.375000 3.380440 0.075000 3.379272 0.075000 3.549926 0.075000
8.784404 0.075000 8.961293 0.075000 5.029722 0.075000 5.435893 0.075000 8.239943 0.375000 7.968913 0.075000 3.594372 0.075000 3.425803 0.075000 3.356403 0.075000 3.262178 0.375000
8.614466 0.075000 8.929751 0.375000 5.053113 0.075000 5.082277 0.075000 8.140516 0.075000 7.843969 0.075000 3.959581 0.075000 3.500727 0.075000 3.247411 0.075000 3.175169 0.075000
8.567486 0.075000 8.851614 0.075000 4.966369 0.075000 5.256733 0.075000 7.958774 0.075000 8.130917 0.075000 3.934459 0.075000 3.680700 0.075000 3.390226 0.075000 3.569888 0.075000
8.636211 0.375000 8.746103 0.075000 4.799631 0.075000 4.964273 0.075000 8.441767 0.375000 8.082706 0.075000 4.034920 0.075000 3.868594 0.075000 3.363676 0.075000 3.249958 0.075000
8.517617 0.075000 8.853687 0.075000 4.934349 0.075000 4.723277 0.375000 8.054221 0.075000 8.113853 0.075000 4.264987 0.075000 4.100712 0.075000 3.160589 0.075000 3.230725 0.075000
8.446914 0.075000 8.413399 0.075000 4.604201 0.075000 4.915190 0.075000 8.197604 0.375000 8.263302 0.075000 4.274360 0.075000 4.034833 0.075000 3.278030 0.075000 3.241766 0.075000
8.183634 0.075000 8.496030 0.075000 4.585262 0.075000 4.692233 0.075000 8.279326 0.075000 8.126586 0.075000 4.431653 0.075000 4.360304 0.075000 3.457415 0.075000 3.244753 0.075000
8.345739 0.075000 8.412767 0.075000 4.248137 0.075000 4.620403 0.075000 8.310833 0.075000 8.274140 0.075000 4.412748 0.075000 4.167719 0.075000 3.168228 0.075000 3.257153 0.075000
8.103981 0.075000 8.310207 0.075000 4.006516 0.075000 4.662887 0.075000 8.589902 0.075000 8.238436 0.075000 4.534474 0.075000 4.554529 0.075000 3.122982 0.075000 3.279046 0.075000
8.098920 0.075000 8.228163 0.075000 4.412721 0.375000 4.331925 0.075000 8.456461 0.075000 8.441719 0.075000 4.741021 0.075000 4.548474 0.075000 3.230050 0.075000 3.043996 0.075000
7.875356 0.075000 7.906913 0.075000 3.974564 0.075000 4.118400 0.075000 8.691565 0.075000 8.655195 0.075000 5.216825 0.375000 4.838760 0.075000 3.299270 0.375000 3.260777 0.075000
7.922427 0.075000 8.166432 0.075000 4.054556 0.375000 4.038624 0.075000 8.719061 0.075000 8.542918 0.075000 4.938538 0.075000 4.911864 0.075000 3.227413 0.075000 3.307329 0.075000
8.046333 0.075000 8.331139 0.075000 3.687601 0.075000 3.951855 0.075000 8.652782 0.075000 8.602002 0.075000 5.015282 0.075000 5.027200 0.075000 4.732844 0.375000 3.174467 0.075000
7.885034 0.075000 8.176466 0.075000 3.572477 0.075000 3.860920 0.075000 8.839826 0.075000 8.936948 0.075000 5.120556 0.075000 5.023930 0.075000 3.483131 0.375000 3.596386 0.075000
7.862524 0.075000 7.998272 0.075000 3.501435 0.075000 3.632371 0.075000 8.834942 0.075000 8.768396 0.075000 5.283969 0.075000 5.061599 0.075000 3.305893 0.075000 3.439713 0.075000
7.995583 0.075000 8.057895 0.075000 3.369137 0.075000 3.352254 0.075000 9.083883 0.075000 8.775085 0.075000 5.442969 0.075000 5.401499 0.075000 3.396085 0.075000 3.394054 0.075000
7.826036 0.075000 7.783996 0.075000 3.274564 0.075000 3.494045 0.075000 9.057758 0.075000 9.422841 0.375000 5.677451 0.075000 5.164000 0.075000 3.465625 0.075000 3.463630 0.075000
7.803739 0.075000 7.685877 0.075000 3.098506 0.075000 3.257823 0.075000 9.082361 0.075000 9.255916 0.375000 5.822048 0.075000 5.650025 0.075000 3.383732 0.075000 3.425484 0.075000
7.647608 0.075000 7.758581 0.075000 3.132379 0.075000 3.288778 0.075000 9.319118 0.375000 8.846894 0.075000 6.008768 0.075000 5.869785 0.075000 3.663417 0.075000 3.377147 0.075000
7.752171 0.075000 7.721108 0.075000 3.110822 0.375000 3.143574 0.075000 9.123259 0.075000 9.023398 0.075000 6.006979 0.075000 5.711416 0.075000 4.421155 0.375000 3.579336 0.075000
7.710663 0.075000 7.671658 0.075000 2.906057 0.075000 2.970071 0.075000 9.479341 0.075000 9.179527 0.075000 6.965231 0.375000 5.961662 0.075000 3.824711 0.075000 3.649554 0.075000
7.794741 0.075000 7.829120 0.375000 2.671383 0.075000 2.775499 0.075000 9.413048 0.075000 9.319376 0.075000 6.420733 0.075000 6.172410 0.075000 3.720672 0.075000 3.647414 0.075000
7.699627 0.075000 7.827512 0.075000 2.441313 0.075000 2.760413 0.075000 9.575628 0.075000 9.401943 0.075000 6.566890 0.075000 6.140440 0.075000 3.886628 0.075000 3.887477 0.075000
7.510372 0.075000 7.621710 0.075000 2.528768 0.075000 2.682726 0.075000 9.532393 0.075000 9.411521 0.075000 6.344988 0.075000 6.288743 0.075000 4.016338 0.075000 3.775756 0.075000
7.530909 0.075000 7.496588 0.375000 2.420155 0.075000 2.688736 0.075000 9.711031 0.075000 9.484584 0.075000 6.889790 0.075000 6.471397 0.075000 4.537758 0.375000 3.983199 0.075000
7.390244 0.075000 7.576140 0.075000 2.393887 0.075000 2.324435 0.075000 9.587916 0.075000 9.581352 0.075000 6.519289 0.075000 7.293926 0.375000 3.940334 0.075000 4.052585 0.075000
7.654871 0.075000 7.510962 0.075000 2.174166 0.075000 2.543518 0.075000 9.554738 0.075000 9.633563 0.075000 6.843539 0.075000 6.598087 0.075000 4.244269 0.375000 3.879947 0.075000
7.928551 0.375000 7.431058 0.075000 2.669376 0.375000 2.235397 0.075000 9.889422 0.075000 9.571169 0.075000 7.083773 0.075000 6.743613 0.075000 4.164953 0.075000 4.475839 0.375000
7.437007 0.075000 7.322702 0.075000 2.033563 0.075000 2.252782 0.075000 9.910559 0.075000 9.816654 0.075000 6.985539 0.375000 6.736554 0.075000 4.516072 0.375000 4.198519 0.075000
7.558189 0.075000 7.513569 0.075000 1.877402 0.075000 2.160221 0.075000 9.785234 0.075000 10.118564 0.375000 7.016127 0.075000 6.831654 0.075000 4.368865 0.375000 4.001591 0.075000
7.426240 0.075000 7.605918 0.075000 2.189195 0.375000 2.245319 0.075000 9.936208 0.075000 9.813535 0.075000 7.088635 0.075000 6.680019 0.075000 4.274034 0.075000 4.344380 0.075000
7.359642 0.075000 7.494191 0.075000 1.978652 0.075000 2.097867 0.075000 10.072172 0.075000 9.981471 0.075000 7.096811 0.075000 6.975422 0.075000 4.375509 0.075000 4.247819 0.075000
