7.367693 0.030000 4.004266 0.030000 3.130969 0.030000 2.484778 0.030000 3.437736 0.030000
7.231536 0.030000 4.050243 0.030000 3.155647 0.030000 2.539653 0.030000 3.298083 0.030000
7.141669 0.030000 4.073047 0.030000 3.295944 0.030000 2.654677 0.030000 3.151448 0.030000
7.068936 0.030000 4.205747 0.030000 3.379924 0.030000 2.839094 0.030000 3.044384 0.030000
6.893725 0.030000 4.290032 0.030000 3.511015 0.030000 2.905162 0.030000 2.897913 0.030000
6.802099 0.030000 4.360083 0.030000 3.602344 0.030000 3.029667 0.030000 2.844912 0.030000
6.742372 0.030000 4.444955 0.030000 4.195430 0.150000 3.262677 0.030000 2.678713 0.030000
6.592423 0.030000 4.561043 0.030000 3.847324 0.030000 3.574105 0.150000 2.541006 0.030000
6.519237 0.030000 4.993639 0.150000 4.485091 0.150000 3.356914 0.030000 2.479089 0.030000
6.380699 0.030000 4.723931 0.030000 4.061793 0.030000 3.572473 0.030000 2.381748 0.030000
6.266352 0.030000 4.840021 0.030000 4.204313 0.030000 3.658414 0.030000 2.254869 0.030000
6.197383 0.030000 4.873601 0.030000 4.272080 0.030000 3.774297 0.030000 2.160688 0.030000
6.143824 0.030000 4.969466 0.030000 4.435695 0.030000 3.893192 0.030000 2.023752 0.030000
5.989371 0.030000 5.072434 0.030000 4.609931 0.030000 4.744050 0.150000 1.856143 0.150000
5.902010 0.030000 5.226735 0.030000 4.634346 0.030000 4.187875 0.030000 2.046991 0.150000
5.803581 0.030000 5.293609 0.030000 4.827067 0.030000 4.326621 0.030000 1.724208 0.030000
5.705403 0.030000 5.423907 0.030000 4.893050 0.030000 4.391969 0.030000 1.610949 0.030000
5.603954 0.030000 5.502912 0.030000 5.104234 0.030000 4.569752 0.030000 1.485279 0.030000
5.476811 0.030000 5.663992 0.030000 5.171717 0.030000 4.669993 0.030000 1.426065 0.030000
5.365083 0.150000 5.640672 0.150000 5.420260 0.150000 4.804575 0.030000 1.347927 0.030000
5.278664 0.030000 5.823733 0.030000 5.419612 0.030000 4.951257 0.030000 1.287124 0.030000
5.152772 0.030000 5.936842 0.030000 5.509371 0.030000 5.081913 0.030000 1.195518 0.030000
5.106271 0.030000 6.044790 0.030000 5.629891 0.030000 5.232840 0.030000 1.048992 0.150000
4.982881 0.030000 6.141773 0.030000 5.777129 0.030000 5.325067 0.030000 1.072546 0.030000
4.905450 0.030000 6.258350 0.030000 5.888215 0.030000 5.398452 0.030000 0.983040 0.030000
4.832198 0.030000 6.324909 0.030000 5.989372 0.030000 5.531870 0.030000 0.989423 0.030000
4.781967 0.030000 6.437253 0.030000 6.154278 0.030000 5.674533 0.030000 1.053568 0.030000
4.700985 0.030000 6.558683 0.030000 6.240279 0.030000 5.845807 0.030000 1.081318 0.030000
4.596848 0.030000 6.663174 0.030000 6.345549 0.030000 5.960894 0.030000 1.028790 0.030000
4.508576 0.030000 6.811925 0.030000 6.518955 0.030000 6.054244 0.030000 1.051224 0.030000
4.421062 0.030000 6.913256 0.030000 6.593460 0.030000 6.190886 0.030000 1.145690 0.030000
4.328571 0.030000 7.040063 0.030000 6.732020 0.030000 6.276131 0.030000 1.182479 0.030000
4.264226 0.030000 7.140913 0.030000 6.827655 0.030000 6.442574 0.030000 1.271015 0.030000
4.230989 0.030000 7.229285 0.030000 6.981882 0.030000 6.563500 0.030000 1.321770 0.030000
4.157619 0.030000 7.376829 0.030000 7.166481 0.030000 6.685610 0.030000 2.939938 0.150000
4.294071 0.150000 7.474272 0.030000 7.200372 0.030000 6.789530 0.030000 1.568393 0.030000
4.010648 0.030000 7.544519 0.030000 7.338791 0.030000 7.030930 0.030000 1.627548 0.030000
4.636824 0.150000 7.706855 0.030000 7.491592 0.030000 7.018225 0.030000 1.722006 0.030000
3.857600 0.030000 7.775333 0.030000 7.570139 0.150000 7.168097 0.030000 1.808465 0.030000
3.781552 0.030000 7.931634 0.030000 7.797839 0.150000 7.556866 0.150000 1.903210 0.030000
3.748632 0.030000 8.021997 0.030000 7.879683 0.030000 7.832296 0.150000 2.357109 0.150000
3.780246 0.030000 8.120216 0.030000 7.935447 0.030000 7.747987 0.150000 2.095568 0.030000
3.748101 0.030000 8.233273 0.030000 8.125910 0.030000 7.940182 0.150000 2.234484 0.030000
3.678411 0.030000 8.356983 0.030000 8.165594 0.030000 7.789654 0.030000 2.347215 0.030000
3.620059 0.030000 8.474793 0.030000 8.273411 0.150000 7.965747 0.150000 2.454797 0.030000
3.619512 0.030000 8.566335 0.030000 8.501847 0.030000 8.351681 0.150000 2.551677 0.030000
3.900997 0.150000 8.721692 0.030000 8.587685 0.030000 8.212753 0.030000 2.665390 0.030000
3.545770 0.030000 8.884461 0.030000 8.726777 0.030000 8.328220 0.030000 2.843113 0.030000
4.260827 0.150000 8.975943 0.030000 8.814872 0.030000 8.412566 0.030000 2.889977 0.030000
3.479503 0.030000 9.369970 0.150000 8.890287 0.030000 8.496296 0.030000 2.912821 0.150000
3.491432 0.030000 9.762629 0.150000 8.963481 0.030000 8.525228 0.030000 3.041158 0.030000
3.494744 0.030000 9.162310 0.030000 9.091029 0.030000 8.681374 0.030000 3.168004 0.030000
3.439062 0.030000 9.246634 0.030000 9.181800 0.030000 8.704213 0.030000 3.225814 0.030000
3.446697 0.030000 9.378308 0.150000 9.184411 0.030000 8.808067 0.030000 3.291601 0.030000
3.433419 0.030000 9.324145 0.030000 9.260419 0.030000 8.811856 0.030000 3.356973 0.030000
3.473486 0.030000 9.383897 0.030000 9.346210 0.030000 8.898538 0.030000 3.374540 0.030000
3.470315 0.030000 9.380858 0.030000 9.376829 0.030000 8.925320 0.030000 3.355904 0.030000
3.465433 0.030000 9.448412 0.030000 9.544340 0.150000 8.955823 0.030000 3.437133 0.030000
3.449644 0.030000 9.435928 0.030000 9.697846 0.150000 8.987284 0.030000 3.461534 0.030000
3.377731 0.030000 10.111993 0.150000 9.453710 0.030000 9.081788 0.030000 3.629020 0.150000
3.318993 0.030000 9.489573 0.030000 9.484954 0.030000 9.149796 0.030000 3.602283 0.030000
3.138863 0.030000 9.569146 0.150000 9.495705 0.030000 9.156928 0.030000 3.778896 0.030000
3.086391 0.030000 9.450206 0.030000 9.571429 0.030000 9.216104 0.030000 3.813107 0.150000
2.897193 0.030000 9.422351 0.030000 9.398078 0.030000 9.144794 0.030000 3.814496 0.030000
2.794454 0.030000 9.389880 0.030000 9.816680 0.150000 9.187150 0.030000 3.856596 0.030000
2.667681 0.030000 9.375128 0.030000 9.426261 0.030000 9.196897 0.030000 3.904982 0.030000
2.976537 0.150000 9.292012 0.030000 9.424943 0.030000 9.141783 0.030000 3.977305 0.030000
2.391109 0.030000 9.350246 0.030000 9.478427 0.030000 9.214535 0.030000 4.054772 0.030000
2.317445 0.030000 9.249303 0.030000 9.408665 0.030000 9.255037 0.030000 3.970088 0.150000
2.236713 0.030000 9.050688 0.150000 9.453599 0.030000 9.256141 0.030000 4.150798 0.030000
2.052297 0.030000 9.240962 0.030000 9.371657 0.030000 9.291010 0.030000 4.270103 0.150000
1.903781 0.030000 9.236937 0.030000 9.962198 0.150000 9.304179 0.030000 4.262772 0.030000
1.726980 0.030000 9.181787 0.030000 9.394235 0.030000 9.371828 0.150000 4.384960 0.030000
1.671152 0.030000 9.181812 0.030000 9.332532 0.150000 9.685599 0.150000 4.392497 0.030000
1.489799 0.030000 9.140456 0.030000 9.484284 0.030000 9.360505 0.030000 4.563460 0.030000
