1.331665 0.030000 7.055047 0.030000 9.937799 0.030000 7.104947 0.030000
1.443358 0.030000 7.084248 0.030000 9.904856 0.030000 7.072945 0.030000
1.520166 0.030000 7.542327 0.150000 9.805189 0.030000 6.955845 0.030000
2.498535 0.150000 7.070950 0.030000 9.633675 0.030000 6.800975 0.030000
1.750521 0.030000 7.115692 0.030000 9.666256 0.030000 6.719416 0.030000
1.809531 0.030000 7.168590 0.030000 9.594921 0.030000 6.526872 0.030000
1.883250 0.030000 7.133063 0.030000 9.412888 0.030000 6.394160 0.150000
2.033646 0.030000 7.216478 0.030000 9.346495 0.030000 6.307652 0.030000
2.129522 0.030000 7.247330 0.030000 9.285054 0.030000 6.231884 0.030000
2.256990 0.030000 7.234813 0.030000 9.173663 0.030000 6.195854 0.150000
2.349975 0.030000 7.302789 0.030000 9.030139 0.030000 5.999477 0.030000
2.419821 0.030000 7.348609 0.030000 9.029291 0.030000 6.080386 0.150000
2.558080 0.030000 7.737074 0.150000 8.963531 0.030000 5.752551 0.030000
2.702859 0.030000 7.423130 0.030000 8.921125 0.030000 5.561417 0.030000
2.716761 0.030000 7.619559 0.150000 8.818021 0.030000 6.458089 0.150000
2.931629 0.030000 7.492054 0.030000 8.710998 0.030000 5.363068 0.030000
3.045959 0.030000 7.573665 0.030000 8.659252 0.030000 5.181959 0.030000
3.164261 0.030000 7.543899 0.030000 8.522736 0.030000 5.101411 0.030000
3.260238 0.030000 7.638614 0.030000 8.543034 0.030000 4.969802 0.030000
3.352081 0.030000 7.678965 0.030000 8.467744 0.030000 4.851734 0.030000
3.546056 0.030000 7.780552 0.030000 8.425329 0.030000 4.717208 0.030000
3.965351 0.150000 7.857031 0.030000 8.308647 0.030000 4.553081 0.030000
3.702504 0.030000 7.851523 0.030000 8.233960 0.030000 4.502865 0.030000
3.849655 0.150000 7.902123 0.030000 8.205613 0.030000 4.351614 0.030000
4.172507 0.150000 7.997284 0.030000 8.071089 0.030000 4.273109 0.030000
4.121545 0.030000 8.088963 0.030000 8.067516 0.030000 4.399553 0.150000
4.197772 0.030000 8.187375 0.030000 7.971771 0.030000 3.980644 0.030000
4.324641 0.030000 8.192645 0.030000 7.915466 0.030000 3.889632 0.030000
4.471256 0.030000 8.193700 0.030000 7.830379 0.150000 3.721246 0.030000
4.581939 0.030000 9.243896 0.150000 7.839406 0.030000 5.101272 0.150000
4.771800 0.030000 8.409025 0.030000 7.773596 0.030000 3.520501 0.030000
4.825504 0.150000 8.485077 0.030000 7.717629 0.030000 3.391703 0.030000
4.902218 0.030000 8.593667 0.030000 7.681274 0.030000 3.250571 0.030000
5.022697 0.150000 8.667241 0.030000 7.414041 0.150000 3.136520 0.030000
5.212700 0.030000 8.650234 0.030000 7.507047 0.030000 3.036454 0.030000
5.356160 0.030000 8.756299 0.030000 7.523288 0.030000 2.865517 0.030000
5.473691 0.030000 8.840315 0.030000 7.510723 0.030000 2.844504 0.030000
5.548304 0.030000 8.958234 0.030000 7.404771 0.030000 2.696273 0.030000
5.683245 0.030000 9.037840 0.030000 7.400517 0.030000 2.610466 0.030000
6.226608 0.150000 9.099969 0.030000 7.325411 0.030000 2.485670 0.030000
5.918784 0.030000 9.121173 0.030000 7.367276 0.030000 2.445681 0.030000
6.045964 0.030000 9.169693 0.030000 7.258625 0.030000 2.249270 0.030000
6.195422 0.030000 9.288612 0.030000 7.256263 0.030000 2.166076 0.030000
6.218673 0.030000 9.338564 0.030000 7.251366 0.030000 2.108978 0.030000
6.364400 0.030000 9.408997 0.030000 7.727582 0.150000 1.954925 0.030000
6.461891 0.030000 9.458277 0.030000 7.188555 0.030000 1.916798 0.030000
6.454996 0.030000 9.539218 0.030000 7.227853 0.030000 1.866963 0.030000
6.769664 0.150000 9.561191 0.030000 7.174992 0.030000 1.766033 0.030000
7.020864 0.150000 9.575808 0.030000 7.164135 0.030000 1.739898 0.030000
6.692093 0.030000 9.601209 0.030000 7.149996 0.150000 1.708196 0.030000
6.699815 0.030000 9.865236 0.150000 7.085226 0.030000 1.743844 0.030000
6.670951 0.030000 9.653224 0.030000 7.170808 0.030000 1.661486 0.030000
7.099504 0.150000 9.706106 0.030000 7.154095 0.030000 1.603286 0.030000
6.857396 0.030000 9.759916 0.030000 7.070681 0.030000 1.617769 0.030000
6.912763 0.030000 9.728360 0.030000 6.930404 0.030000 1.587755 0.030000
7.014048 0.030000 9.652280 0.030000 6.820218 0.150000 1.642215 0.030000
7.043935 0.030000 9.660357 0.030000 6.728543 0.030000 1.715750 0.030000
7.064801 0.030000 9.555217 0.030000 6.579254 0.030000 1.780800 0.030000
7.115985 0.030000 9.405456 0.030000 6.506156 0.030000 1.935183 0.030000
7.131819 0.030000 9.362950 0.030000 6.383581 0.030000 2.046842 0.030000
7.236828 0.030000 9.328650 0.030000 6.256712 0.030000 2.093669 0.030000
7.230764 0.030000 9.330392 0.150000 6.142602 0.030000 2.225236 0.030000
7.259119 0.030000 9.168139 0.030000 6.060124 0.030000 2.341652 0.030000
7.275289 0.030000 9.577464 0.150000 5.902870 0.030000 2.404060 0.030000
7.327203 0.030000 9.015026 0.030000 5.806432 0.030000 2.514727 0.030000
7.298648 0.030000 8.959780 0.030000 5.746295 0.030000 2.572853 0.030000
7.368068 0.030000 8.937932 0.030000 5.704354 0.030000 3.157019 0.150000
7.418061 0.030000 9.081592 0.150000 5.611618 0.030000 2.685349 0.030000
7.386281 0.030000 8.870025 0.030000 5.535291 0.030000 2.735034 0.030000
7.446961 0.030000 8.813915 0.030000 5.523308 0.030000 2.800747 0.030000
7.401687 0.030000 8.866712 0.030000 5.514856 0.030000 3.003397 0.150000
7.742685 0.150000 9.315401 0.150000 5.512953 0.030000 2.800927 0.030000
7.523522 0.030000 8.772223 0.030000 5.390086 0.030000 2.832910 0.030000
7.479203 0.030000 8.719335 0.030000 5.268038 0.030000 2.921947 0.030000
7.449975 0.030000 8.642295 0.030000 5.240773 0.030000 3.088756 0.030000
7.338402 0.030000 8.507232 0.030000 5.303198 0.030000 3.138405 0.030000
7.259468 0.030000 8.397228 0.030000 5.240856 0.030000 3.271657 0.030000
7.147465 0.030000 8.268748 0.030000 5.272276 0.030000 3.518221 0.150000
7.082382 0.030000 8.247815 0.030000 5.269633 0.030000 3.343898 0.030000
6.930341 0.030000 8.064193 0.030000 5.379482 0.030000 3.428360 0.030000
6.773188 0.030000 7.984998 0.030000 5.361626 0.030000 3.460530 0.030000
6.681875 0.030000 7.849478 0.030000 5.415598 0.030000 3.540527 0.030000
6.605123 0.030000 7.787005 0.030000 5.496055 0.030000 3.643293 0.030000
6.524156 0.030000 7.690489 0.030000 5.506122 0.030000 3.724874 0.030000
6.355613 0.030000 7.610719 0.030000 5.590416 0.030000 3.787178 0.030000
6.264026 0.030000 7.500555 0.030000 5.636206 0.030000 3.882944 0.030000
6.193743 0.150000 7.429587 0.030000 5.704066 0.030000 4.122428 0.150000
6.552958 0.150000 7.268708 0.030000 5.808029 0.030000 3.988505 0.030000
5.886754 0.030000 7.300985 0.030000 6.157127 0.150000 4.079256 0.030000
5.824165 0.030000 7.145669 0.030000 5.839891 0.030000 4.652154 0.150000
5.717846 0.030000 7.047676 0.030000 6.006367 0.030000 4.289690 0.030000
5.607573 0.030000 7.000294 0.030000 5.964259 0.030000 4.378997 0.030000
5.492099 0.030000 6.825484 0.030000 6.446185 0.150000 4.424104 0.030000
5.421541 0.030000 6.800241 0.030000 6.095079 0.030000 4.569635 0.030000
5.264087 0.030000 6.640544 0.030000 6.191885 0.030000 4.686822 0.030000
5.189209 0.030000 6.578693 0.030000 6.176685 0.030000 4.720546 0.030000
5.145313 0.030000 6.543836 0.030000 6.345501 0.030000 4.842521 0.030000
4.965866 0.030000 6.445055 0.030000 6.421898 0.030000 4.989876 0.030000
4.926686 0.150000 6.395937 0.030000 6.543271 0.030000 5.041145 0.030000
4.854483 0.030000 6.925197 0.150000 6.536309 0.030000 5.218970 0.030000
4.701787 0.030000 6.192015 0.030000 6.625923 0.030000 5.291793 0.030000
5.447013 0.150000 6.109744 0.030000 6.654474 0.030000 5.346135 0.030000
4.507808 0.030000 6.048308 0.030000 6.799602 0.030000 5.464367 0.030000
4.441676 0.030000 6.007798 0.030000 6.920204 0.030000 5.408008 0.150000
4.285123 0.030000 5.893825 0.030000 6.967110 0.030000 5.705007 0.030000
4.254297 0.030000 5.838832 0.030000 7.078672 0.030000 5.799471 0.030000
4.184390 0.030000 5.795268 0.030000 7.119346 0.030000 5.963989 0.030000
4.037422 0.030000 5.764726 0.030000 7.251214 0.030000 6.066382 0.030000
3.998973 0.030000 5.732293 0.030000 7.335254 0.030000 6.096917 0.030000
3.943202 0.030000 5.581744 0.030000 7.421172 0.030000 6.263942 0.030000
3.794402 0.030000 5.546449 0.030000 7.473640 0.030000 6.352679 0.030000
3.806144 0.030000 5.498326 0.030000 7.661899 0.030000 6.496841 0.030000
3.727109 0.030000 5.419593 0.030000 7.667276 0.030000 6.561164 0.030000
3.637685 0.030000 5.412044 0.030000 7.821955 0.030000 6.702192 0.030000
3.909597 0.150000 5.505920 0.150000 7.860102 0.030000 6.781926 0.150000
3.512630 0.030000 5.270749 0.030000 7.948874 0.030000 6.849377 0.030000
3.490925 0.030000 5.297608 0.030000 8.234499 0.150000 6.940798 0.030000
3.474632 0.030000 5.332489 0.030000 8.127753 0.030000 7.057438 0.030000
3.400836 0.030000 5.237042 0.030000 8.143641 0.030000 7.078984 0.030000
3.374282 0.030000 5.150730 0.150000 8.198821 0.030000 7.113309 0.030000
3.405613 0.030000 5.221944 0.030000 8.215679 0.030000 7.211348 0.030000
3.349853 0.030000 5.235431 0.030000 8.175422 0.030000 7.209979 0.030000
3.361044 0.030000 5.191883 0.030000 8.223340 0.030000 7.208696 0.030000
3.278564 0.030000 5.159706 0.030000 8.320099 0.030000 7.251782 0.030000
3.298777 0.030000 5.164889 0.030000 8.311201 0.030000 7.325445 0.030000
3.259220 0.030000 5.094787 0.030000 8.663887 0.150000 7.437932 0.030000
3.332726 0.030000 5.047779 0.030000 8.464778 0.030000 7.514576 0.030000
3.436869 0.030000 4.927458 0.030000 8.339057 0.030000 7.717517 0.030000
3.581098 0.030000 4.743530 0.030000 8.306352 0.030000 7.690648 0.030000
3.659341 0.030000 4.615653 0.030000 9.772873 0.150000 7.773050 0.030000
3.736466 0.030000 4.598517 0.030000 8.204573 0.030000 7.840719 0.030000
3.938803 0.030000 4.332011 0.030000 8.144702 0.030000 7.890907 0.030000
4.028187 0.030000 4.203957 0.030000 8.220777 0.150000 7.978280 0.030000
4.161919 0.030000 4.937851 0.150000 8.020393 0.030000 8.034801 0.150000
4.261313 0.030000 4.072467 0.030000 7.992515 0.030000 8.132550 0.030000
4.342194 0.030000 3.959190 0.030000 7.981467 0.030000 8.167712 0.030000
4.420376 0.030000 3.901007 0.030000 7.852369 0.030000 8.258678 0.030000
4.444114 0.030000 3.812902 0.030000 7.896592 0.030000 8.201526 0.030000
4.527621 0.030000 3.741210 0.030000 7.802730 0.030000 9.252521 0.150000
4.654208 0.030000 3.668157 0.030000 7.865291 0.030000 8.295711 0.030000
4.677836 0.030000 3.593781 0.030000 7.764048 0.030000 8.305608 0.030000
4.673644 0.030000 3.589532 0.030000 7.757426 0.030000 8.381344 0.030000
4.695906 0.030000 3.560263 0.030000 8.212467 0.150000 8.357627 0.030000
4.696424 0.030000 3.513181 0.030000 7.794898 0.030000 8.389416 0.030000
4.782152 0.030000 3.490661 0.030000 7.801115 0.030000 8.656472 0.150000
4.953558 0.030000 3.383181 0.030000 7.667975 0.030000 8.444286 0.030000
4.992657 0.030000 3.329411 0.030000 7.537116 0.030000 8.401145 0.030000
5.059510 0.030000 3.692381 0.150000 7.408963 0.030000 8.295733 0.030000
5.081459 0.030000 3.419335 0.030000 7.287681 0.030000 8.270921 0.030000
5.199858 0.030000 3.837146 0.150000 7.121210 0.030000 8.159011 0.030000
5.269249 0.030000 3.472770 0.030000 7.130616 0.030000 8.074194 0.030000
5.356525 0.150000 3.823186 0.150000 6.958659 0.030000 7.920725 0.030000
5.224281 0.030000 3.503801 0.150000 6.877634 0.030000 7.864453 0.030000
5.335269 0.030000 3.675532 0.030000 6.729216 0.030000 7.788108 0.030000
5.383538 0.030000 3.737709 0.030000 6.634588 0.030000 7.740202 0.030000
5.388909 0.030000 3.840885 0.030000 6.559704 0.030000 7.621402 0.030000
5.469423 0.030000 3.887846 0.030000 6.433515 0.030000 7.498789 0.030000
5.516869 0.030000 3.912299 0.030000 6.325667 0.030000 7.448451 0.030000
5.557012 0.030000 3.984233 0.030000 6.172305 0.030000 7.363097 0.030000
5.652906 0.030000 4.062955 0.030000 6.077921 0.030000 7.257698 0.030000
5.735141 0.030000 4.197222 0.030000 6.016354 0.030000 7.167628 0.030000
5.716119 0.150000 4.274855 0.030000 6.560677 0.150000 7.023681 0.030000
5.844406 0.030000 4.347359 0.030000 5.751599 0.030000 6.970783 0.030000
6.685835 0.150000 4.477598 0.030000 5.598334 0.030000 6.886316 0.030000
6.030682 0.030000 4.560041 0.030000 5.536000 0.030000 7.340605 0.150000
6.054353 0.030000 4.633005 0.030000 5.435053 0.030000 6.703724 0.030000
6.084553 0.030000 4.781739 0.030000 5.339923 0.030000 6.644694 0.030000
6.209783 0.030000 4.815923 0.030000 5.262178 0.030000 6.579837 0.030000
6.259199 0.030000 5.149097 0.150000 5.113025 0.030000 6.447457 0.030000
6.911744 0.150000 4.962590 0.030000 5.054392 0.030000 6.354007 0.030000
6.458150 0.030000 5.096158 0.030000 4.956493 0.030000 6.313198 0.030000
6.498232 0.030000 5.220683 0.030000 4.824887 0.030000 6.258304 0.030000
7.675933 0.150000 5.319677 0.030000 4.820013 0.150000 6.137672 0.030000
6.675020 0.030000 5.442780 0.030000 4.680730 0.030000 6.064396 0.030000
6.755485 0.030000 5.532156 0.030000 4.517041 0.030000 5.976461 0.030000
7.053998 0.150000 5.620433 0.030000 4.419383 0.030000 5.941865 0.030000
6.944165 0.030000 5.758726 0.030000 4.414909 0.030000 5.871010 0.030000
7.528400 0.150000 5.818065 0.030000 4.219113 0.030000 5.815579 0.030000
7.129984 0.030000 5.922566 0.030000 4.197255 0.030000 5.753715 0.030000
7.176878 0.030000 6.030128 0.030000 4.108969 0.030000 5.685900 0.030000
7.997873 0.150000 6.123721 0.030000 3.999227 0.030000 5.690751 0.030000
7.997629 0.150000 6.231317 0.030000 3.987458 0.030000 5.621462 0.030000
7.595661 0.150000 6.589728 0.150000 3.842613 0.030000 5.590491 0.030000
7.570820 0.030000 7.167465 0.150000 3.943183 0.150000 5.644506 0.150000
7.716859 0.030000 6.580451 0.030000 3.701506 0.030000 5.437181 0.030000
8.217156 0.150000 6.664013 0.030000 3.599842 0.030000 5.392642 0.030000
7.866340 0.030000 6.826308 0.030000 3.541677 0.030000 5.375072 0.030000
7.963431 0.030000 6.869350 0.030000 3.463059 0.030000 5.367766 0.030000
7.970147 0.150000 6.921838 0.030000 3.597353 0.150000 5.309956 0.030000
8.087018 0.030000 6.994030 0.030000 3.428108 0.030000 5.142613 0.150000
8.140715 0.030000 7.046963 0.030000 3.416934 0.030000 5.251248 0.030000
8.175280 0.030000 7.123270 0.030000 3.351352 0.030000 5.264683 0.030000
8.233123 0.030000 7.191956 0.030000 3.441637 0.030000 5.171633 0.030000
8.262472 0.030000 7.240809 0.030000 3.785710 0.150000 5.226507 0.030000
8.270373 0.030000 7.232222 0.030000 3.347476 0.030000 5.206256 0.030000
8.269097 0.030000 7.290092 0.030000 3.261296 0.030000 5.117602 0.030000
8.380693 0.030000 7.310304 0.030000 3.252352 0.030000 5.490707 0.150000
8.448331 0.030000 7.417809 0.030000 3.186368 0.030000 5.209231 0.030000
8.544284 0.030000 7.428928 0.030000 3.081171 0.030000 5.313851 0.030000
8.746335 0.030000 7.790179 0.150000 3.007727 0.030000 5.367989 0.030000
8.736947 0.030000 7.465394 0.030000 2.883047 0.030000 5.508991 0.030000
8.855169 0.030000 7.411367 0.150000 3.050315 0.150000 5.640103 0.030000
8.936024 0.030000 7.385879 0.030000 2.613345 0.030000 5.723943 0.030000
9.055874 0.030000 7.309743 0.030000 2.462721 0.030000 5.871689 0.030000
9.122731 0.030000 7.234928 0.030000 2.357347 0.030000 5.966015 0.030000
9.217804 0.030000 7.218266 0.030000 2.179382 0.030000 6.140012 0.030000
9.318480 0.030000 7.183402 0.030000 2.162198 0.030000 6.153282 0.030000
9.310000 0.030000 7.196406 0.030000 2.056983 0.030000 6.256322 0.030000
9.452112 0.030000 7.183686 0.030000 2.022782 0.030000 6.428547 0.030000
9.465027 0.030000 7.185457 0.030000 1.896665 0.030000 6.404980 0.030000
9.447431 0.030000 7.313616 0.150000 2.184923 0.150000 6.540160 0.030000
9.474696 0.030000 7.124610 0.030000 1.874712 0.030000 6.528427 0.030000
9.561878 0.030000 7.197395 0.030000 1.748730 0.030000 6.605423 0.030000
9.581417 0.030000 7.165210 0.030000 1.739316 0.030000 7.198318 0.150000
9.614451 0.030000 7.105363 0.030000 1.986209 0.150000 6.672874 0.030000
9.618823 0.030000 7.202293 0.150000 1.919045 0.150000 6.699747 0.030000
9.840983 0.150000 7.488888 0.150000 1.609371 0.030000 6.808838 0.030000
9.735715 0.030000 7.089695 0.030000 1.660921 0.150000 6.860373 0.030000
9.735787 0.030000 6.958109 0.030000 1.628290 0.030000 6.968056 0.030000
9.680744 0.030000 6.816254 0.030000 1.660017 0.030000 7.016916 0.030000
9.543633 0.030000 6.727845 0.030000 1.769081 0.030000 7.024945 0.030000
9.478340 0.030000 6.539110 0.030000 2.320329 0.150000 7.110682 0.030000
9.352769 0.030000 6.443195 0.030000 1.948372 0.030000 7.124579 0.030000
9.755211 0.150000 6.330541 0.030000 2.044006 0.030000 7.143424 0.030000
9.265099 0.030000 6.593039 0.150000 2.138691 0.030000 7.177607 0.030000
9.083899 0.030000 6.126675 0.030000 2.283474 0.030000 7.245356 0.030000
9.103157 0.030000 6.085433 0.150000 2.402986 0.030000 7.275675 0.030000
9.040243 0.030000 5.838842 0.030000 2.590685 0.030000 7.298273 0.030000
8.900358 0.030000 5.696299 0.030000 2.605682 0.030000 7.304659 0.030000
8.854300 0.030000 5.646739 0.030000 2.739163 0.030000 7.346051 0.030000
8.759305 0.030000 5.513342 0.030000 2.857031 0.030000 7.423262 0.030000
8.671712 0.030000 5.357293 0.030000 2.964498 0.030000 7.442318 0.030000
8.620040 0.030000 5.233536 0.030000 3.076784 0.030000 7.489975 0.030000
8.577990 0.030000 5.099087 0.030000 3.209556 0.030000 7.495178 0.030000
8.460618 0.030000 5.158648 0.150000 3.336845 0.030000 7.607694 0.030000
8.436912 0.030000 5.091590 0.150000 3.467025 0.030000 7.651661 0.030000
8.363618 0.030000 5.010145 0.150000 3.429387 0.030000 7.712393 0.030000
8.288633 0.030000 4.546607 0.030000 3.689255 0.030000 7.759907 0.030000
8.206499 0.030000 4.505626 0.150000 3.771732 0.030000 7.815052 0.030000
8.063908 0.030000 4.356455 0.030000 3.895794 0.030000 8.057410 0.150000
8.093904 0.030000 4.242845 0.030000 4.026618 0.030000 7.961788 0.030000
8.063172 0.030000 4.366244 0.150000 4.110087 0.030000 8.018761 0.030000
7.962827 0.030000 4.019154 0.030000 4.241047 0.030000 8.101102 0.030000
7.884003 0.030000 3.978356 0.150000 4.355646 0.030000 8.215549 0.030000
7.880170 0.030000 3.792447 0.030000 4.480304 0.030000 8.233332 0.030000
7.810309 0.030000 3.637803 0.030000 4.680676 0.030000 8.295395 0.030000
7.683761 0.030000 3.524207 0.030000 4.741353 0.030000 8.357996 0.030000
7.720245 0.030000 3.392402 0.030000 4.894472 0.030000 8.596140 0.150000
7.626652 0.030000 3.239264 0.030000 5.020831 0.030000 8.474885 0.030000
7.612484 0.030000 3.165056 0.030000 5.101630 0.030000 8.631859 0.030000
7.542537 0.030000 3.023605 0.030000 5.203760 0.030000 8.699454 0.030000
7.530902 0.030000 2.916726 0.030000 5.330487 0.030000 8.752085 0.030000
7.484837 0.030000 2.911967 0.150000 6.798486 0.150000 8.805931 0.030000
7.442612 0.030000 2.708468 0.030000 5.579985 0.030000 8.904381 0.030000
7.374893 0.030000 2.585149 0.030000 5.641072 0.030000 8.982777 0.030000
7.330877 0.030000 2.474434 0.030000 5.824081 0.030000 9.104804 0.030000
7.351709 0.030000 2.325845 0.030000 5.903931 0.030000 9.130952 0.030000
7.280023 0.030000 2.291053 0.030000 6.063231 0.030000 9.187843 0.030000
7.245272 0.030000 2.622952 0.150000 6.541622 0.150000 9.219951 0.030000
7.837889 0.150000 2.059890 0.030000 6.288179 0.030000 9.310697 0.030000
7.191121 0.030000 1.965166 0.030000 6.376642 0.030000 9.369142 0.030000
7.189088 0.030000 1.942754 0.030000 6.440384 0.030000 9.714192 0.150000
7.190240 0.030000 1.841813 0.150000 6.676115 0.150000 9.493786 0.030000
7.994490 0.150000 1.835981 0.030000 6.539722 0.030000 9.474840 0.030000
7.151417 0.030000 1.796574 0.030000 6.541288 0.030000 9.571864 0.030000
