7.227402 0.030000 4.050815 0.030000 3.195507 0.030000 2.568456 0.030000 3.261581 0.030000
7.147191 0.030000 4.114177 0.030000 3.296517 0.030000 2.716025 0.030000 3.127627 0.030000
7.058258 0.030000 4.238242 0.030000 3.584411 0.150000 2.831496 0.030000 3.183183 0.150000
6.946745 0.030000 4.299686 0.030000 3.467727 0.030000 2.974820 0.030000 2.867759 0.030000
6.810983 0.030000 4.048816 0.150000 3.632344 0.030000 3.101479 0.030000 2.757802 0.030000
6.733303 0.030000 4.455916 0.030000 3.776496 0.030000 3.110135 0.150000 2.649270 0.030000
6.663036 0.030000 4.537962 0.030000 3.868758 0.030000 3.367107 0.030000 2.516155 0.030000
6.499348 0.030000 4.666322 0.030000 4.404839 0.150000 3.440126 0.030000 2.480213 0.030000
6.954173 0.150000 4.701001 0.030000 4.081489 0.030000 3.612670 0.030000 2.318440 0.030000
6.256998 0.030000 4.845632 0.030000 4.325743 0.150000 3.718403 0.030000 2.189175 0.030000
6.223095 0.030000 4.929636 0.030000 4.293948 0.030000 3.834809 0.030000 2.048976 0.030000
6.080152 0.030000 5.007853 0.030000 5.571517 0.150000 3.977370 0.030000 1.964877 0.030000
5.960172 0.030000 5.178618 0.030000 4.585041 0.030000 4.070835 0.030000 1.898960 0.030000
5.866893 0.030000 5.242927 0.030000 4.730612 0.030000 4.185029 0.030000 1.779766 0.030000
5.734452 0.030000 5.347328 0.030000 4.826209 0.030000 4.365252 0.030000 1.626256 0.030000
5.662200 0.030000 5.449043 0.030000 4.921541 0.030000 4.426028 0.030000 1.699458 0.150000
5.614276 0.030000 5.507466 0.030000 5.101676 0.030000 4.538613 0.030000 1.515978 0.030000
5.499129 0.030000 5.566585 0.030000 5.172148 0.030000 4.740059 0.030000 1.400421 0.030000
5.504571 0.150000 5.729706 0.030000 5.303697 0.030000 4.837606 0.030000 1.305308 0.030000
5.310477 0.030000 5.817068 0.030000 5.441608 0.030000 4.994674 0.030000 1.264791 0.030000
5.179673 0.030000 5.957922 0.030000 6.322596 0.150000 5.033366 0.030000 1.192101 0.030000
5.104324 0.030000 6.055641 0.030000 5.646289 0.030000 5.241197 0.030000 1.124645 0.030000
4.906541 0.030000 6.142090 0.030000 5.800963 0.030000 5.368464 0.030000 1.076295 0.030000
4.957187 0.030000 6.224005 0.030000 5.896673 0.030000 5.415333 0.030000 1.189222 0.150000
4.776304 0.030000 6.348097 0.030000 5.990307 0.030000 5.672262 0.030000 0.998248 0.030000
4.788964 0.030000 6.463417 0.030000 6.178395 0.030000 5.733595 0.030000 1.006521 0.030000
4.622276 0.030000 6.561740 0.030000 6.293920 0.030000 5.859036 0.030000 1.027344 0.030000
4.598747 0.030000 6.669460 0.030000 6.398160 0.030000 5.948545 0.030000 1.016503 0.030000
4.508560 0.030000 6.808711 0.030000 6.599209 0.030000 6.067077 0.030000 1.129244 0.030000
4.401495 0.030000 6.955214 0.030000 6.648844 0.030000 6.267043 0.030000 1.194833 0.030000
4.406889 0.030000 7.026731 0.030000 6.834455 0.030000 6.313683 0.030000 1.210994 0.030000
4.246566 0.030000 7.130001 0.030000 6.869103 0.030000 6.449140 0.030000 1.262725 0.030000
4.795077 0.150000 7.192621 0.030000 6.991790 0.030000 6.609462 0.030000 1.336398 0.030000
4.107351 0.030000 7.380787 0.030000 7.090073 0.030000 6.666634 0.030000 1.458929 0.030000
4.056367 0.030000 7.453251 0.030000 7.322173 0.030000 6.833764 0.030000 2.078348 0.150000
4.068089 0.150000 7.579203 0.030000 8.380381 0.150000 7.004392 0.030000 1.652210 0.030000
4.024151 0.150000 7.692057 0.030000 7.603055 0.150000 7.245798 0.150000 1.700562 0.030000
3.886308 0.030000 7.840250 0.030000 7.619316 0.030000 7.223773 0.030000 1.843156 0.030000
3.797969 0.030000 7.944071 0.030000 7.909154 0.150000 7.308155 0.030000 1.999523 0.030000
3.730938 0.030000 8.035839 0.030000 7.874836 0.030000 7.504691 0.030000 2.045178 0.030000
3.697640 0.030000 8.142310 0.030000 7.948277 0.030000 7.624574 0.030000 2.026353 0.150000
3.687085 0.030000 8.598957 0.150000 8.046371 0.030000 7.715381 0.150000 2.288378 0.030000
3.668156 0.030000 8.385977 0.030000 8.158663 0.030000 7.861685 0.030000 2.362171 0.030000
3.594133 0.030000 8.477280 0.030000 8.385507 0.030000 7.983369 0.030000 2.501969 0.030000
3.628163 0.030000 8.622722 0.030000 8.481821 0.030000 8.023693 0.030000 2.619688 0.030000
3.524426 0.030000 8.763238 0.030000 8.589153 0.030000 8.228909 0.030000 2.775378 0.030000
3.477585 0.030000 8.915365 0.030000 8.660119 0.030000 8.304568 0.030000 2.808780 0.030000
3.505034 0.030000 8.936751 0.030000 8.845598 0.030000 8.478793 0.030000 2.945757 0.030000
3.512415 0.030000 9.043206 0.030000 8.926213 0.030000 8.525113 0.030000 2.972340 0.030000
3.485669 0.030000 9.136445 0.030000 9.030305 0.030000 8.637633 0.030000 3.105820 0.030000
3.471433 0.150000 9.172601 0.030000 9.148114 0.030000 8.681454 0.030000 3.129308 0.030000
3.483909 0.030000 9.267023 0.030000 9.113139 0.030000 8.723453 0.030000 3.221416 0.030000
3.668004 0.150000 9.289103 0.030000 9.177938 0.030000 8.863784 0.030000 3.308131 0.030000
3.452477 0.030000 9.359476 0.030000 9.293463 0.030000 8.873826 0.030000 3.344507 0.030000
3.535022 0.030000 9.398768 0.030000 9.349838 0.030000 8.949300 0.030000 3.391835 0.030000
3.477043 0.030000 9.418584 0.030000 9.288451 0.030000 9.014981 0.030000 3.354917 0.030000
3.453626 0.030000 9.446521 0.030000 9.345399 0.030000 8.963305 0.030000 3.481625 0.030000
3.463829 0.030000 9.493265 0.030000 9.391698 0.030000 9.012346 0.030000 3.506135 0.030000
3.394075 0.030000 9.535663 0.030000 9.395747 0.030000 9.037478 0.030000 3.522713 0.030000
3.247153 0.030000 9.541554 0.030000 9.463153 0.030000 9.071839 0.030000 4.030541 0.150000
3.230186 0.150000 9.480357 0.030000 9.474824 0.030000 9.577578 0.150000 3.672662 0.030000
3.013814 0.030000 9.414393 0.150000 9.486441 0.030000 9.177739 0.030000 3.732569 0.030000
2.857413 0.030000 9.409198 0.030000 9.452914 0.030000 9.157605 0.030000 3.766420 0.030000
2.716413 0.030000 9.404510 0.030000 9.444027 0.030000 9.219107 0.030000 3.967509 0.150000
2.680817 0.030000 9.304403 0.030000 9.492690 0.150000 9.181725 0.030000 3.939151 0.030000
2.526812 0.030000 9.350006 0.030000 10.046419 0.150000 9.179577 0.030000 3.999824 0.030000
2.367289 0.030000 9.294620 0.030000 9.420873 0.030000 9.240497 0.030000 4.072446 0.030000
2.268655 0.030000 9.260802 0.030000 9.938992 0.150000 9.220565 0.030000 4.134757 0.030000
2.136838 0.030000 9.249859 0.030000 9.443029 0.030000 9.168422 0.030000 4.176070 0.030000
1.996715 0.030000 9.235702 0.030000 9.447830 0.030000 9.260121 0.030000 4.210413 0.030000
1.825996 0.030000 9.202383 0.030000 9.403518 0.030000 9.305335 0.030000 4.340491 0.030000
1.768482 0.030000 9.163631 0.030000 9.457910 0.030000 9.320034 0.030000 4.355691 0.030000
1.645056 0.030000 9.461169 0.150000 9.431200 0.030000 9.332501 0.030000 4.510829 0.030000
1.503745 0.030000 9.133884 0.030000 9.431249 0.030000 9.329540 0.030000 4.505307 0.030000
1.424709 0.030000 9.354583 0.150000 9.492946 0.030000 9.355723 0.030000 5.013859 0.150000
1.301916 0.030000 9.161571 0.030000 9.473022 0.030000 9.877110 0.150000 4.699203 0.030000
1.096973 0.030000 9.090698 0.030000 9.418575 0.030000 9.713689 0.150000 4.801472 0.030000
1.239719 0.150000 9.081064 0.030000 9.500715 0.030000 9.427705 0.030000 4.878123 0.030000
0.898896 0.030000 9.070731 0.030000 9.496925 0.030000 9.518109 0.030000 4.924435 0.030000
0.766232 0.030000 9.042953 0.030000 9.481024 0.030000 9.559828 0.030000 5.068108 0.030000
0.620613 0.030000 9.024755 0.030000 9.527942 0.030000 9.575256 0.030000 5.122612 0.030000
0.460534 0.030000 8.996734 0.030000 9.515414 0.030000 9.610447 0.030000 5.096180 0.150000
0.396606 0.030000 9.045341 0.030000 9.567100 0.030000 9.704809 0.030000 5.359364 0.030000
0.300166 0.030000 9.024789 0.030000 9.578013 0.030000 9.680435 0.030000 5.442656 0.030000
0.207847 0.030000 9.046896 0.030000 9.659621 0.030000 9.727159 0.030000 5.470212 0.030000
0.149572 0.030000 9.044277 0.030000 9.627044 0.030000 9.750853 0.030000 5.638102 0.030000
0.254718 0.030000 9.038041 0.030000 9.984608 0.150000 9.781647 0.030000 5.763247 0.030000
0.276232 0.030000 9.040268 0.030000 9.690655 0.030000 9.893483 0.030000 5.778683 0.030000
0.329429 0.030000 9.025465 0.030000 9.706411 0.030000 9.889819 0.030000 5.921894 0.030000
0.435909 0.030000 9.066402 0.030000 10.261034 0.150000 9.899088 0.030000 5.973490 0.030000
0.498762 0.030000 9.105193 0.030000 9.742944 0.030000 10.000817 0.030000 5.975381 0.030000
1.373321 0.150000 9.081144 0.030000 9.725306 0.030000 10.000993 0.030000 6.053262 0.030000
0.609478 0.030000 9.100255 0.030000 9.790526 0.030000 9.986291 0.030000 6.110680 0.030000
0.632487 0.030000 9.063417 0.030000 9.761562 0.030000 10.026468 0.030000 6.190810 0.030000
0.670199 0.030000 9.106002 0.030000 9.809229 0.030000 10.018387 0.030000 6.216255 0.030000
0.706170 0.030000 9.061835 0.030000 9.826454 0.030000 10.045777 0.030000 6.253607 0.030000
0.789020 0.030000 9.046286 0.030000 9.783945 0.030000 10.056778 0.030000 6.259585 0.030000
1.076824 0.150000 9.101455 0.030000 9.781283 0.030000 10.103617 0.030000 6.251272 0.030000
0.858699 0.030000 8.971889 0.030000 9.753720 0.030000 10.014149 0.030000 6.312396 0.030000
0.913991 0.030000 8.943594 0.150000 9.642065 0.030000 9.934321 0.030000 6.306642 0.150000
0.990223 0.030000 8.739532 0.030000 9.583707 0.030000 9.819582 0.030000 6.278038 0.030000
1.036034 0.030000 8.627295 0.030000 9.496083 0.030000 9.713361 0.030000 6.181085 0.030000
1.128824 0.030000 8.543362 0.030000 9.350294 0.030000 9.608032 0.030000 6.137856 0.030000
1.080603 0.030000 8.379206 0.030000 9.234726 0.030000 9.497002 0.030000 6.116711 0.030000
1.186619 0.030000 8.559714 0.150000 9.067057 0.030000 9.413592 0.030000 6.068464 0.030000
1.272780 0.030000 8.160414 0.030000 9.040176 0.030000 9.264686 0.030000 5.991287 0.030000
1.346488 0.030000 8.286738 0.150000 8.866595 0.030000 9.366949 0.150000 5.940648 0.030000
1.450769 0.030000 7.962617 0.030000 8.725470 0.030000 9.106462 0.030000 5.932653 0.030000
1.515136 0.030000 7.822213 0.030000 8.689095 0.030000 8.983783 0.030000 5.844786 0.030000
1.616145 0.030000 7.680189 0.030000 8.483336 0.030000 8.840317 0.030000 5.849639 0.030000
1.755500 0.030000 7.563168 0.030000 8.401841 0.030000 8.762162 0.030000 5.792950 0.030000
1.880511 0.030000 7.488254 0.030000 8.311260 0.030000 9.039248 0.150000 5.795087 0.030000
1.943114 0.030000 7.351460 0.030000 8.193104 0.030000 8.518369 0.030000 5.719054 0.030000
2.064892 0.030000 7.169191 0.030000 8.057298 0.030000 8.437395 0.030000 5.707919 0.030000
2.215325 0.030000 7.035627 0.030000 7.951444 0.030000 8.371906 0.030000 5.642106 0.030000
2.216216 0.150000 6.952135 0.030000 7.892649 0.150000 8.260789 0.030000 5.670348 0.030000
2.424513 0.030000 6.806362 0.030000 7.736053 0.030000 8.159392 0.030000 5.601862 0.030000
2.546579 0.030000 6.692009 0.030000 7.659760 0.030000 8.057754 0.030000 5.619630 0.030000
2.681650 0.030000 6.574595 0.030000 7.538466 0.030000 8.002682 0.030000 5.597538 0.030000
2.762569 0.030000 6.549121 0.030000 7.451296 0.030000 7.808030 0.030000 5.627801 0.030000
2.860069 0.030000 6.286336 0.030000 7.281073 0.030000 7.761918 0.030000 5.564222 0.030000
3.003864 0.030000 6.160429 0.030000 7.157511 0.030000 7.680393 0.030000 5.576362 0.030000
3.110822 0.030000 6.263665 0.150000 7.042704 0.030000 7.559742 0.030000 7.512545 0.150000
3.244573 0.030000 5.928536 0.030000 6.947440 0.030000 7.497048 0.030000 6.111968 0.150000
3.402566 0.030000 5.892794 0.030000 6.877025 0.030000 7.349023 0.030000 5.626868 0.030000
3.494540 0.030000 5.658955 0.030000 6.769636 0.030000 7.453557 0.150000 5.551583 0.030000
3.598528 0.030000 7.117809 0.150000 6.821726 0.150000 7.212917 0.030000 5.611945 0.030000
3.993284 0.150000 5.522888 0.030000 6.533966 0.030000 7.120229 0.030000 5.626383 0.030000
3.878915 0.030000 5.378451 0.030000 6.461887 0.030000 7.017698 0.030000 5.601630 0.030000
3.938643 0.030000 5.225516 0.030000 6.276781 0.030000 6.921129 0.030000 5.677044 0.030000
4.109811 0.030000 5.143929 0.030000 6.212508 0.030000 6.803705 0.030000 5.662743 0.030000
4.230191 0.030000 5.032074 0.030000 6.123475 0.030000 7.103007 0.150000 5.674210 0.030000
4.382097 0.030000 4.911159 0.030000 6.031821 0.030000 6.656734 0.030000 5.647334 0.030000
4.415717 0.150000 4.831150 0.030000 5.875822 0.030000 6.582622 0.030000 5.712212 0.030000
4.534692 0.030000 4.677801 0.030000 5.806847 0.030000 6.514092 0.030000 5.736915 0.030000
4.622748 0.030000 4.542589 0.030000 5.883182 0.150000 6.445850 0.030000 5.778600 0.030000
4.831271 0.030000 4.449061 0.030000 5.598709 0.030000 6.330540 0.030000 5.777162 0.030000
4.958083 0.030000 4.616156 0.150000 5.503812 0.030000 6.256908 0.030000 5.820833 0.030000
5.095814 0.030000 4.237884 0.030000 5.403304 0.030000 6.164407 0.030000 5.899785 0.030000
5.220300 0.030000 4.030844 0.030000 5.394637 0.030000 6.132532 0.030000 5.958603 0.030000
5.359896 0.030000 3.983069 0.030000 5.266768 0.030000 6.031556 0.030000 5.970495 0.030000
5.421242 0.030000 3.921825 0.030000 5.157238 0.030000 5.975108 0.030000 6.028628 0.030000
5.478697 0.030000 3.837173 0.030000 5.556314 0.150000 5.927995 0.030000 6.026075 0.030000
5.582533 0.030000 3.783061 0.030000 5.027305 0.030000 5.885560 0.030000 6.028378 0.030000
5.694211 0.030000 3.714640 0.030000 5.016554 0.030000 5.833465 0.030000 6.080212 0.030000
5.656371 0.030000 3.781137 0.150000 4.912657 0.150000 6.586760 0.150000 6.138952 0.030000
5.756717 0.030000 3.607271 0.150000 4.981933 0.030000 5.749753 0.030000 6.108760 0.030000
5.818057 0.030000 3.537860 0.030000 4.933517 0.030000 5.716646 0.030000 6.117407 0.030000
