1.516095 0.030000 1.339438 0.030000 7.092462 0.030000 7.060361 0.030000 9.808401 0.030000 10.826433 0.150000 7.154740 0.150000 7.113754 0.030000 3.053312 0.030000 3.270453 0.030000 7.525402 0.030000 7.656102 0.030000
1.590687 0.030000 1.495173 0.030000 7.056883 0.030000 7.061126 0.030000 9.737281 0.030000 9.827395 0.030000 7.002254 0.150000 7.069937 0.030000 3.396840 0.150000 3.167671 0.030000 7.531511 0.030000 7.673005 0.030000
1.688027 0.030000 1.532603 0.030000 7.065873 0.030000 7.076056 0.030000 9.697726 0.030000 9.773349 0.030000 6.705273 0.030000 6.917349 0.030000 2.893947 0.030000 3.056890 0.030000 7.491623 0.030000 7.579598 0.030000
1.802119 0.030000 1.640932 0.030000 7.111491 0.030000 7.091109 0.030000 9.541872 0.030000 9.702024 0.030000 6.563670 0.030000 6.849921 0.030000 2.711904 0.030000 2.937613 0.030000 7.496066 0.030000 7.501980 0.030000
1.865121 0.030000 1.682984 0.030000 7.157472 0.030000 7.125799 0.030000 9.507191 0.030000 9.645278 0.030000 6.510721 0.030000 6.699147 0.030000 2.653753 0.030000 3.442256 0.150000 7.454927 0.030000 7.433088 0.030000
1.962017 0.030000 1.745959 0.030000 7.170722 0.030000 7.179268 0.030000 9.438722 0.030000 9.522793 0.030000 6.801693 0.150000 6.568327 0.030000 2.533943 0.030000 3.224874 0.150000 7.436585 0.030000 7.431669 0.030000
2.098209 0.030000 1.880997 0.030000 7.233786 0.030000 7.225585 0.030000 9.323773 0.030000 9.463165 0.030000 6.236176 0.030000 6.455011 0.030000 2.386375 0.150000 2.644841 0.030000 7.397464 0.030000 7.345919 0.030000
2.157621 0.150000 2.740639 0.150000 7.256435 0.030000 7.181615 0.030000 9.250595 0.030000 9.375412 0.030000 6.160453 0.030000 6.335716 0.030000 2.280524 0.030000 2.511302 0.030000 7.292598 0.030000 7.289869 0.030000
2.288244 0.030000 2.118550 0.030000 7.275707 0.030000 7.243821 0.030000 9.151879 0.030000 9.282579 0.030000 6.002618 0.030000 6.217434 0.030000 2.145207 0.030000 2.277788 0.030000 7.230128 0.030000 7.291748 0.030000
2.458494 0.030000 2.199391 0.030000 7.318100 0.030000 7.182427 0.030000 9.080358 0.030000 9.251516 0.030000 6.737225 0.150000 6.135082 0.150000 2.063510 0.030000 2.228963 0.030000 7.302279 0.030000 7.269476 0.030000
2.516358 0.030000 2.395433 0.030000 7.370991 0.030000 7.290826 0.030000 8.944741 0.030000 9.100411 0.030000 6.591577 0.150000 5.956856 0.030000 1.938542 0.030000 2.114300 0.030000 7.216562 0.030000 7.247257 0.030000
2.681153 0.030000 2.505299 0.030000 7.458170 0.030000 7.330100 0.030000 8.936135 0.030000 9.025264 0.030000 5.632633 0.030000 5.837555 0.030000 1.858604 0.030000 1.779684 0.150000 7.194784 0.030000 7.158073 0.030000
2.758974 0.030000 2.555404 0.030000 7.479656 0.030000 7.378952 0.030000 8.789079 0.030000 8.973488 0.030000 5.543882 0.030000 5.721801 0.030000 1.748312 0.030000 1.940077 0.030000 7.145280 0.030000 7.227732 0.030000
2.841661 0.030000 2.680418 0.030000 7.534566 0.030000 7.453876 0.030000 8.810484 0.030000 8.886457 0.030000 5.373428 0.030000 5.525573 0.030000 2.066385 0.150000 1.801641 0.030000 7.162796 0.030000 7.201314 0.030000
2.979675 0.030000 2.780931 0.030000 7.508473 0.030000 7.504732 0.030000 8.714248 0.030000 8.815006 0.030000 5.621898 0.150000 5.434858 0.030000 1.535991 0.030000 1.900508 0.150000 7.122269 0.030000 7.147853 0.030000
3.440687 0.150000 2.886374 0.030000 7.627685 0.030000 7.513820 0.030000 8.623022 0.030000 8.760340 0.030000 5.172286 0.030000 5.995568 0.150000 1.444854 0.030000 1.576110 0.030000 7.091407 0.030000 7.154347 0.030000
3.233477 0.030000 3.057288 0.030000 7.649159 0.030000 7.523802 0.030000 8.494792 0.030000 8.729363 0.030000 5.004707 0.030000 5.218086 0.030000 1.342603 0.030000 1.515866 0.030000 7.089676 0.030000 7.137733 0.030000
3.314141 0.030000 3.161177 0.030000 7.706068 0.030000 7.640232 0.030000 8.410899 0.030000 8.548208 0.030000 4.897791 0.030000 5.070566 0.030000 1.285104 0.030000 1.419427 0.030000 7.232788 0.150000 7.112860 0.030000
3.514375 0.150000 3.279895 0.030000 7.779434 0.030000 7.646914 0.030000 8.410124 0.030000 8.525793 0.030000 5.890973 0.150000 4.985523 0.030000 1.194133 0.030000 1.331618 0.030000 7.059381 0.030000 7.029414 0.030000
3.550742 0.030000 3.356637 0.030000 7.748135 0.030000 7.717562 0.030000 8.347598 0.030000 8.491972 0.030000 4.716830 0.030000 4.800344 0.030000 1.091585 0.030000 1.222017 0.030000 7.005172 0.030000 7.048170 0.030000
3.725400 0.030000 3.500988 0.030000 7.892011 0.030000 8.526866 0.150000 8.266363 0.030000 8.349778 0.030000 4.876079 0.150000 4.723639 0.030000 1.050886 0.030000 1.178675 0.030000 7.038125 0.030000 7.329336 0.150000
3.818740 0.030000 3.655032 0.030000 7.873226 0.030000 7.782829 0.150000 8.168225 0.030000 8.305531 0.030000 4.412829 0.030000 4.626769 0.030000 0.962233 0.030000 1.050458 0.030000 7.066910 0.030000 7.090811 0.150000
3.932895 0.030000 3.709670 0.030000 7.969739 0.030000 7.939627 0.030000 8.200371 0.150000 8.215901 0.030000 4.276812 0.030000 4.521462 0.030000 0.976072 0.030000 1.049948 0.030000 6.980602 0.030000 7.018921 0.030000
4.027603 0.030000 3.848804 0.030000 8.026544 0.030000 7.895558 0.030000 8.083286 0.030000 8.128491 0.030000 4.171522 0.030000 4.354195 0.030000 0.949975 0.030000 1.449918 0.150000 7.057925 0.030000 6.988697 0.030000
4.205011 0.030000 3.947292 0.030000 8.103961 0.030000 7.997030 0.030000 8.060415 0.030000 8.156670 0.150000 4.063171 0.030000 4.232881 0.030000 0.961389 0.030000 0.991027 0.030000 7.058493 0.030000 7.039448 0.030000
4.317736 0.030000 4.175372 0.030000 8.187448 0.030000 8.050478 0.030000 7.964485 0.030000 8.063012 0.030000 3.918393 0.030000 4.175290 0.030000 1.013834 0.030000 0.952906 0.030000 7.028892 0.030000 7.049726 0.030000
4.462577 0.030000 4.238345 0.030000 8.250913 0.030000 8.157979 0.030000 7.891774 0.030000 7.920593 0.150000 3.810209 0.030000 3.949481 0.030000 0.903210 0.150000 0.981939 0.030000 7.012100 0.030000 7.080431 0.030000
4.531976 0.030000 4.378818 0.030000 8.315785 0.030000 8.223542 0.030000 7.801924 0.030000 7.917108 0.030000 3.700687 0.030000 3.834802 0.030000 1.041216 0.030000 0.980807 0.030000 7.329781 0.150000 7.278184 0.150000
4.969199 0.150000 4.470673 0.030000 8.343000 0.030000 8.295687 0.030000 7.793519 0.030000 7.907729 0.030000 3.582380 0.030000 3.709756 0.030000 1.111551 0.030000 1.070535 0.030000 8.263275 0.150000 7.014625 0.030000
4.842154 0.150000 4.581842 0.030000 8.392032 0.030000 8.317575 0.030000 7.712590 0.030000 7.856866 0.030000 3.484238 0.030000 4.267497 0.150000 1.188778 0.030000 1.097543 0.030000 7.108737 0.030000 7.021514 0.030000
4.923197 0.030000 4.724535 0.030000 8.499802 0.030000 8.411871 0.030000 7.704389 0.030000 7.798525 0.030000 3.368251 0.030000 3.524206 0.030000 1.251245 0.030000 1.108534 0.030000 7.076019 0.030000 7.097186 0.030000
5.034669 0.030000 4.849757 0.030000 8.605318 0.030000 8.451776 0.030000 7.660989 0.030000 7.757941 0.030000 3.229550 0.030000 3.398665 0.030000 1.332988 0.030000 1.440130 0.150000 7.158327 0.030000 7.081906 0.030000
5.178826 0.030000 4.957734 0.030000 8.621786 0.030000 8.571500 0.030000 7.763885 0.150000 7.682562 0.030000 3.062365 0.030000 3.249072 0.030000 1.386150 0.030000 1.311384 0.030000 7.160218 0.030000 7.102170 0.030000
5.225134 0.030000 5.078178 0.030000 8.793938 0.150000 8.627571 0.030000 7.530513 0.030000 7.580405 0.030000 2.964512 0.030000 3.143815 0.030000 1.501541 0.030000 1.398384 0.030000 7.128282 0.030000 7.142075 0.030000
5.327241 0.030000 5.213880 0.030000 8.805229 0.030000 8.733242 0.030000 7.455579 0.030000 7.538530 0.030000 2.839045 0.030000 3.052923 0.030000 1.632665 0.030000 1.428374 0.030000 7.195503 0.030000 7.114403 0.030000
5.561878 0.030000 6.281562 0.150000 8.809808 0.030000 8.768842 0.030000 7.412411 0.030000 7.497755 0.030000 2.754391 0.030000 3.066021 0.150000 2.246250 0.150000 1.554738 0.030000 7.202371 0.030000 7.178756 0.030000
5.599748 0.030000 5.425730 0.030000 8.948948 0.030000 8.805042 0.030000 7.408353 0.030000 7.471441 0.030000 3.206983 0.150000 2.801312 0.030000 1.827271 0.030000 1.651866 0.030000 7.247999 0.030000 7.225182 0.030000
5.790588 0.030000 5.561260 0.030000 9.052196 0.030000 8.896129 0.030000 7.395160 0.030000 7.412943 0.030000 2.576776 0.030000 2.673277 0.030000 1.919351 0.030000 1.763875 0.030000 7.260798 0.030000 7.212312 0.030000
5.864920 0.030000 5.710801 0.030000 9.137009 0.030000 8.994841 0.030000 7.301430 0.030000 7.425646 0.030000 2.435603 0.030000 2.594321 0.030000 2.240108 0.150000 1.899911 0.030000 7.301744 0.030000 7.231617 0.030000
6.370386 0.150000 5.862847 0.030000 9.211644 0.030000 9.050989 0.030000 7.321578 0.030000 7.307752 0.030000 2.288565 0.030000 2.489745 0.030000 2.143853 0.030000 1.938851 0.030000 7.308088 0.030000 7.231182 0.030000
6.158859 0.030000 5.955706 0.030000 9.265884 0.030000 9.145131 0.030000 7.252281 0.030000 7.337459 0.030000 2.193073 0.030000 2.356525 0.030000 2.885644 0.150000 2.347810 0.150000 7.383353 0.030000 8.142985 0.150000
6.261770 0.030000 6.057849 0.030000 9.283496 0.030000 9.238548 0.030000 7.277648 0.030000 7.422608 0.150000 2.080493 0.030000 2.253788 0.030000 2.367562 0.030000 2.218146 0.030000 7.423276 0.030000 7.351991 0.030000
6.305534 0.150000 6.159403 0.030000 9.429758 0.030000 9.321568 0.030000 7.229603 0.030000 7.456883 0.150000 1.976032 0.030000 2.143476 0.030000 2.505783 0.030000 2.304027 0.030000 7.419481 0.030000 7.360854 0.030000
6.771246 0.150000 6.236874 0.030000 9.486165 0.030000 9.322870 0.030000 7.225875 0.030000 7.293200 0.030000 2.531976 0.150000 1.996592 0.030000 2.542038 0.030000 2.389874 0.030000 7.451420 0.030000 7.438211 0.030000
6.524050 0.030000 6.355232 0.030000 9.575628 0.030000 9.450547 0.030000 7.171708 0.030000 7.211967 0.030000 1.955348 0.150000 1.934686 0.030000 2.606877 0.030000 2.459668 0.030000 7.461209 0.030000 7.278824 0.150000
6.608321 0.030000 6.419305 0.030000 9.848658 0.150000 9.435178 0.030000 7.155265 0.030000 7.188050 0.030000 1.734336 0.030000 1.947227 0.030000 2.680589 0.030000 2.526760 0.030000 7.519395 0.030000 7.434807 0.030000
6.699000 0.030000 9.390465 0.150000 9.624174 0.030000 9.514750 0.030000 7.142606 0.030000 7.158735 0.030000 1.623611 0.030000 1.863573 0.030000 2.767785 0.030000 2.560329 0.030000 7.572942 0.030000 7.424124 0.030000
6.726069 0.030000 6.509343 0.030000 9.695505 0.030000 10.308565 0.150000 7.155734 0.030000 7.151854 0.030000 1.665273 0.030000 1.830333 0.030000 2.898906 0.150000 2.704586 0.030000 7.600949 0.030000 7.502368 0.030000
6.842068 0.030000 6.669392 0.030000 9.765951 0.030000 9.571718 0.030000 7.165779 0.030000 7.167715 0.030000 1.636157 0.030000 1.761382 0.030000 2.867387 0.030000 3.066071 0.150000 7.506584 0.030000 7.524725 0.030000
6.853473 0.030000 6.787548 0.150000 9.733227 0.030000 9.631670 0.030000 7.165756 0.030000 7.165284 0.030000 1.549601 0.030000 1.775829 0.030000 2.917846 0.030000 2.693977 0.030000 7.589333 0.030000 7.471381 0.030000
6.903413 0.030000 6.684439 0.030000 9.754741 0.030000 9.642246 0.030000 7.107407 0.030000 7.120799 0.030000 1.575079 0.030000 1.715557 0.030000 3.690511 0.150000 2.674342 0.150000 7.561421 0.030000 7.541893 0.030000
6.924512 0.030000 6.772086 0.030000 9.804505 0.030000 9.656758 0.030000 7.251105 0.150000 7.180194 0.030000 1.559655 0.030000 1.656053 0.030000 3.009412 0.030000 2.797937 0.030000 7.560123 0.030000 7.586384 0.030000
6.909937 0.030000 6.753834 0.030000 9.715002 0.030000 9.747624 0.030000 6.995659 0.030000 7.172126 0.030000 1.561136 0.030000 1.639509 0.030000 3.138852 0.030000 2.833413 0.030000 7.538554 0.030000 7.614018 0.030000
6.966031 0.030000 6.864239 0.030000 9.682914 0.030000 9.798528 0.030000 6.838137 0.030000 7.122854 0.030000 1.360662 0.150000 1.542197 0.030000 3.103553 0.030000 2.912031 0.030000 7.499957 0.030000 7.556302 0.030000
7.067258 0.030000 6.983173 0.030000 9.636132 0.030000 9.725209 0.030000 6.799231 0.030000 6.915595 0.030000 1.715858 0.030000 1.577034 0.030000 3.109710 0.030000 3.047910 0.030000 7.349716 0.030000 7.816153 0.150000
7.083523 0.030000 7.012130 0.030000 9.539890 0.030000 9.677926 0.030000 6.961096 0.150000 6.849522 0.030000 1.735307 0.030000 1.635228 0.030000 3.223117 0.030000 3.118955 0.030000 7.221225 0.030000 7.450997 0.030000
7.134689 0.030000 7.050848 0.030000 9.472549 0.030000 9.629570 0.030000 6.538353 0.030000 7.076320 0.150000 1.880177 0.030000 1.984983 0.150000 3.276439 0.030000 3.208848 0.030000 7.122734 0.030000 7.352486 0.030000
7.146595 0.030000 7.039948 0.030000 9.427540 0.030000 9.497854 0.030000 6.405894 0.030000 6.615390 0.030000 1.989401 0.030000 2.186552 0.150000 3.392095 0.030000 3.300659 0.030000 6.974990 0.030000 7.213117 0.030000
7.144336 0.030000 7.140126 0.030000 9.317024 0.030000 9.446580 0.030000 6.299039 0.030000 6.479498 0.030000 2.069726 0.030000 1.929351 0.030000 3.411762 0.030000 3.332656 0.030000 6.946280 0.030000 7.075152 0.150000
7.257089 0.030000 7.208781 0.030000 9.199998 0.030000 9.373070 0.030000 6.138508 0.030000 6.401585 0.030000 2.119372 0.030000 2.024056 0.030000 3.453883 0.030000 3.354604 0.030000 6.841441 0.030000 6.926581 0.030000
7.268074 0.030000 7.165152 0.030000 9.236188 0.030000 9.308307 0.030000 6.049855 0.030000 6.276872 0.030000 2.304619 0.030000 2.139260 0.030000 3.610895 0.030000 3.433390 0.030000 6.761949 0.150000 6.905161 0.030000
7.293449 0.030000 7.185805 0.030000 9.127840 0.030000 9.217754 0.030000 5.890586 0.030000 6.078307 0.030000 2.418419 0.030000 2.192993 0.030000 3.636374 0.030000 3.546828 0.030000 6.554907 0.150000 6.790503 0.030000
7.366061 0.030000 7.331843 0.030000 8.958052 0.030000 9.150154 0.030000 6.174294 0.150000 6.025964 0.030000 2.504328 0.030000 2.448673 0.150000 3.748739 0.030000 3.570054 0.030000 6.501353 0.030000 6.666311 0.030000
7.345671 0.030000 7.251373 0.030000 8.921912 0.030000 9.096739 0.030000 5.733814 0.030000 5.980011 0.030000 3.231579 0.150000 2.687976 0.150000 3.808563 0.030000 3.642706 0.030000 6.374041 0.030000 6.568138 0.030000
7.416721 0.030000 7.261515 0.030000 8.889147 0.030000 8.999223 0.030000 5.603440 0.030000 5.810903 0.030000 2.684279 0.030000 2.537895 0.030000 3.842758 0.030000 3.667250 0.030000 6.646071 0.150000 6.526417 0.030000
7.435540 0.030000 7.314177 0.030000 8.851729 0.030000 9.017079 0.030000 5.610157 0.030000 5.719730 0.030000 2.725131 0.030000 2.586136 0.030000 4.337073 0.150000 3.789386 0.030000 6.294235 0.030000 6.442821 0.030000
7.439952 0.030000 7.390737 0.030000 8.851401 0.030000 8.949645 0.030000 5.516598 0.030000 5.700100 0.030000 2.827283 0.030000 2.634615 0.030000 3.881557 0.030000 3.825739 0.030000 6.169898 0.030000 6.373387 0.030000
7.426562 0.030000 7.401522 0.030000 8.791913 0.030000 8.917891 0.030000 5.388286 0.030000 5.622707 0.030000 2.826442 0.030000 3.238680 0.150000 3.957545 0.030000 3.880243 0.030000 6.150654 0.030000 6.350716 0.030000
7.470409 0.030000 7.473661 0.030000 8.714538 0.030000 8.850009 0.030000 5.384437 0.030000 5.628557 0.030000 2.951138 0.030000 2.719301 0.030000 4.006948 0.030000 3.873801 0.030000 6.087154 0.030000 6.210624 0.030000
7.930020 0.150000 7.382710 0.030000 8.738680 0.030000 8.819343 0.030000 5.322186 0.030000 6.047777 0.150000 2.969990 0.030000 2.752679 0.030000 4.052526 0.030000 3.921440 0.030000 6.032180 0.030000 6.213673 0.030000
7.528931 0.030000 7.417146 0.030000 8.721144 0.030000 8.850666 0.150000 5.341424 0.030000 5.459968 0.030000 3.052948 0.030000 3.077197 0.150000 4.052786 0.030000 3.956904 0.030000 6.017474 0.030000 6.202410 0.030000
7.617099 0.150000 7.488585 0.030000 8.660704 0.030000 8.891139 0.030000 5.279463 0.030000 5.470428 0.030000 3.017835 0.030000 2.823173 0.030000 4.103875 0.030000 3.958946 0.030000 5.952740 0.030000 6.185552 0.030000
7.465027 0.030000 7.447300 0.030000 8.546402 0.030000 8.783169 0.030000 5.249221 0.030000 5.437036 0.030000 3.123976 0.030000 3.072237 0.150000 4.011125 0.030000 4.030625 0.030000 5.881869 0.030000 6.155726 0.030000
7.410917 0.030000 7.503685 0.030000 8.529221 0.030000 8.697947 0.030000 5.238823 0.030000 5.286206 0.030000 3.113733 0.030000 2.930358 0.030000 4.000751 0.030000 3.989199 0.030000 5.881219 0.030000 5.989186 0.030000
7.490601 0.150000 7.448609 0.030000 8.414739 0.030000 8.546437 0.030000 5.239438 0.030000 5.262758 0.030000 3.163835 0.030000 3.048489 0.030000 3.915322 0.030000 3.991918 0.030000 5.753545 0.030000 5.953007 0.030000
7.173881 0.030000 7.524892 0.150000 8.272424 0.030000 8.441065 0.030000 5.303253 0.030000 5.247273 0.030000 3.274799 0.030000 3.172961 0.030000 3.830767 0.030000 4.030116 0.150000 5.782736 0.030000 5.837125 0.030000
7.118975 0.030000 7.239225 0.030000 8.251099 0.030000 8.350721 0.030000 5.276256 0.030000 5.265639 0.030000 3.313252 0.030000 3.175305 0.030000 3.615144 0.150000 3.940848 0.030000 5.724071 0.030000 5.771575 0.030000
6.994537 0.030000 7.139360 0.030000 8.080233 0.030000 8.226121 0.030000 5.339889 0.030000 5.271853 0.030000 3.362467 0.030000 3.289155 0.030000 3.735979 0.030000 3.865639 0.030000 5.640600 0.030000 5.694894 0.030000
7.079731 0.150000 7.060939 0.030000 7.981724 0.030000 8.378290 0.150000 5.359527 0.030000 5.382005 0.030000 3.465863 0.030000 3.318428 0.030000 3.600643 0.030000 3.721694 0.030000 5.556462 0.030000 5.652821 0.030000
6.806488 0.150000 6.875382 0.030000 7.924956 0.030000 8.803270 0.150000 5.452021 0.030000 5.320680 0.030000 3.504641 0.030000 3.403633 0.030000 3.523540 0.030000 3.628904 0.030000 5.561501 0.030000 5.589882 0.030000
6.614227 0.030000 7.132785 0.150000 7.854234 0.030000 7.988759 0.030000 5.482668 0.030000 5.430634 0.030000 3.593284 0.030000 3.449817 0.030000 3.490637 0.030000 3.533006 0.030000 5.486907 0.030000 5.571823 0.030000
6.495526 0.030000 6.721113 0.030000 7.726025 0.030000 7.952323 0.030000 5.491489 0.030000 5.435334 0.030000 4.289738 0.150000 3.478028 0.030000 3.564647 0.150000 3.484056 0.030000 5.450015 0.030000 5.306809 0.150000
6.418608 0.030000 6.543546 0.030000 7.613486 0.030000 7.779159 0.030000 5.523494 0.030000 5.509250 0.030000 3.762646 0.030000 3.630625 0.030000 3.349036 0.030000 3.510404 0.030000 5.354910 0.030000 5.399477 0.030000
6.308406 0.030000 6.484612 0.150000 7.553847 0.030000 7.684088 0.030000 5.650867 0.030000 5.491026 0.030000 3.797781 0.030000 3.893140 0.150000 3.258306 0.030000 3.395551 0.030000 5.346582 0.030000 5.622092 0.150000
6.171529 0.030000 6.297283 0.030000 7.438910 0.030000 7.606420 0.030000 5.658379 0.030000 5.598076 0.030000 3.841636 0.030000 3.713753 0.030000 3.247338 0.030000 3.453971 0.150000 5.307147 0.030000 5.357905 0.030000
6.124831 0.030000 6.316938 0.030000 7.328200 0.030000 7.501978 0.030000 5.690303 0.030000 6.141539 0.150000 3.985016 0.030000 3.864132 0.030000 3.237363 0.030000 3.240585 0.030000 5.300963 0.030000 5.296251 0.030000
6.035926 0.030000 6.137855 0.030000 7.300939 0.030000 7.375488 0.030000 5.791639 0.030000 5.755770 0.030000 4.012669 0.030000 3.881600 0.030000 3.628066 0.150000 3.644618 0.150000 5.228804 0.030000 5.273581 0.030000
5.887906 0.030000 5.994032 0.030000 7.181553 0.030000 7.318441 0.030000 5.785843 0.030000 5.721722 0.030000 4.165481 0.030000 4.002659 0.030000 3.087173 0.030000 3.181797 0.030000 5.177632 0.030000 5.283639 0.030000
5.880006 0.150000 6.543555 0.150000 9.241229 0.150000 7.285280 0.030000 5.888112 0.030000 5.813297 0.030000 4.261675 0.030000 4.115458 0.030000 3.060359 0.030000 3.078307 0.030000 5.191746 0.030000 5.228852 0.030000
5.673103 0.030000 5.763407 0.030000 7.121834 0.150000 7.141343 0.030000 5.999743 0.030000 5.865865 0.030000 4.275558 0.030000 4.156529 0.030000 3.423189 0.150000 3.051898 0.030000 5.141058 0.030000 5.153810 0.030000
5.587346 0.030000 5.686042 0.030000 6.905421 0.030000 7.039021 0.030000 5.981449 0.030000 5.937348 0.030000 4.430250 0.030000 4.303099 0.030000 2.932421 0.030000 3.259819 0.150000 5.133913 0.030000 5.170522 0.150000
5.478187 0.030000 5.580162 0.030000 6.818620 0.030000 7.000219 0.030000 6.152785 0.030000 5.981657 0.030000 4.806658 0.150000 4.385108 0.030000 2.996076 0.030000 2.977063 0.030000 5.062247 0.030000 5.150373 0.030000
5.857514 0.150000 5.536447 0.030000 6.789784 0.030000 6.900180 0.030000 6.192336 0.030000 6.080408 0.030000 4.619499 0.030000 4.463426 0.030000 3.046260 0.150000 3.011767 0.030000 5.131342 0.030000 5.100937 0.030000
5.294272 0.030000 5.380417 0.030000 6.673871 0.030000 6.733730 0.030000 6.184739 0.030000 6.141032 0.030000 4.689952 0.030000 4.473648 0.030000 2.949806 0.030000 2.905067 0.030000 5.097028 0.030000 5.121563 0.030000
5.888100 0.150000 5.287513 0.030000 6.560646 0.030000 6.630830 0.030000 6.330075 0.030000 6.203482 0.030000 5.936873 0.150000 4.653076 0.030000 2.913080 0.030000 2.973831 0.030000 5.043329 0.030000 5.106528 0.030000
5.030500 0.030000 5.203903 0.030000 6.545510 0.030000 6.634870 0.030000 6.433651 0.030000 6.604466 0.150000 4.927593 0.030000 4.800504 0.030000 2.900429 0.030000 2.946605 0.030000 5.090270 0.030000 5.053725 0.030000
4.941848 0.030000 5.030966 0.030000 6.408871 0.030000 6.581024 0.030000 6.465165 0.030000 6.350218 0.030000 4.986314 0.030000 4.836840 0.030000 2.954835 0.030000 2.939147 0.030000 5.039436 0.030000 5.015295 0.030000
4.843005 0.030000 5.006170 0.030000 6.443173 0.150000 6.468393 0.030000 6.553788 0.030000 6.415284 0.030000 5.087993 0.030000 4.978203 0.030000 2.953864 0.030000 2.926617 0.030000 5.409403 0.150000 5.087630 0.030000
4.716209 0.030000 4.873162 0.030000 6.243070 0.030000 6.353468 0.030000 6.626968 0.030000 6.483053 0.030000 5.262952 0.030000 5.008297 0.030000 2.923283 0.030000 2.951752 0.030000 5.016628 0.030000 5.047637 0.030000
4.908799 0.150000 4.766744 0.030000 6.170690 0.030000 6.309387 0.030000 6.788035 0.150000 6.549403 0.030000 5.371826 0.030000 5.132597 0.030000 2.964807 0.030000 2.694400 0.150000 5.107386 0.030000 5.043155 0.030000
4.506626 0.030000 4.667482 0.030000 6.133049 0.030000 6.189376 0.030000 6.792024 0.030000 6.622270 0.030000 5.440881 0.030000 5.249432 0.030000 2.986684 0.030000 2.957965 0.030000 5.156647 0.030000 5.067476 0.030000
4.420709 0.030000 4.565608 0.030000 6.002160 0.030000 6.697648 0.150000 6.793183 0.030000 6.755076 0.030000 5.553843 0.030000 5.360294 0.030000 2.998349 0.030000 2.931166 0.030000 5.453024 0.150000 5.048782 0.030000
4.350291 0.030000 4.532483 0.030000 6.188430 0.150000 6.049481 0.030000 6.966385 0.150000 6.795388 0.030000 5.655729 0.030000 5.491599 0.030000 3.172877 0.150000 2.984811 0.030000 5.146344 0.030000 5.205454 0.150000
4.245453 0.030000 4.404141 0.030000 5.895930 0.030000 6.073257 0.150000 7.016754 0.030000 6.878759 0.030000 5.755029 0.030000 5.576523 0.030000 3.113751 0.030000 2.998394 0.030000 5.085214 0.030000 5.132157 0.030000
4.182777 0.030000 4.410697 0.150000 5.798705 0.030000 6.035107 0.030000 7.221564 0.150000 7.055645 0.030000 5.860862 0.030000 5.707275 0.030000 3.072176 0.030000 3.050128 0.030000 5.245708 0.030000 5.110066 0.030000
4.111749 0.030000 4.236051 0.030000 5.789778 0.030000 5.841739 0.030000 7.232203 0.030000 7.071250 0.030000 5.971140 0.030000 6.879024 0.150000 3.203054 0.030000 3.140746 0.030000 5.985065 0.150000 5.166738 0.030000
4.024003 0.030000 4.184197 0.030000 5.737197 0.030000 5.789014 0.030000 7.293268 0.030000 7.142614 0.030000 6.121567 0.030000 5.859343 0.030000 3.222349 0.030000 3.141140 0.030000 5.232975 0.030000 5.143303 0.030000
3.956587 0.030000 4.048324 0.030000 5.634507 0.150000 5.754252 0.030000 7.325263 0.030000 7.205908 0.030000 6.710582 0.150000 6.026520 0.030000 3.270437 0.030000 3.193879 0.030000 5.248151 0.030000 5.174080 0.030000
3.894602 0.030000 4.006740 0.030000 5.592124 0.030000 5.623315 0.030000 7.513703 0.030000 7.327313 0.030000 6.303450 0.030000 6.162012 0.030000 3.387295 0.030000 3.199786 0.030000 5.293578 0.030000 5.265395 0.030000
3.762525 0.030000 3.921319 0.030000 5.522074 0.030000 5.594561 0.030000 7.581326 0.030000 7.449964 0.030000 6.428192 0.030000 6.244977 0.030000 3.375913 0.030000 3.273963 0.030000 5.290054 0.030000 5.254615 0.030000
3.716544 0.030000 3.806322 0.030000 5.423862 0.030000 5.524656 0.030000 7.651913 0.030000 7.485190 0.030000 6.580864 0.030000 6.668404 0.150000 3.456318 0.030000 3.331450 0.030000 5.304042 0.030000 5.286234 0.030000
3.595799 0.030000 3.732521 0.030000 5.411102 0.030000 5.532316 0.030000 7.892037 0.150000 7.585629 0.030000 6.611305 0.030000 6.515965 0.030000 3.536163 0.030000 3.524768 0.150000 5.362276 0.030000 5.264770 0.030000
3.664080 0.150000 3.665593 0.030000 5.391324 0.030000 5.502144 0.030000 7.853325 0.030000 7.731870 0.030000 6.789801 0.030000 6.564840 0.030000 3.635497 0.030000 3.524594 0.030000 5.417126 0.030000 5.353441 0.030000
3.517283 0.030000 3.633322 0.030000 5.354884 0.030000 5.434668 0.030000 7.891137 0.030000 8.033072 0.150000 6.878676 0.030000 6.690231 0.030000 3.729985 0.030000 3.580058 0.030000 5.467458 0.030000 5.426119 0.030000
3.446530 0.030000 3.579212 0.030000 5.328018 0.030000 5.320689 0.030000 8.265699 0.150000 7.813974 0.030000 6.946679 0.030000 6.864580 0.030000 3.759731 0.030000 3.635729 0.030000 5.529485 0.030000 5.491429 0.030000
3.414726 0.030000 3.504815 0.030000 5.279167 0.030000 5.330033 0.030000 8.099033 0.030000 7.913692 0.030000 7.088230 0.030000 6.838020 0.030000 3.815562 0.030000 3.732045 0.030000 5.535537 0.030000 6.344847 0.150000
3.410893 0.030000 3.500320 0.030000 5.233748 0.030000 5.280741 0.030000 8.242510 0.030000 8.042099 0.030000 7.152796 0.030000 6.910546 0.030000 3.891969 0.030000 3.893192 0.150000 5.610098 0.030000 5.546729 0.030000
3.347499 0.030000 3.492504 0.150000 5.968556 0.150000 5.835148 0.150000 8.230910 0.030000 8.040411 0.030000 7.182082 0.030000 7.004242 0.030000 3.941701 0.030000 3.746880 0.030000 5.614525 0.030000 5.550921 0.030000
3.345278 0.030000 3.419386 0.030000 5.214308 0.030000 5.247860 0.030000 8.266092 0.030000 8.191483 0.030000 7.197981 0.030000 7.063874 0.030000 3.958718 0.030000 3.850606 0.030000 5.632758 0.030000 5.553547 0.030000
3.265201 0.150000 3.372661 0.030000 5.118552 0.030000 5.212762 0.030000 8.305495 0.030000 8.159837 0.030000 7.336776 0.030000 7.096546 0.030000 3.973186 0.030000 3.859788 0.030000 5.664567 0.030000 5.576698 0.030000
3.321379 0.030000 3.310988 0.030000 5.146697 0.030000 5.163057 0.030000 8.338913 0.030000 9.302280 0.150000 7.283158 0.030000 7.170930 0.030000 4.282921 0.150000 3.906839 0.030000 5.718926 0.030000 5.591828 0.030000
3.241473 0.030000 3.449419 0.030000 5.191884 0.030000 6.043667 0.150000 8.361551 0.030000 8.271182 0.030000 7.379907 0.030000 7.237516 0.030000 4.066069 0.030000 3.951883 0.030000 5.712406 0.030000 5.616179 0.030000
3.261380 0.030000 3.291898 0.030000 5.180170 0.030000 5.179361 0.030000 8.422612 0.030000 8.219578 0.030000 7.408104 0.030000 7.276285 0.030000 4.109179 0.030000 3.825959 0.150000 5.694631 0.030000 5.674340 0.030000
3.264390 0.030000 3.243994 0.030000 5.085642 0.030000 5.261635 0.030000 8.434664 0.030000 8.299798 0.030000 7.465399 0.030000 7.272193 0.030000 4.158864 0.030000 3.950769 0.030000 5.649379 0.030000 5.665637 0.030000
3.339851 0.030000 3.278619 0.030000 5.078304 0.030000 5.192214 0.030000 8.446210 0.030000 8.330983 0.030000 7.533330 0.030000 7.332484 0.030000 4.177037 0.030000 4.012121 0.030000 5.754547 0.030000 5.711920 0.030000
3.413460 0.030000 3.295751 0.030000 4.914186 0.030000 5.089359 0.030000 8.444647 0.030000 8.332729 0.030000 7.601918 0.030000 7.487646 0.030000 4.352138 0.030000 4.113529 0.030000 5.682537 0.030000 5.757312 0.030000
3.506583 0.030000 3.321822 0.030000 4.901154 0.150000 5.013899 0.030000 8.322586 0.150000 8.446667 0.030000 7.750930 0.030000 7.564418 0.030000 4.429333 0.030000 4.211204 0.030000 5.507161 0.030000 5.712822 0.030000
3.684047 0.030000 3.409126 0.030000 4.654662 0.030000 5.894169 0.150000 8.258557 0.030000 8.365730 0.030000 7.736848 0.030000 7.636195 0.030000 4.545106 0.030000 4.366083 0.030000 5.487020 0.030000 5.532731 0.030000
4.182776 0.150000 3.559875 0.030000 4.516794 0.030000 4.795723 0.030000 8.292812 0.030000 8.338239 0.030000 7.818136 0.030000 7.697092 0.030000 4.641070 0.030000 4.481939 0.030000 5.335367 0.030000 5.505004 0.030000
3.838842 0.030000 3.676700 0.030000 4.436344 0.030000 4.611108 0.030000 8.157613 0.030000 8.266079 0.030000 7.910556 0.150000 7.761823 0.030000 4.751156 0.030000 4.555803 0.030000 5.226301 0.030000 5.427600 0.030000
3.947669 0.030000 3.764050 0.030000 4.287818 0.030000 4.485621 0.030000 8.132747 0.030000 8.209361 0.030000 7.995128 0.030000 7.845887 0.030000 4.795595 0.030000 4.701155 0.030000 5.144468 0.030000 5.294983 0.030000
4.124941 0.030000 3.866189 0.030000 4.257335 0.030000 4.370316 0.030000 8.047702 0.030000 8.156550 0.030000 7.994289 0.030000 8.217945 0.150000 4.950915 0.030000 4.759385 0.030000 5.031747 0.030000 5.181527 0.030000
4.199945 0.030000 4.060130 0.030000 4.053492 0.030000 4.474102 0.150000 8.003235 0.030000 8.152874 0.030000 8.063057 0.030000 8.096069 0.150000 4.939933 0.030000 4.859092 0.030000 4.962734 0.030000 5.094739 0.030000
4.294282 0.030000 4.509785 0.150000 3.962919 0.030000 4.140073 0.030000 7.988355 0.030000 8.195245 0.150000 8.120922 0.030000 8.008723 0.030000 5.131170 0.030000 4.907974 0.030000 4.853759 0.030000 5.005887 0.030000
5.168826 0.150000 4.241398 0.030000 3.866925 0.030000 3.977809 0.030000 7.861991 0.030000 7.960133 0.150000 8.258168 0.030000 8.130721 0.030000 5.204757 0.030000 5.105999 0.030000 5.085656 0.150000 4.948642 0.030000
4.527708 0.030000 4.313344 0.030000 3.747675 0.030000 3.924410 0.030000 7.834570 0.030000 7.953311 0.030000 8.239652 0.030000 8.158879 0.030000 5.321421 0.030000 5.159462 0.030000 4.672111 0.030000 4.874398 0.030000
4.650893 0.030000 4.412716 0.030000 3.684467 0.030000 3.920513 0.030000 7.825825 0.150000 7.889102 0.030000 8.270994 0.030000 8.201138 0.030000 5.311992 0.030000 5.224828 0.030000 4.617740 0.030000 4.774406 0.030000
4.695410 0.030000 4.422518 0.030000 3.618112 0.030000 3.785537 0.030000 7.782737 0.030000 7.889621 0.030000 8.315455 0.030000 8.220822 0.030000 5.407539 0.150000 5.219042 0.030000 4.540758 0.030000 4.757268 0.030000
4.737322 0.030000 4.542604 0.030000 3.499658 0.030000 3.782180 0.030000 7.737204 0.030000 7.857529 0.030000 8.381400 0.030000 8.270993 0.030000 5.489513 0.030000 5.316773 0.030000 4.541189 0.030000 4.644221 0.030000
4.781092 0.030000 4.605752 0.030000 3.501647 0.030000 3.684777 0.030000 7.731822 0.030000 7.799114 0.030000 8.423793 0.030000 8.279145 0.030000 5.523191 0.030000 5.892354 0.150000 4.467807 0.030000 4.658708 0.030000
4.879658 0.030000 4.638460 0.030000 3.431481 0.030000 3.622465 0.030000 7.984340 0.150000 7.812580 0.030000 8.440322 0.030000 8.339564 0.150000 5.601984 0.030000 5.514272 0.150000 4.283804 0.150000 4.598484 0.030000
4.880980 0.030000 4.664291 0.030000 3.370169 0.030000 3.562249 0.030000 7.674013 0.030000 7.769973 0.030000 8.469996 0.030000 8.354922 0.030000 5.618051 0.030000 5.426965 0.030000 4.445777 0.030000 4.529586 0.030000
4.927357 0.030000 4.735281 0.030000 3.330907 0.030000 3.583668 0.030000 7.656073 0.030000 8.650440 0.150000 8.484279 0.030000 8.367715 0.030000 5.606391 0.030000 5.518936 0.030000 4.370405 0.030000 4.538592 0.030000
5.170798 0.150000 4.780651 0.030000 3.351290 0.030000 3.527263 0.030000 7.632607 0.030000 7.755006 0.030000 8.485316 0.030000 8.367507 0.030000 5.614890 0.030000 5.522290 0.030000 5.507654 0.150000 4.567165 0.030000
4.963257 0.030000 4.748271 0.030000 3.694158 0.150000 3.495823 0.030000 7.613055 0.030000 7.783299 0.030000 8.456175 0.030000 8.464780 0.030000 5.667235 0.030000 5.570174 0.030000 4.256832 0.030000 4.519011 0.030000
5.047101 0.030000 4.907226 0.030000 3.336850 0.030000 3.409105 0.030000 7.486550 0.030000 7.696928 0.030000 8.408279 0.030000 8.472321 0.030000 5.618998 0.030000 5.663224 0.030000 4.206730 0.030000 4.464576 0.030000
5.095929 0.030000 4.952013 0.030000 3.362299 0.030000 3.351474 0.030000 7.376074 0.030000 7.583859 0.030000 9.249122 0.150000 8.474685 0.030000 5.577431 0.030000 5.655423 0.030000 4.123480 0.030000 4.315219 0.030000
4.927795 0.150000 5.017067 0.030000 3.403802 0.030000 3.315350 0.030000 7.260321 0.030000 7.417306 0.030000 8.171893 0.030000 8.352937 0.030000 5.523417 0.030000 5.595815 0.030000 4.007818 0.030000 4.164686 0.030000
5.190718 0.030000 5.121680 0.030000 3.505418 0.030000 3.403305 0.030000 7.135399 0.030000 7.347038 0.030000 8.069258 0.030000 8.266533 0.030000 5.518334 0.030000 5.557562 0.030000 3.977282 0.030000 4.075729 0.030000
5.220077 0.030000 5.163672 0.030000 3.507302 0.030000 3.433622 0.030000 7.141158 0.150000 7.161336 0.030000 8.018510 0.030000 8.122231 0.030000 5.382261 0.030000 5.571428 0.030000 3.850861 0.030000 3.963324 0.030000
5.253429 0.030000 5.716858 0.150000 3.548952 0.030000 3.476418 0.030000 6.901210 0.030000 7.094930 0.030000 7.910779 0.030000 8.127407 0.030000 5.344977 0.030000 5.471192 0.030000 3.838973 0.030000 3.895327 0.030000
5.830429 0.150000 5.192615 0.030000 3.636558 0.030000 3.531379 0.150000 6.777228 0.030000 6.991287 0.030000 7.849461 0.030000 7.940506 0.030000 5.293588 0.030000 5.366428 0.030000 3.774170 0.030000 4.784523 0.150000
5.393197 0.030000 5.246732 0.030000 3.702565 0.030000 3.616143 0.030000 6.721201 0.030000 6.902675 0.030000 7.694922 0.030000 7.916542 0.030000 5.281091 0.030000 5.349959 0.030000 3.646221 0.030000 3.784874 0.030000
5.407684 0.030000 5.271656 0.030000 3.793866 0.030000 3.584338 0.030000 6.577664 0.030000 6.809113 0.030000 7.593933 0.030000 7.767045 0.030000 5.258042 0.030000 5.281567 0.030000 3.961381 0.150000 3.746245 0.030000
5.418706 0.030000 5.449019 0.030000 3.801815 0.030000 3.743333 0.030000 6.453278 0.030000 6.622427 0.030000 7.504665 0.030000 7.600155 0.030000 5.208657 0.030000 5.214494 0.030000 3.514790 0.030000 3.612221 0.150000
5.527212 0.030000 5.412778 0.030000 3.970770 0.030000 3.780920 0.030000 6.336760 0.030000 6.526198 0.030000 7.474718 0.030000 7.571628 0.030000 5.159074 0.030000 5.229311 0.030000 3.565631 0.150000 3.572938 0.030000
5.556230 0.030000 5.455878 0.030000 3.971639 0.030000 3.881848 0.030000 6.256847 0.030000 6.396193 0.030000 7.430059 0.030000 7.498852 0.030000 4.946365 0.150000 5.155776 0.030000 3.382452 0.030000 3.507157 0.030000
5.609280 0.030000 5.530667 0.030000 4.042598 0.030000 3.771983 0.150000 6.064481 0.030000 6.340910 0.030000 7.207732 0.030000 7.400884 0.030000 5.070747 0.030000 5.132957 0.030000 3.369090 0.030000 3.433782 0.030000
5.692576 0.030000 5.570544 0.030000 4.170738 0.030000 4.021674 0.030000 6.006814 0.030000 6.166724 0.030000 7.066391 0.150000 7.289595 0.030000 5.263720 0.150000 5.128786 0.030000 3.308470 0.030000 3.345894 0.150000
5.768505 0.030000 5.659526 0.030000 4.487594 0.150000 4.023632 0.030000 5.946973 0.030000 6.118380 0.030000 7.041235 0.030000 7.230128 0.030000 4.985916 0.030000 5.065257 0.030000 3.255607 0.030000 3.380523 0.030000
5.784068 0.030000 5.673471 0.030000 4.354845 0.030000 4.214071 0.030000 5.751180 0.030000 5.984996 0.030000 7.013314 0.030000 7.169923 0.150000 4.982965 0.030000 5.026069 0.030000 3.215227 0.030000 3.269411 0.030000
5.877656 0.030000 5.833745 0.030000 4.371048 0.030000 4.307829 0.030000 5.689190 0.030000 5.882910 0.030000 6.912888 0.030000 7.013795 0.150000 5.422702 0.150000 5.009954 0.030000 3.196913 0.030000 3.771377 0.150000
5.955976 0.030000 5.805544 0.030000 4.477618 0.030000 4.415878 0.030000 5.695233 0.150000 5.810624 0.030000 6.839748 0.030000 6.956870 0.030000 5.005362 0.030000 4.973026 0.030000 3.180721 0.030000 3.228982 0.030000
5.944243 0.030000 6.043877 0.150000 4.600076 0.030000 4.420442 0.030000 5.476078 0.030000 5.669511 0.030000 6.724432 0.030000 6.890389 0.030000 4.956038 0.030000 4.962985 0.030000 3.134568 0.030000 3.192336 0.030000
6.112608 0.030000 6.021765 0.030000 4.699114 0.030000 4.608525 0.150000 5.368142 0.030000 5.552559 0.030000 6.671812 0.030000 6.771670 0.030000 4.905590 0.030000 4.986688 0.030000 3.117233 0.030000 3.577219 0.150000
6.873711 0.150000 6.038875 0.030000 4.829911 0.030000 4.679525 0.030000 5.234130 0.030000 6.082612 0.150000 6.564675 0.030000 6.715070 0.030000 4.859514 0.030000 4.931683 0.150000 3.373046 0.150000 3.131993 0.030000
6.222696 0.030000 6.165716 0.030000 4.844291 0.030000 4.787349 0.030000 5.164478 0.030000 5.321701 0.030000 7.605827 0.150000 7.103862 0.150000 4.941139 0.030000 4.969362 0.030000 3.314757 0.150000 3.154865 0.030000
6.327878 0.030000 6.238802 0.030000 4.945707 0.030000 4.849393 0.030000 5.060404 0.030000 5.249808 0.030000 6.414337 0.030000 6.532906 0.030000 5.345721 0.150000 4.913470 0.030000 3.066178 0.030000 3.076066 0.030000
6.404221 0.030000 6.278087 0.030000 5.079623 0.030000 4.939034 0.030000 5.323231 0.150000 5.081508 0.030000 6.331567 0.030000 6.454531 0.030000 4.895629 0.030000 4.895785 0.030000 3.118903 0.030000 3.049967 0.030000
7.627697 0.150000 6.289072 0.030000 5.190752 0.030000 5.016414 0.030000 4.883439 0.030000 5.044577 0.030000 6.268355 0.030000 6.362387 0.030000 4.964970 0.030000 5.006402 0.150000 3.088061 0.030000 3.064181 0.030000
6.535457 0.030000 6.452560 0.030000 5.254211 0.030000 5.129207 0.030000 4.785881 0.030000 4.963873 0.030000 6.149688 0.030000 6.285341 0.030000 4.900802 0.030000 4.935307 0.030000 3.105343 0.030000 3.075685 0.030000
6.627608 0.030000 6.512918 0.030000 5.460328 0.030000 5.186389 0.030000 4.714868 0.030000 4.860945 0.030000 6.149246 0.030000 6.218285 0.030000 4.948583 0.030000 4.940585 0.030000 3.106725 0.030000 3.055630 0.030000
6.740742 0.030000 8.090916 0.150000 5.477491 0.030000 5.371000 0.030000 4.591139 0.030000 4.719582 0.030000 6.040673 0.030000 6.216647 0.030000 6.243805 0.150000 6.209359 0.150000 3.114187 0.030000 3.079596 0.030000
6.837784 0.030000 6.936448 0.150000 5.606669 0.030000 5.398414 0.030000 4.457801 0.030000 4.611422 0.030000 6.021878 0.030000 6.132493 0.030000 4.951966 0.030000 4.972541 0.030000 3.125457 0.030000 3.094660 0.030000
7.258942 0.150000 6.818651 0.030000 5.737556 0.030000 5.504877 0.030000 4.322155 0.030000 4.558346 0.030000 5.889910 0.030000 5.992917 0.030000 5.004411 0.030000 4.949773 0.030000 3.134212 0.030000 3.156954 0.030000
7.142450 0.150000 6.867151 0.030000 5.781482 0.030000 5.609163 0.030000 4.276128 0.030000 4.490014 0.030000 5.851627 0.030000 5.992285 0.030000 4.947367 0.030000 5.030256 0.030000 3.219404 0.030000 3.166598 0.030000
7.100020 0.030000 6.926908 0.030000 5.906500 0.030000 5.708658 0.030000 4.212996 0.030000 4.359067 0.030000 5.816313 0.030000 5.876345 0.030000 4.975338 0.030000 5.030806 0.030000 3.255010 0.030000 3.202554 0.030000
7.159925 0.030000 6.998217 0.030000 6.072128 0.030000 5.801546 0.030000 4.143331 0.030000 4.262394 0.030000 5.715026 0.030000 5.750981 0.030000 5.059386 0.030000 4.990208 0.030000 3.236625 0.030000 3.212868 0.030000
7.270376 0.030000 7.077514 0.030000 6.100362 0.030000 5.917640 0.030000 4.068466 0.030000 4.171070 0.030000 5.684105 0.030000 5.739284 0.030000 5.088319 0.030000 5.064678 0.030000 3.352222 0.030000 3.256014 0.030000
7.375966 0.030000 7.211934 0.030000 6.200885 0.030000 6.062446 0.030000 3.990176 0.030000 4.573573 0.150000 5.602037 0.030000 5.678067 0.030000 5.155625 0.030000 5.092227 0.030000 3.406325 0.030000 3.307235 0.030000
7.421311 0.030000 7.294755 0.030000 6.304879 0.030000 6.126460 0.030000 3.890170 0.030000 4.316511 0.150000 5.588455 0.030000 5.675064 0.030000 5.217632 0.030000 5.115583 0.030000 3.473653 0.030000 3.347003 0.030000
7.554112 0.030000 7.369238 0.030000 6.405098 0.030000 6.249051 0.030000 3.779793 0.030000 3.922010 0.030000 5.523709 0.030000 5.633605 0.030000 5.221589 0.030000 5.183573 0.030000 3.506803 0.030000 3.417506 0.030000
7.658839 0.030000 7.466061 0.030000 6.653413 0.150000 6.398966 0.030000 3.685558 0.030000 3.904014 0.030000 5.464692 0.030000 5.612440 0.030000 5.236025 0.030000 5.215981 0.030000 3.528821 0.030000 3.462619 0.030000
7.697993 0.030000 7.606114 0.030000 6.616739 0.030000 6.481844 0.030000 3.678057 0.030000 3.781208 0.030000 5.343213 0.030000 5.465299 0.030000 5.323124 0.030000 5.195339 0.030000 4.162679 0.150000 3.483127 0.030000
7.736312 0.030000 7.735963 0.030000 6.770547 0.030000 6.831670 0.150000 3.580684 0.030000 3.696953 0.030000 5.383508 0.030000 5.441047 0.030000 5.347742 0.030000 5.318457 0.030000 3.739882 0.030000 3.630319 0.030000
7.930638 0.030000 7.825861 0.150000 6.902536 0.030000 6.659996 0.030000 3.530565 0.030000 3.629680 0.030000 5.320413 0.030000 5.423272 0.150000 5.340621 0.030000 5.318293 0.030000 3.738747 0.030000 3.645093 0.030000
8.003265 0.030000 7.915949 0.030000 6.988818 0.030000 6.841158 0.030000 3.438713 0.030000 3.645367 0.030000 5.276675 0.030000 5.375561 0.030000 5.464402 0.030000 5.399181 0.030000 3.767540 0.150000 3.732863 0.030000
8.116099 0.030000 7.893752 0.030000 7.049671 0.150000 6.919053 0.030000 3.430212 0.030000 4.018698 0.150000 5.264695 0.030000 5.309763 0.030000 5.532509 0.030000 5.418760 0.030000 3.909580 0.030000 3.766607 0.030000
8.155604 0.030000 7.937851 0.030000 7.087368 0.030000 6.957057 0.030000 3.418999 0.030000 3.499256 0.030000 5.224008 0.030000 5.370816 0.150000 5.600601 0.030000 5.452538 0.030000 3.984952 0.030000 3.759304 0.030000
8.197166 0.030000 8.069724 0.030000 7.320975 0.150000 7.042269 0.030000 3.281766 0.030000 3.439223 0.030000 5.267923 0.030000 5.258912 0.030000 5.554778 0.030000 5.481117 0.030000 4.009310 0.030000 3.866609 0.030000
8.254450 0.030000 8.105263 0.150000 7.249838 0.030000 7.089904 0.030000 3.329574 0.030000 3.389536 0.030000 5.175314 0.030000 5.278543 0.030000 5.585692 0.030000 5.479297 0.030000 4.047162 0.030000 3.877102 0.030000
8.327270 0.030000 8.191281 0.030000 7.314082 0.030000 7.142998 0.030000 3.266293 0.030000 3.370633 0.150000 5.180690 0.030000 5.232183 0.030000 6.183737 0.150000 5.506367 0.030000 4.022763 0.030000 3.902497 0.030000
8.365374 0.030000 8.226227 0.030000 7.379682 0.030000 7.358883 0.150000 3.318370 0.030000 3.318888 0.030000 5.190836 0.030000 5.223607 0.030000 5.641698 0.030000 5.557158 0.030000 4.073811 0.030000 3.951688 0.030000
8.382985 0.030000 8.192855 0.030000 7.351384 0.030000 8.178896 0.150000 3.650226 0.150000 3.293860 0.030000 5.204281 0.030000 5.333015 0.150000 5.669043 0.030000 5.546027 0.030000 4.120295 0.030000 3.972802 0.030000
8.429713 0.030000 8.272406 0.030000 7.417689 0.030000 7.246028 0.030000 3.508577 0.150000 3.328410 0.030000 5.193086 0.030000 5.120322 0.030000 5.711252 0.030000 5.564920 0.030000 4.086874 0.030000 4.022266 0.030000
8.526361 0.030000 8.289655 0.030000 7.423856 0.030000 7.284183 0.030000 3.186045 0.030000 3.340185 0.030000 5.200198 0.030000 5.190696 0.030000 5.730996 0.030000 5.506142 0.030000 4.139767 0.030000 4.016653 0.030000
8.532434 0.030000 8.311714 0.030000 7.748379 0.150000 7.361117 0.030000 3.041274 0.030000 3.237368 0.030000 5.275483 0.030000 5.184440 0.030000 5.834176 0.030000 5.585694 0.030000 4.088987 0.030000 4.351765 0.150000
8.605389 0.030000 8.447045 0.030000 7.462117 0.030000 7.412897 0.030000 3.021468 0.030000 3.223051 0.030000 5.355215 0.030000 5.179739 0.030000 6.241138 0.150000 5.751166 0.030000 4.062781 0.030000 4.106869 0.030000
8.722349 0.030000 8.599947 0.030000 7.453320 0.030000 7.414023 0.030000 2.851302 0.030000 3.103594 0.030000 5.464692 0.030000 5.284567 0.030000 6.068005 0.030000 5.893800 0.030000 4.031356 0.030000 4.067083 0.030000
8.828476 0.030000 8.675346 0.030000 7.350730 0.030000 7.406757 0.030000 2.735455 0.030000 2.958669 0.030000 5.556658 0.030000 5.405422 0.030000 6.531121 0.150000 5.951076 0.030000 4.247525 0.150000 4.040761 0.030000
8.943212 0.030000 8.847595 0.030000 7.291416 0.030000 7.412066 0.030000 2.900078 0.150000 2.882718 0.030000 5.688067 0.030000 5.492934 0.030000 6.273160 0.030000 6.075786 0.030000 3.868472 0.150000 3.973299 0.030000
8.968827 0.030000 8.810481 0.030000 7.332043 0.030000 7.342597 0.030000 2.535403 0.030000 2.722599 0.030000 5.839096 0.030000 5.595295 0.030000 6.370738 0.150000 6.186511 0.030000 3.763185 0.030000 3.896130 0.030000
9.061688 0.030000 8.956730 0.030000 7.261582 0.030000 7.358496 0.030000 2.388736 0.030000 2.574901 0.030000 6.007019 0.030000 6.031273 0.150000 6.464717 0.030000 6.280644 0.030000 3.724271 0.030000 3.800826 0.030000
9.158081 0.030000 9.059871 0.030000 7.279345 0.030000 8.113663 0.150000 2.217844 0.030000 2.469846 0.030000 6.071327 0.030000 5.829698 0.030000 6.589318 0.150000 6.399746 0.030000 3.639817 0.030000 3.741454 0.030000
9.224076 0.030000 9.066173 0.030000 7.236135 0.030000 7.265022 0.030000 2.183334 0.030000 2.364458 0.030000 6.154247 0.030000 5.988136 0.030000 6.742093 0.030000 6.484189 0.030000 3.581043 0.030000 3.671816 0.030000
9.337857 0.030000 9.173036 0.030000 7.160837 0.030000 7.236970 0.030000 1.965582 0.150000 2.265546 0.030000 6.423594 0.150000 6.478272 0.150000 6.786029 0.030000 6.691035 0.030000 3.549428 0.030000 3.602387 0.030000
9.404770 0.030000 9.257280 0.030000 7.179696 0.030000 7.227254 0.030000 2.076019 0.150000 2.081978 0.150000 6.410314 0.030000 6.203629 0.030000 6.971100 0.030000 6.759352 0.030000 3.447437 0.030000 3.599481 0.030000
9.469560 0.030000 9.289107 0.030000 7.214342 0.030000 7.155112 0.030000 1.896071 0.030000 2.039015 0.030000 6.499986 0.030000 6.683378 0.150000 6.983935 0.030000 6.805329 0.030000 3.388781 0.030000 3.521513 0.030000
9.478524 0.030000 9.361939 0.030000 7.153317 0.030000 7.108154 0.030000 2.182200 0.150000 1.989759 0.030000 6.584072 0.030000 6.404242 0.030000 7.107495 0.030000 6.971876 0.030000 3.331090 0.150000 3.495859 0.030000
9.579495 0.030000 9.447995 0.030000 7.170029 0.030000 7.175048 0.030000 1.778127 0.030000 1.915594 0.150000 6.605308 0.030000 6.405325 0.030000 7.140113 0.030000 6.982723 0.030000 3.304758 0.030000 3.454520 0.030000
9.632409 0.030000 9.424493 0.150000 7.098973 0.030000 7.134608 0.030000 1.705127 0.030000 1.873070 0.030000 6.914691 0.150000 6.955227 0.150000 7.219748 0.030000 7.038237 0.150000 3.310240 0.030000 3.395368 0.150000
9.684556 0.030000 9.570319 0.030000 7.107994 0.030000 7.166556 0.030000 1.676811 0.030000 1.811234 0.030000 6.820649 0.030000 6.580814 0.030000 7.300013 0.030000 7.088000 0.030000 3.299545 0.030000 3.402032 0.030000
9.687254 0.030000 9.597318 0.030000 7.085322 0.030000 7.142782 0.030000 1.649740 0.030000 1.789151 0.030000 6.997751 0.150000 6.622803 0.030000 7.351873 0.030000 7.087377 0.030000 3.358253 0.030000 3.307134 0.030000
9.759501 0.030000 9.946316 0.150000 7.469148 0.150000 7.116120 0.030000 1.605472 0.030000 1.754718 0.030000 6.880458 0.030000 6.614391 0.030000 7.324419 0.030000 7.187603 0.030000 3.321292 0.150000 3.350133 0.030000
9.735881 0.030000 9.842259 0.150000 7.036444 0.030000 7.137371 0.030000 1.521616 0.030000 1.731093 0.030000 6.918041 0.030000 7.128422 0.150000 7.360801 0.030000 7.200434 0.150000 3.229949 0.030000 3.369909 0.030000
9.696415 0.030000 9.722299 0.030000 7.070497 0.030000 7.152408 0.030000 1.574430 0.030000 1.711393 0.030000 6.888089 0.030000 6.662494 0.030000 7.458928 0.030000 7.244580 0.030000 3.235207 0.030000 3.364575 0.030000
9.733402 0.030000 9.683594 0.030000 6.989066 0.030000 7.132857 0.030000 1.595356 0.030000 1.593974 0.030000 6.938570 0.030000 6.778716 0.030000 7.339332 0.030000 7.307925 0.030000 3.134885 0.030000 3.349101 0.030000
9.679260 0.030000 9.764102 0.030000 6.912864 0.030000 7.110538 0.030000 1.687306 0.030000 1.633485 0.030000 7.020779 0.030000 6.895887 0.030000 7.390004 0.030000 7.415519 0.030000 3.030018 0.030000 3.191031 0.030000
9.657069 0.030000 10.300467 0.150000 6.765628 0.030000 7.230612 0.150000 1.715962 0.030000 1.640852 0.030000 7.000299 0.030000 6.951341 0.030000 7.381379 0.030000 7.449644 0.030000 2.910685 0.030000 3.132621 0.030000
9.463524 0.030000 9.654720 0.030000 6.654792 0.030000 6.779067 0.030000 1.863548 0.030000 1.685248 0.030000 7.052606 0.030000 7.034566 0.030000 7.355679 0.030000 7.360473 0.030000 2.767008 0.030000 3.339015 0.150000
9.461599 0.030000 9.508353 0.030000 6.506643 0.030000 6.734092 0.030000 2.795401 0.150000 1.802112 0.030000 7.107546 0.030000 7.035863 0.030000 7.266167 0.030000 7.365148 0.030000 2.651224 0.030000 2.851519 0.030000
9.339597 0.030000 9.489435 0.030000 6.386541 0.030000 6.589367 0.030000 2.035355 0.030000 1.853305 0.030000 7.172767 0.030000 7.127139 0.030000 7.283805 0.030000 7.296858 0.030000 2.544972 0.030000 3.082764 0.150000
9.263378 0.030000 9.471993 0.030000 6.256544 0.030000 6.380458 0.030000 2.037704 0.030000 1.925771 0.030000 7.184698 0.030000 7.111933 0.030000 7.195700 0.030000 7.574374 0.150000 2.473245 0.030000 2.692997 0.030000
9.242275 0.030000 9.344383 0.030000 6.161878 0.150000 6.321644 0.030000 2.248516 0.030000 2.066194 0.030000 7.165937 0.030000 7.105765 0.030000 7.169334 0.030000 7.259704 0.030000 2.331516 0.030000 2.559384 0.030000
9.085864 0.030000 9.205992 0.030000 6.002421 0.030000 6.055684 0.150000 2.441468 0.150000 2.147563 0.030000 7.204070 0.150000 7.325568 0.150000 7.152914 0.030000 7.169784 0.030000 2.202740 0.030000 2.815762 0.150000
9.009368 0.030000 9.150055 0.030000 5.833586 0.030000 5.937950 0.150000 2.440130 0.030000 2.199126 0.030000 7.307999 0.030000 7.156900 0.030000 7.050991 0.030000 7.198853 0.030000 2.092636 0.030000 2.308643 0.030000
8.997861 0.030000 9.066088 0.030000 5.761918 0.030000 6.204143 0.150000 2.590990 0.030000 2.400498 0.030000 7.346276 0.030000 7.272837 0.030000 7.009839 0.030000 7.114848 0.030000 2.016395 0.030000 2.909737 0.150000
8.860432 0.030000 9.022994 0.030000 5.688974 0.030000 5.821843 0.030000 2.660418 0.030000 2.460138 0.030000 7.387673 0.030000 7.256704 0.030000 7.050190 0.030000 7.081595 0.030000 1.903202 0.030000 2.047452 0.150000
8.723847 0.030000 8.877641 0.030000 5.474012 0.030000 5.722361 0.030000 2.855241 0.030000 2.584937 0.030000 7.409772 0.030000 7.335667 0.030000 7.728885 0.150000 7.041287 0.030000 1.957153 0.150000 2.202006 0.150000
8.723884 0.030000 8.870487 0.030000 5.362245 0.030000 5.623230 0.030000 2.879469 0.030000 2.753925 0.030000 7.474538 0.030000 7.293261 0.150000 7.000294 0.030000 7.034062 0.030000 1.737901 0.030000 1.858209 0.030000
8.737055 0.150000 8.749568 0.030000 5.258192 0.030000 5.470382 0.030000 3.027634 0.030000 2.821011 0.030000 7.509246 0.030000 7.385310 0.030000 6.936615 0.030000 7.013090 0.030000 1.635287 0.030000 1.798294 0.030000
8.528081 0.030000 8.689932 0.030000 5.091914 0.030000 5.333812 0.030000 3.119103 0.030000 3.590106 0.150000 7.715577 0.150000 7.426198 0.030000 6.961822 0.030000 6.977235 0.030000 1.516211 0.030000 1.681180 0.030000
8.482085 0.030000 8.673725 0.030000 5.051560 0.030000 5.219095 0.030000 3.282508 0.030000 3.046933 0.030000 7.564476 0.030000 7.529950 0.030000 6.962640 0.030000 6.934871 0.030000 1.411489 0.030000 1.528722 0.030000
8.774189 0.150000 8.583769 0.030000 4.925559 0.030000 5.056520 0.030000 3.357778 0.030000 3.241516 0.030000 7.672777 0.030000 7.596954 0.030000 6.694820 0.150000 6.925082 0.030000 1.361944 0.030000 1.501121 0.030000
8.397122 0.030000 8.456560 0.030000 4.755469 0.030000 4.982152 0.030000 3.472985 0.030000 3.350748 0.030000 7.662932 0.030000 7.653167 0.030000 6.952307 0.030000 6.996643 0.030000 1.357662 0.030000 1.438684 0.030000
8.263382 0.030000 8.418146 0.030000 4.668115 0.030000 4.866150 0.030000 3.612253 0.030000 3.732533 0.150000 7.741119 0.030000 7.639590 0.030000 6.889284 0.030000 6.944644 0.030000 1.168702 0.030000 1.356732 0.030000
8.371018 0.150000 8.409693 0.030000 4.521973 0.030000 4.761512 0.030000 3.761037 0.030000 3.554290 0.150000 8.201089 0.150000 7.735599 0.030000 6.897315 0.030000 6.906670 0.030000 1.194910 0.030000 1.237511 0.030000
8.173870 0.030000 8.279497 0.030000 4.382410 0.030000 4.595917 0.030000 3.842568 0.030000 3.632410 0.030000 7.827150 0.030000 7.780308 0.030000 6.899729 0.030000 6.917459 0.030000 1.164382 0.030000 1.221763 0.030000
8.112621 0.030000 8.204057 0.030000 4.290281 0.030000 4.449025 0.030000 3.978345 0.030000 3.777033 0.030000 7.849577 0.030000 8.690215 0.150000 6.878235 0.030000 6.947966 0.030000 1.063632 0.030000 1.480796 0.150000
8.001423 0.030000 8.178562 0.030000 4.199106 0.030000 4.360925 0.030000 4.123820 0.030000 3.919125 0.030000 8.034721 0.030000 7.930809 0.030000 6.955090 0.030000 6.884960 0.030000 1.117123 0.030000 1.138087 0.030000
7.983472 0.030000 8.271920 0.150000 4.033961 0.030000 4.277153 0.030000 4.239460 0.030000 4.042183 0.030000 8.015904 0.030000 7.955247 0.030000 6.965264 0.030000 6.968374 0.150000 1.081144 0.030000 1.142321 0.030000
8.387751 0.150000 7.963519 0.030000 3.877016 0.030000 4.105263 0.030000 4.311445 0.030000 4.222567 0.150000 8.133214 0.030000 8.036606 0.030000 6.965811 0.030000 6.939874 0.030000 1.019470 0.030000 1.059184 0.030000
7.844375 0.030000 7.988822 0.030000 3.780089 0.030000 4.024448 0.030000 4.440073 0.030000 4.264492 0.030000 8.179692 0.030000 8.081001 0.030000 6.932231 0.030000 6.903287 0.030000 1.085335 0.030000 1.101313 0.030000
8.555112 0.150000 7.941821 0.030000 3.736926 0.030000 3.869256 0.030000 4.522778 0.030000 4.351627 0.030000 8.266624 0.030000 8.118336 0.030000 6.969091 0.030000 6.919216 0.030000 1.181545 0.030000 1.129240 0.030000
7.752562 0.030000 7.836921 0.030000 3.603224 0.030000 3.781685 0.030000 4.729557 0.030000 4.485897 0.030000 8.605300 0.150000 8.203160 0.030000 6.955349 0.030000 7.050990 0.150000 1.179274 0.030000 1.144497 0.030000
7.764972 0.030000 7.749462 0.030000 3.433073 0.030000 3.576248 0.030000 4.863873 0.030000 4.672716 0.030000 8.398964 0.030000 8.251166 0.030000 6.932795 0.030000 6.958100 0.030000 1.242920 0.030000 1.115425 0.030000
8.091167 0.150000 7.698023 0.030000 3.341697 0.030000 3.542373 0.030000 4.952191 0.030000 4.738624 0.030000 8.488919 0.030000 8.423753 0.030000 7.016575 0.030000 6.923326 0.030000 1.348425 0.030000 1.228275 0.030000
7.654274 0.030000 7.612294 0.030000 3.250624 0.030000 3.436593 0.030000 4.949141 0.150000 4.856851 0.030000 8.592232 0.030000 8.440470 0.030000 6.969210 0.030000 6.968172 0.030000 1.414118 0.150000 1.334071 0.030000
7.569711 0.030000 7.611117 0.030000 3.070815 0.030000 3.251208 0.030000 5.705866 0.150000 5.007459 0.030000 8.666200 0.030000 8.530954 0.030000 7.027814 0.030000 6.996287 0.030000 1.987707 0.150000 1.388726 0.030000
7.504338 0.030000 7.605325 0.030000 2.999447 0.030000 3.189310 0.030000 5.348950 0.030000 5.040380 0.030000 8.716652 0.030000 9.109964 0.150000 7.017516 0.030000 7.069020 0.030000 1.591792 0.030000 1.464419 0.030000
7.426692 0.030000 7.519351 0.030000 2.879901 0.030000 3.021830 0.150000 5.431139 0.030000 5.210724 0.030000 8.722489 0.030000 8.658592 0.030000 7.032610 0.030000 7.064306 0.030000 1.770588 0.150000 1.581389 0.030000
7.503237 0.030000 7.517400 0.030000 2.741962 0.030000 3.041927 0.150000 5.587794 0.030000 5.385941 0.030000 8.909750 0.030000 8.703936 0.030000 7.049784 0.030000 7.038389 0.030000 1.827380 0.030000 1.634079 0.030000
7.380815 0.030000 7.434347 0.030000 2.630270 0.030000 2.791667 0.030000 5.699079 0.030000 5.703555 0.150000 8.795834 0.150000 8.828307 0.030000 7.149084 0.030000 7.008975 0.030000 1.898023 0.030000 1.663373 0.030000
7.345590 0.030000 7.426865 0.030000 2.560487 0.030000 2.684781 0.030000 5.787908 0.030000 5.575824 0.030000 9.038623 0.030000 8.849428 0.030000 7.137202 0.030000 6.876227 0.150000 1.959195 0.030000 2.050728 0.150000
7.266874 0.030000 7.386385 0.030000 2.420964 0.030000 2.624631 0.030000 5.854373 0.030000 5.678319 0.030000 9.113750 0.030000 8.972731 0.030000 7.201588 0.030000 7.104334 0.030000 2.228261 0.150000 1.915804 0.030000
7.301326 0.150000 7.338053 0.030000 2.480652 0.150000 2.490250 0.030000 6.018789 0.030000 5.855505 0.030000 9.160391 0.030000 9.059255 0.030000 7.250522 0.030000 7.153411 0.030000 2.225127 0.030000 2.228386 0.150000
7.223218 0.030000 7.249274 0.030000 2.231733 0.030000 2.346150 0.030000 6.123884 0.030000 5.997418 0.030000 9.241530 0.030000 9.115214 0.030000 7.189276 0.030000 7.163873 0.030000 2.307612 0.030000 2.191128 0.030000
7.225552 0.030000 7.282766 0.030000 2.092147 0.030000 2.250385 0.030000 6.246693 0.030000 6.047129 0.030000 9.319895 0.030000 9.239469 0.030000 7.238795 0.030000 7.153283 0.150000 2.416731 0.030000 2.267954 0.030000
7.197374 0.030000 7.290027 0.030000 1.929646 0.030000 2.149776 0.030000 6.391090 0.030000 6.217399 0.030000 9.403533 0.030000 9.294026 0.030000 7.328018 0.030000 7.281631 0.030000 2.485122 0.030000 2.328398 0.030000
7.158831 0.030000 7.204192 0.030000 1.878194 0.030000 3.596913 0.150000 6.444237 0.030000 6.233604 0.030000 9.924095 0.150000 9.329893 0.030000 7.331284 0.030000 7.691119 0.150000 3.236147 0.150000 2.414660 0.030000
7.272410 0.150000 7.193606 0.030000 1.851967 0.030000 1.977287 0.030000 6.558708 0.030000 6.294322 0.030000 9.552627 0.030000 9.584219 0.150000 7.422127 0.030000 7.319289 0.030000 2.637278 0.030000 2.449193 0.030000
7.155027 0.030000 7.200282 0.030000 2.298537 0.150000 1.962204 0.030000 6.623140 0.030000 6.441108 0.030000 9.552811 0.030000 9.489101 0.030000 7.418516 0.030000 7.381580 0.030000 2.725643 0.030000 2.544680 0.030000
7.169513 0.030000 7.188143 0.030000 1.709765 0.030000 1.840060 0.030000 6.714937 0.030000 6.513632 0.030000 9.658804 0.030000 9.461087 0.030000 7.456303 0.030000 7.347363 0.030000 2.802482 0.030000 2.644751 0.030000
7.123771 0.030000 7.115795 0.030000 2.142072 0.150000 1.845091 0.030000 6.736514 0.030000 6.496900 0.030000 9.637863 0.030000 9.514102 0.030000 7.670242 0.150000 7.395193 0.030000 2.917259 0.150000 2.647737 0.030000
7.107223 0.030000 7.199904 0.030000 1.610174 0.030000 1.780882 0.030000 6.764643 0.030000 6.588289 0.030000 9.586081 0.030000 9.532066 0.030000 7.456000 0.030000 7.289305 0.150000 2.880539 0.030000 2.721471 0.030000
