1.508885 0.030000 1.449254 0.030000 7.055231 0.030000 7.056910 0.030000 7.012209 0.030000 7.272760 0.150000 9.822966 0.030000 9.935277 0.030000 4.117561 0.030000 4.255749 0.030000
1.572386 0.030000 1.442395 0.030000 6.997351 0.030000 7.046380 0.030000 6.928747 0.030000 7.092487 0.030000 9.692993 0.030000 9.841458 0.030000 4.043203 0.030000 4.232075 0.030000
1.560385 0.030000 1.515659 0.030000 7.055749 0.030000 7.112965 0.030000 6.823437 0.030000 6.942574 0.030000 9.654871 0.030000 9.806254 0.030000 3.887044 0.150000 4.080360 0.030000
1.824697 0.030000 1.660306 0.030000 7.043637 0.030000 7.680153 0.150000 6.633216 0.030000 6.821982 0.030000 9.538558 0.030000 9.785829 0.030000 3.926432 0.030000 4.031598 0.030000
1.834332 0.030000 1.708955 0.030000 7.147415 0.030000 7.110176 0.030000 6.551313 0.030000 6.791575 0.030000 9.496661 0.030000 9.643164 0.030000 3.825993 0.030000 3.969296 0.030000
1.997384 0.030000 2.095749 0.150000 7.169849 0.030000 7.221414 0.150000 6.417302 0.030000 6.591193 0.030000 9.465806 0.030000 9.531173 0.030000 3.724573 0.030000 4.015885 0.150000
2.082564 0.030000 1.943511 0.030000 7.248426 0.030000 7.177894 0.030000 6.270842 0.030000 6.447191 0.030000 9.601030 0.150000 9.430315 0.030000 3.705194 0.030000 3.820346 0.030000
2.200577 0.030000 1.982871 0.030000 7.237124 0.030000 7.209287 0.030000 6.114731 0.030000 6.335652 0.030000 9.233232 0.030000 9.370362 0.030000 3.618393 0.030000 3.766338 0.030000
2.285623 0.030000 2.129897 0.030000 7.302808 0.030000 7.241382 0.030000 5.994073 0.030000 6.219132 0.030000 9.145291 0.030000 9.301842 0.030000 3.552476 0.030000 3.610273 0.150000
2.412094 0.030000 2.214499 0.030000 7.330679 0.030000 7.193029 0.030000 5.910335 0.030000 6.126209 0.030000 9.057043 0.030000 9.166725 0.030000 3.417755 0.030000 3.587988 0.030000
2.543461 0.030000 2.389151 0.030000 7.292208 0.030000 7.296636 0.030000 5.751377 0.030000 5.922544 0.030000 8.915621 0.030000 9.166532 0.030000 3.466189 0.030000 3.536427 0.030000
2.698422 0.030000 2.444333 0.030000 7.437419 0.030000 7.342717 0.030000 5.617934 0.030000 5.829632 0.030000 8.905478 0.030000 9.065412 0.030000 3.329580 0.030000 3.478982 0.030000
2.770191 0.030000 2.922343 0.150000 7.466425 0.030000 7.365590 0.030000 5.493251 0.030000 5.721032 0.030000 8.884139 0.030000 8.951752 0.030000 3.314380 0.030000 3.505125 0.150000
2.957795 0.030000 2.700048 0.030000 7.508370 0.030000 7.359244 0.030000 5.457904 0.030000 5.628436 0.030000 8.722998 0.030000 8.894878 0.030000 3.288176 0.030000 3.353835 0.030000
2.982237 0.030000 2.811989 0.030000 7.637105 0.150000 7.450530 0.030000 5.231525 0.030000 5.503025 0.030000 8.711767 0.030000 8.778358 0.030000 3.222113 0.030000 3.301911 0.030000
3.094809 0.030000 2.955009 0.030000 7.565782 0.030000 7.514050 0.030000 5.147383 0.030000 5.336097 0.030000 8.649614 0.030000 8.718951 0.030000 3.160512 0.030000 3.217570 0.030000
3.221706 0.030000 3.828648 0.150000 7.540802 0.030000 7.540732 0.030000 5.045098 0.030000 5.206764 0.030000 8.490806 0.030000 8.652164 0.030000 3.139574 0.030000 3.883147 0.150000
4.649840 0.150000 3.187688 0.030000 7.675370 0.030000 7.562832 0.030000 4.952604 0.030000 5.075208 0.030000 8.518384 0.030000 8.615403 0.030000 3.035569 0.030000 3.119037 0.030000
3.500208 0.030000 3.327376 0.030000 8.389461 0.150000 7.588393 0.030000 4.728174 0.030000 4.976484 0.030000 8.421106 0.030000 8.524410 0.030000 3.492213 0.150000 3.127812 0.030000
3.623286 0.030000 3.378980 0.030000 8.037475 0.150000 7.720761 0.030000 4.650409 0.030000 4.851567 0.030000 8.348208 0.030000 8.457180 0.030000 3.020338 0.030000 3.483746 0.150000
3.735771 0.030000 3.544052 0.030000 7.827072 0.030000 7.775626 0.030000 4.535438 0.030000 5.243402 0.150000 8.227749 0.030000 8.367818 0.030000 3.489232 0.150000 3.080159 0.030000
3.849457 0.030000 3.642993 0.030000 7.887656 0.030000 7.769729 0.030000 4.427106 0.030000 4.591236 0.030000 8.176929 0.030000 8.310777 0.030000 3.031036 0.030000 2.987888 0.030000
3.980550 0.030000 3.720184 0.030000 7.953032 0.030000 7.873055 0.030000 4.326963 0.030000 4.490008 0.030000 8.088137 0.030000 8.258286 0.030000 3.357308 0.150000 3.062649 0.030000
4.087610 0.030000 3.847060 0.030000 7.975969 0.030000 7.915777 0.030000 4.156996 0.030000 4.377191 0.030000 8.075815 0.030000 8.218568 0.030000 2.993905 0.030000 2.952609 0.030000
4.231077 0.030000 4.010321 0.030000 8.069807 0.030000 7.986947 0.030000 4.012238 0.030000 4.430284 0.150000 7.982602 0.030000 8.161345 0.030000 2.987340 0.030000 3.050429 0.030000
4.280548 0.030000 4.109053 0.030000 8.178237 0.030000 8.058970 0.030000 3.927640 0.030000 4.146424 0.030000 7.990192 0.030000 7.979208 0.030000 2.974693 0.030000 2.955823 0.030000
4.478606 0.030000 4.212566 0.030000 8.210456 0.030000 8.118271 0.030000 3.810663 0.030000 4.003600 0.030000 7.872856 0.030000 7.981796 0.030000 2.998149 0.030000 3.007469 0.030000
4.535095 0.030000 4.365041 0.030000 8.319515 0.030000 8.196677 0.030000 3.873378 0.150000 3.827215 0.030000 7.900779 0.030000 7.917674 0.030000 3.071389 0.030000 3.011685 0.030000
4.624635 0.030000 4.411224 0.030000 8.356550 0.030000 8.244165 0.030000 3.593429 0.030000 3.755393 0.030000 8.051249 0.150000 7.860560 0.030000 3.070559 0.030000 3.034093 0.030000
4.793679 0.030000 4.604766 0.030000 8.403949 0.030000 8.365405 0.030000 3.458976 0.030000 3.658740 0.030000 7.751352 0.030000 7.844411 0.030000 3.113516 0.150000 3.020378 0.030000
4.882850 0.030000 4.749870 0.030000 8.513823 0.030000 8.375644 0.030000 3.387292 0.030000 3.532876 0.030000 7.738524 0.030000 7.766601 0.030000 3.077889 0.030000 3.030118 0.030000
5.038342 0.030000 5.200908 0.150000 8.587199 0.030000 8.365756 0.030000 3.197776 0.030000 3.397647 0.030000 9.136700 0.150000 7.691859 0.030000 3.138060 0.030000 3.048533 0.030000
5.190460 0.030000 4.908255 0.030000 8.627053 0.030000 8.544847 0.030000 3.069263 0.030000 3.789118 0.150000 7.575690 0.030000 7.665224 0.030000 3.186429 0.030000 3.101930 0.030000
5.271664 0.030000 5.098949 0.030000 8.720325 0.150000 9.113815 0.150000 2.968221 0.030000 3.155885 0.030000 7.528164 0.030000 7.671532 0.030000 3.316749 0.150000 3.156318 0.030000
5.404490 0.030000 5.093230 0.150000 8.769604 0.030000 8.694689 0.030000 2.883662 0.030000 3.032117 0.030000 7.501380 0.030000 7.556055 0.030000 3.188111 0.150000 3.166159 0.030000
5.698889 0.150000 5.301310 0.030000 8.878842 0.030000 8.730380 0.030000 2.761962 0.030000 3.419119 0.150000 7.455803 0.030000 7.525157 0.030000 3.386824 0.030000 3.254424 0.030000
5.648571 0.030000 5.448937 0.030000 8.882098 0.030000 8.830761 0.030000 2.599776 0.030000 2.830353 0.030000 7.421827 0.030000 7.458995 0.030000 3.343203 0.030000 3.258278 0.030000
5.819309 0.030000 5.619490 0.030000 9.038389 0.030000 8.951711 0.150000 2.468885 0.150000 2.707429 0.030000 7.357187 0.030000 7.427657 0.030000 3.511465 0.030000 3.375310 0.030000
5.958016 0.030000 5.716255 0.030000 9.082131 0.030000 8.949192 0.030000 2.362883 0.030000 2.647519 0.030000 7.345598 0.030000 7.421332 0.030000 3.538869 0.030000 3.409449 0.030000
6.016787 0.030000 5.865492 0.030000 9.137858 0.030000 9.072826 0.030000 2.323755 0.030000 2.544275 0.030000 7.323300 0.030000 7.341338 0.150000 3.549616 0.030000 3.467797 0.030000
6.105348 0.030000 5.960871 0.030000 9.265317 0.030000 9.188541 0.030000 2.221650 0.030000 2.352517 0.030000 7.273069 0.030000 7.349627 0.030000 3.658153 0.030000 3.518093 0.030000
6.270197 0.030000 6.062086 0.030000 9.352738 0.030000 9.163688 0.030000 2.047946 0.030000 2.202571 0.030000 7.232385 0.030000 7.299540 0.030000 3.697970 0.030000 3.606218 0.030000
6.295732 0.150000 6.176932 0.030000 9.417853 0.030000 9.310578 0.030000 1.921928 0.030000 2.159331 0.030000 7.248841 0.030000 7.258929 0.030000 3.762178 0.030000 3.670319 0.030000
6.442217 0.030000 6.289470 0.030000 9.497659 0.030000 9.363985 0.030000 1.945192 0.030000 2.105383 0.030000 7.186863 0.030000 7.628109 0.150000 3.799366 0.030000 3.765641 0.030000
6.553942 0.030000 6.354623 0.030000 9.521258 0.030000 9.414414 0.030000 1.775784 0.030000 1.982369 0.030000 7.222766 0.030000 7.245066 0.030000 3.885193 0.030000 3.814347 0.030000
6.618920 0.030000 6.471328 0.030000 9.621503 0.030000 9.470569 0.030000 1.783505 0.030000 2.301121 0.150000 7.152067 0.030000 7.166033 0.030000 3.953400 0.030000 3.878204 0.030000
6.725218 0.030000 6.465874 0.030000 9.691298 0.030000 9.541194 0.030000 1.727961 0.030000 1.898936 0.030000 7.120777 0.030000 7.180860 0.030000 3.986084 0.030000 3.835226 0.030000
6.762353 0.030000 6.547302 0.030000 9.667435 0.030000 10.259009 0.150000 1.660094 0.030000 1.977530 0.150000 7.126469 0.030000 7.147944 0.030000 4.046346 0.030000 3.898787 0.030000
6.783646 0.030000 6.597472 0.030000 9.775956 0.030000 9.562404 0.030000 1.625655 0.030000 1.796117 0.030000 7.702145 0.150000 7.135115 0.030000 3.760838 0.150000 3.950724 0.030000
6.862260 0.030000 6.650157 0.030000 9.740101 0.030000 9.614257 0.030000 1.546463 0.030000 1.759049 0.030000 7.117139 0.030000 7.135651 0.030000 4.065890 0.030000 3.986004 0.030000
6.914457 0.030000 6.689980 0.030000 10.232627 0.150000 9.565562 0.030000 1.844671 0.150000 1.705825 0.030000 7.136021 0.030000 7.208396 0.030000 4.141839 0.030000 4.195623 0.150000
6.913320 0.030000 6.676165 0.030000 9.765142 0.030000 9.667321 0.030000 1.583396 0.030000 1.644856 0.030000 7.069071 0.030000 7.161265 0.030000 4.174954 0.030000 4.484695 0.150000
7.016080 0.150000 6.770851 0.030000 9.728713 0.030000 9.725921 0.030000 1.610007 0.030000 1.621285 0.030000 7.029951 0.030000 7.129924 0.030000 4.119199 0.030000 4.018527 0.030000
6.987556 0.030000 6.880570 0.030000 10.494472 0.150000 9.751098 0.030000 1.589092 0.030000 1.550634 0.030000 6.873199 0.030000 7.072757 0.030000 4.035962 0.030000 4.084831 0.030000
7.043188 0.030000 6.990326 0.030000 9.629832 0.030000 9.723177 0.030000 1.677090 0.030000 1.594379 0.030000 6.786078 0.030000 6.979410 0.030000 3.939333 0.030000 4.076970 0.030000
7.125016 0.030000 7.056851 0.030000 9.585931 0.030000 9.665233 0.030000 2.729313 0.150000 2.479219 0.150000 6.608415 0.030000 6.828702 0.030000 3.893315 0.030000 3.970233 0.030000
7.076252 0.030000 7.059148 0.030000 11.189598 0.150000 9.563212 0.030000 1.814542 0.030000 1.739662 0.030000 6.553462 0.030000 6.796045 0.030000 3.789387 0.030000 3.976637 0.030000
7.087775 0.030000 7.100266 0.030000 9.393049 0.030000 9.467841 0.030000 1.946326 0.030000 1.856346 0.030000 6.406662 0.030000 6.608542 0.030000 3.732795 0.030000 3.855887 0.030000
7.154344 0.030000 7.121903 0.030000 9.331000 0.030000 9.475154 0.030000 2.073019 0.030000 1.909863 0.030000 6.266163 0.030000 6.490084 0.030000 3.555870 0.150000 3.766070 0.030000
7.245484 0.030000 7.145367 0.030000 9.210160 0.030000 9.396231 0.030000 2.225571 0.030000 2.050507 0.030000 6.150050 0.030000 6.303077 0.030000 3.640815 0.030000 3.706538 0.030000
7.305528 0.030000 7.157773 0.030000 9.561886 0.150000 9.265796 0.030000 2.263109 0.030000 2.096874 0.030000 6.003863 0.030000 6.235022 0.030000 3.556040 0.030000 3.666067 0.030000
7.271042 0.030000 7.246468 0.030000 9.104349 0.030000 9.234541 0.030000 2.402851 0.030000 2.243682 0.030000 6.104912 0.150000 6.464473 0.150000 3.498361 0.030000 3.556854 0.030000
7.333197 0.030000 7.244079 0.030000 9.639032 0.150000 9.115193 0.030000 3.461117 0.150000 2.383023 0.030000 5.789589 0.030000 5.942111 0.030000 3.428923 0.030000 3.501399 0.030000
7.389432 0.030000 7.283255 0.030000 8.988578 0.030000 9.076934 0.030000 2.602723 0.030000 2.444808 0.030000 5.691690 0.030000 5.949094 0.030000 3.416820 0.030000 3.485529 0.030000
7.388193 0.030000 7.272104 0.030000 8.808659 0.150000 9.054888 0.030000 2.721697 0.030000 2.521910 0.030000 5.603489 0.030000 5.767403 0.030000 3.291349 0.030000 3.457139 0.030000
7.427069 0.030000 7.333513 0.030000 8.773191 0.150000 8.947947 0.030000 2.671063 0.030000 2.593509 0.030000 5.565658 0.030000 5.762505 0.030000 3.278496 0.030000 3.395588 0.030000
7.463637 0.030000 7.415386 0.030000 8.802903 0.030000 8.951447 0.030000 2.859657 0.030000 2.669098 0.030000 5.452430 0.030000 5.611551 0.150000 3.279129 0.030000 4.065773 0.150000
7.469170 0.030000 7.419767 0.030000 8.750779 0.030000 8.881920 0.030000 2.823575 0.030000 2.806953 0.150000 5.392587 0.030000 5.646079 0.030000 3.300613 0.030000 3.346313 0.030000
7.497167 0.030000 7.339973 0.030000 8.685095 0.030000 9.115656 0.150000 2.870808 0.030000 2.730229 0.030000 5.396333 0.030000 5.572338 0.030000 3.239541 0.030000 3.256537 0.030000
7.754878 0.150000 7.391792 0.150000 8.662731 0.030000 8.797042 0.030000 2.992534 0.030000 2.780945 0.030000 5.294035 0.030000 5.547569 0.030000 3.262226 0.030000 3.270794 0.030000
7.514192 0.030000 7.616232 0.150000 8.696342 0.030000 8.889253 0.030000 2.954530 0.030000 3.132864 0.150000 5.321447 0.030000 5.480543 0.030000 3.204012 0.030000 3.311669 0.030000
7.499246 0.030000 7.464793 0.030000 8.655224 0.030000 8.804686 0.030000 2.983873 0.030000 2.893950 0.030000 5.518865 0.150000 5.796890 0.150000 3.195015 0.030000 3.319352 0.030000
7.463752 0.030000 7.521264 0.030000 8.574295 0.030000 8.824894 0.030000 3.094987 0.030000 2.912512 0.030000 5.213116 0.030000 5.387179 0.030000 3.148782 0.030000 3.267490 0.030000
7.367204 0.150000 7.489962 0.030000 8.516656 0.030000 8.676732 0.030000 3.082479 0.030000 2.958572 0.030000 5.225135 0.030000 5.579884 0.150000 3.014655 0.030000 3.253142 0.030000
7.312517 0.030000 7.450113 0.030000 8.426806 0.030000 8.588805 0.030000 3.222407 0.030000 3.460611 0.150000 5.256031 0.030000 5.613012 0.150000 3.004639 0.150000 3.082758 0.030000
7.413478 0.150000 7.364973 0.030000 8.276855 0.030000 8.482148 0.030000 3.187715 0.030000 3.187254 0.030000 5.250911 0.030000 5.284272 0.030000 2.603290 0.150000 2.980099 0.030000
7.111579 0.030000 7.277742 0.030000 8.245784 0.030000 8.369546 0.030000 3.297265 0.030000 3.253955 0.150000 5.318627 0.030000 5.309928 0.030000 2.665994 0.030000 2.860270 0.030000
6.953269 0.030000 7.118559 0.030000 8.072033 0.030000 8.244582 0.030000 3.880081 0.150000 3.227552 0.030000 5.286982 0.030000 5.504756 0.150000 2.526330 0.030000 2.717460 0.030000
6.907253 0.030000 7.024434 0.030000 7.936368 0.030000 8.116754 0.030000 3.495914 0.030000 3.330882 0.030000 5.390271 0.030000 5.319538 0.030000 2.434684 0.030000 2.927142 0.150000
6.769248 0.030000 6.930521 0.030000 7.857880 0.030000 8.065753 0.030000 3.518822 0.030000 3.355034 0.030000 5.413003 0.030000 5.345257 0.030000 2.333933 0.030000 2.502667 0.030000
6.664885 0.030000 6.825738 0.150000 7.818832 0.030000 7.970116 0.030000 3.561995 0.030000 3.483314 0.030000 5.394539 0.030000 5.330940 0.030000 2.249320 0.030000 2.440901 0.030000
6.534238 0.030000 6.687015 0.030000 7.678367 0.030000 7.868888 0.030000 3.693757 0.030000 3.522351 0.030000 5.525520 0.030000 5.458712 0.030000 2.135281 0.030000 2.244128 0.150000
6.407706 0.030000 6.566721 0.030000 7.610905 0.030000 7.745076 0.030000 3.723156 0.030000 3.608461 0.030000 5.570015 0.030000 5.454212 0.030000 1.969810 0.030000 2.125272 0.030000
6.685099 0.150000 6.442430 0.030000 7.512083 0.030000 7.647472 0.030000 3.838217 0.030000 3.721200 0.030000 5.609800 0.030000 5.567082 0.030000 1.897523 0.030000 2.065549 0.030000
6.175579 0.030000 6.392815 0.030000 8.009601 0.150000 7.542819 0.030000 3.904398 0.030000 3.799127 0.030000 5.677087 0.030000 5.616209 0.030000 1.816192 0.030000 1.936742 0.030000
6.565590 0.150000 6.245936 0.030000 7.342299 0.030000 7.459413 0.030000 3.946175 0.150000 3.974698 0.150000 5.717511 0.030000 5.578067 0.030000 1.703598 0.030000 1.906987 0.030000
5.936801 0.030000 6.203340 0.030000 7.194595 0.030000 7.381141 0.030000 4.084565 0.030000 3.900564 0.030000 5.750757 0.030000 5.677466 0.030000 1.579410 0.030000 1.685082 0.030000
6.184302 0.150000 6.094188 0.030000 7.184536 0.030000 7.277434 0.030000 4.168185 0.030000 4.006424 0.030000 5.894975 0.030000 5.758753 0.030000 1.501727 0.030000 1.626469 0.030000
5.750556 0.030000 5.949215 0.030000 7.030752 0.030000 7.191011 0.030000 4.221162 0.030000 4.085266 0.030000 5.896449 0.030000 6.421118 0.150000 1.410048 0.030000 1.574978 0.030000
5.673338 0.030000 6.849328 0.150000 7.009882 0.030000 7.109854 0.030000 4.336899 0.030000 4.209336 0.030000 5.972068 0.030000 5.847150 0.030000 1.522362 0.150000 2.400424 0.150000
5.567944 0.030000 5.720442 0.030000 6.851782 0.030000 7.034141 0.030000 4.402563 0.030000 4.306545 0.030000 6.272049 0.150000 5.913960 0.030000 1.225071 0.030000 1.424735 0.030000
5.468323 0.030000 5.604118 0.030000 6.789677 0.030000 6.958363 0.030000 4.540276 0.030000 4.353357 0.030000 6.082876 0.030000 6.013056 0.030000 1.793213 0.150000 1.699974 0.150000
5.397069 0.030000 5.513081 0.030000 6.708648 0.030000 6.804071 0.030000 4.628373 0.030000 4.564541 0.150000 6.131411 0.030000 6.013459 0.030000 1.094048 0.030000 1.224017 0.030000
5.217444 0.030000 5.413472 0.030000 6.626151 0.030000 6.764915 0.030000 4.718589 0.030000 4.545515 0.030000 6.215336 0.030000 6.111029 0.030000 1.079520 0.030000 1.138899 0.030000
5.095664 0.030000 5.293857 0.030000 6.531528 0.030000 6.712535 0.030000 4.844137 0.030000 4.653006 0.030000 6.274936 0.030000 6.159714 0.030000 1.029042 0.030000 1.250845 0.150000
4.990150 0.030000 5.183537 0.030000 6.463054 0.030000 6.624256 0.030000 4.935173 0.030000 4.761387 0.030000 6.347333 0.030000 6.208037 0.030000 0.999544 0.030000 1.065892 0.030000
4.951496 0.030000 5.089858 0.030000 6.348799 0.030000 6.500772 0.030000 5.037596 0.030000 4.841213 0.030000 6.423820 0.030000 6.370000 0.030000 1.051720 0.030000 1.025039 0.030000
4.915027 0.030000 5.017821 0.030000 6.296036 0.030000 6.494617 0.030000 5.108376 0.030000 4.979371 0.030000 6.571920 0.030000 6.406040 0.030000 1.021366 0.030000 1.209651 0.150000
4.666672 0.150000 4.908221 0.030000 6.649722 0.150000 6.349344 0.030000 5.215200 0.030000 5.039455 0.030000 6.616144 0.030000 6.504537 0.030000 1.737214 0.150000 1.060253 0.030000
4.617389 0.030000 5.473093 0.150000 6.183160 0.030000 6.320855 0.030000 5.364110 0.030000 5.174375 0.030000 6.709663 0.030000 6.554715 0.030000 1.081800 0.030000 1.051365 0.030000
4.514690 0.030000 4.709375 0.030000 6.142096 0.030000 6.245748 0.030000 5.473090 0.030000 5.258769 0.030000 6.768705 0.030000 6.649614 0.030000 1.439825 0.150000 1.099069 0.030000
4.471222 0.150000 4.641967 0.030000 6.072437 0.030000 6.129958 0.030000 5.541942 0.030000 5.390881 0.030000 6.851140 0.030000 6.773744 0.030000 1.220138 0.030000 1.153509 0.030000
4.380518 0.030000 4.514644 0.030000 5.942065 0.030000 6.079673 0.030000 5.683865 0.030000 5.466249 0.030000 9.051364 0.150000 6.829600 0.030000 1.794572 0.150000 1.333675 0.150000
4.299218 0.030000 4.403673 0.030000 5.900702 0.030000 5.962276 0.030000 5.782869 0.030000 5.564595 0.030000 7.035114 0.030000 6.843700 0.030000 1.697626 0.150000 1.228669 0.030000
4.170410 0.030000 4.304303 0.030000 5.825732 0.030000 5.945684 0.030000 5.940892 0.030000 5.715112 0.030000 7.138242 0.030000 6.931610 0.030000 1.392577 0.030000 1.289464 0.030000
4.150121 0.030000 4.228465 0.030000 5.720937 0.030000 5.858239 0.030000 5.986692 0.030000 6.001800 0.150000 7.192327 0.030000 7.030055 0.030000 1.555482 0.030000 1.396697 0.030000
4.001207 0.030000 4.152641 0.030000 5.637251 0.030000 5.799261 0.030000 6.074439 0.030000 5.921159 0.030000 7.317813 0.030000 7.119336 0.030000 1.596279 0.030000 1.526263 0.030000
3.968104 0.030000 4.043019 0.030000 5.613455 0.030000 6.083983 0.150000 6.229229 0.030000 6.041696 0.030000 7.414908 0.030000 7.263004 0.030000 1.783654 0.030000 1.573210 0.030000
3.894876 0.030000 3.993477 0.030000 5.579486 0.030000 6.234665 0.150000 6.809372 0.150000 6.121400 0.030000 7.501502 0.030000 7.373795 0.030000 1.849939 0.030000 2.087739 0.150000
3.827912 0.030000 3.907509 0.030000 5.498249 0.030000 5.622559 0.030000 6.417806 0.030000 6.220633 0.030000 7.557642 0.030000 7.487321 0.030000 1.974395 0.030000 1.755068 0.030000
3.774827 0.030000 3.826681 0.030000 5.458519 0.030000 5.548503 0.030000 6.559953 0.030000 6.351029 0.030000 7.655760 0.030000 7.501565 0.030000 2.077005 0.030000 1.956839 0.030000
3.686665 0.030000 3.755437 0.030000 5.374732 0.030000 5.487484 0.030000 6.588432 0.030000 7.057288 0.150000 7.816821 0.030000 7.631084 0.030000 2.150357 0.030000 1.994681 0.030000
3.540844 0.030000 3.754158 0.030000 5.369403 0.030000 5.388787 0.030000 6.759688 0.030000 6.584673 0.030000 7.811205 0.030000 7.690482 0.030000 2.221751 0.030000 2.122236 0.030000
3.623135 0.030000 3.675725 0.030000 5.358338 0.030000 5.426906 0.030000 6.865251 0.030000 6.664295 0.030000 7.943937 0.030000 7.788722 0.030000 2.430003 0.030000 2.179763 0.030000
3.472938 0.030000 3.686755 0.150000 5.241362 0.030000 5.651736 0.150000 6.991817 0.030000 6.773201 0.030000 8.045411 0.030000 7.862903 0.030000 2.447926 0.030000 2.305196 0.030000
3.414121 0.030000 3.539984 0.030000 5.270453 0.030000 5.293447 0.030000 7.049078 0.030000 6.817456 0.030000 8.801784 0.150000 7.931807 0.030000 3.039366 0.150000 2.373957 0.030000
3.370077 0.030000 3.487107 0.030000 5.195617 0.030000 5.302626 0.030000 7.171589 0.030000 6.962476 0.030000 8.229813 0.030000 8.006712 0.030000 2.697019 0.030000 2.501240 0.030000
3.373393 0.030000 3.427516 0.030000 5.245652 0.030000 5.237879 0.030000 7.220462 0.030000 7.092030 0.030000 8.222146 0.030000 8.071276 0.030000 2.727493 0.030000 2.523844 0.030000
3.284587 0.030000 3.451781 0.030000 5.185395 0.030000 5.279494 0.030000 7.218065 0.030000 7.106185 0.030000 8.279458 0.030000 8.525201 0.150000 2.771285 0.030000 2.677269 0.030000
3.332647 0.030000 3.372603 0.030000 5.194526 0.030000 5.266226 0.030000 7.305925 0.030000 7.150296 0.030000 8.323831 0.030000 8.215805 0.030000 2.876971 0.030000 2.644472 0.030000
3.921644 0.150000 3.417850 0.030000 5.174728 0.030000 5.198260 0.030000 7.364775 0.030000 7.197122 0.030000 8.401366 0.030000 8.189598 0.030000 2.922978 0.030000 3.305645 0.150000
3.238010 0.030000 3.316901 0.030000 5.174478 0.030000 5.192933 0.030000 7.436160 0.030000 7.234615 0.030000 8.418320 0.030000 8.225427 0.030000 3.817881 0.150000 2.743852 0.030000
3.210809 0.030000 3.377216 0.030000 5.080573 0.030000 5.166378 0.030000 7.416474 0.030000 7.235606 0.030000 8.386033 0.030000 8.301426 0.030000 2.936539 0.030000 2.746971 0.030000
3.270444 0.030000 3.229703 0.030000 5.110707 0.030000 5.193767 0.030000 7.474752 0.030000 7.252450 0.030000 8.413407 0.030000 8.312977 0.030000 2.990160 0.030000 2.796992 0.030000
3.307220 0.030000 3.270651 0.030000 4.996838 0.030000 5.151981 0.030000 7.540516 0.030000 7.313881 0.030000 8.420844 0.030000 8.309297 0.030000 3.055948 0.150000 3.323067 0.150000
3.428941 0.030000 3.282430 0.030000 4.958040 0.030000 5.125670 0.030000 7.586778 0.030000 7.441332 0.030000 8.374258 0.030000 8.412961 0.030000 3.030873 0.030000 2.950104 0.030000
3.465219 0.030000 3.352361 0.030000 4.796469 0.030000 4.953995 0.030000 7.855608 0.150000 7.613588 0.030000 8.669553 0.150000 8.583221 0.150000 2.988145 0.030000 2.998707 0.030000
3.651013 0.150000 3.393490 0.030000 4.672540 0.030000 4.878161 0.030000 7.731169 0.030000 8.327396 0.150000 8.338282 0.150000 8.426939 0.030000 3.017736 0.030000 3.351434 0.150000
3.713438 0.030000 3.539990 0.030000 4.464416 0.030000 4.751355 0.150000 7.806852 0.030000 7.733003 0.030000 8.275676 0.030000 8.308010 0.030000 3.286641 0.150000 3.009896 0.030000
3.849624 0.030000 3.680111 0.030000 4.394375 0.030000 4.635696 0.030000 7.967923 0.150000 7.777932 0.030000 8.143663 0.030000 8.318530 0.030000 2.955402 0.030000 3.026965 0.030000
3.945447 0.030000 3.761354 0.030000 4.339866 0.030000 4.524105 0.030000 7.877934 0.030000 7.847054 0.030000 8.135973 0.030000 8.198755 0.030000 2.974925 0.030000 2.989800 0.030000
4.025747 0.030000 3.915569 0.030000 4.211123 0.030000 4.384991 0.030000 8.101892 0.030000 7.914786 0.030000 8.054704 0.030000 8.175710 0.030000 2.968922 0.030000 2.935648 0.030000
4.224460 0.030000 3.996026 0.030000 4.055317 0.030000 4.266267 0.030000 8.096307 0.030000 7.966481 0.030000 7.987019 0.030000 8.109280 0.030000 2.990924 0.030000 3.007853 0.030000
4.287556 0.030000 4.093212 0.030000 3.889753 0.030000 4.149543 0.030000 8.197222 0.030000 8.077154 0.030000 8.018767 0.030000 8.043082 0.030000 2.994882 0.030000 2.970112 0.030000
4.437568 0.030000 4.268945 0.030000 4.806629 0.150000 4.012817 0.030000 8.211367 0.030000 8.043353 0.030000 8.186978 0.150000 8.740003 0.150000 3.008733 0.030000 2.975444 0.030000
4.475992 0.150000 4.341238 0.030000 3.730095 0.030000 3.894913 0.030000 8.230738 0.030000 8.187762 0.030000 7.867833 0.030000 7.929904 0.030000 2.992787 0.030000 2.957411 0.030000
4.617636 0.030000 5.136895 0.150000 3.710783 0.030000 4.457591 0.150000 8.315663 0.030000 8.195459 0.030000 7.852741 0.030000 7.885063 0.030000 3.023006 0.030000 2.985486 0.030000
4.709929 0.150000 4.478935 0.030000 3.511789 0.030000 4.903549 0.150000 8.370256 0.030000 8.248344 0.030000 8.637399 0.150000 7.928335 0.030000 3.072176 0.030000 2.989631 0.030000
4.743486 0.030000 4.560207 0.030000 3.519952 0.030000 3.684874 0.030000 8.375993 0.030000 8.262653 0.030000 7.779314 0.030000 7.859676 0.030000 3.072863 0.030000 3.006414 0.030000
4.766490 0.030000 4.551967 0.030000 3.441377 0.030000 3.712986 0.150000 8.396807 0.030000 9.088009 0.150000 7.767809 0.030000 7.846526 0.030000 3.109168 0.030000 3.036871 0.030000
5.525376 0.150000 4.617642 0.030000 3.447539 0.030000 3.580770 0.030000 8.413227 0.030000 8.231621 0.150000 7.748575 0.030000 7.802058 0.030000 3.102572 0.030000 3.000725 0.030000
4.891380 0.030000 4.616943 0.030000 3.364468 0.030000 3.515689 0.030000 8.462985 0.030000 8.315184 0.030000 7.696519 0.030000 7.811146 0.030000 3.179693 0.030000 3.031681 0.030000
4.888687 0.030000 4.668342 0.030000 3.367269 0.030000 3.529649 0.030000 8.595877 0.150000 8.338150 0.030000 7.709092 0.030000 7.769457 0.030000 3.107947 0.030000 3.064990 0.030000
4.968296 0.030000 4.706888 0.030000 3.313548 0.030000 3.497688 0.030000 8.482199 0.030000 8.861307 0.150000 7.719463 0.030000 7.801576 0.030000 3.069710 0.030000 3.070449 0.030000
5.243475 0.150000 4.803916 0.030000 3.307585 0.030000 3.448839 0.030000 8.475815 0.030000 8.510020 0.030000 7.591665 0.030000 7.738693 0.030000 3.065808 0.030000 3.143655 0.030000
5.018812 0.030000 4.922744 0.030000 3.318016 0.030000 3.337524 0.030000 8.364603 0.030000 8.953243 0.150000 7.486388 0.030000 7.679851 0.030000 2.933612 0.030000 3.107045 0.030000
5.088351 0.030000 4.993389 0.030000 3.346076 0.030000 3.300816 0.030000 8.303793 0.030000 9.216277 0.150000 7.390484 0.030000 7.598911 0.030000 2.883839 0.030000 3.274468 0.150000
5.103718 0.030000 5.013646 0.030000 3.423844 0.030000 3.304843 0.030000 8.204154 0.030000 8.427889 0.030000 7.269124 0.030000 7.472012 0.030000 2.741656 0.030000 2.900455 0.030000
5.149174 0.030000 5.322704 0.150000 3.431238 0.030000 3.351810 0.030000 8.114062 0.030000 8.703174 0.150000 7.149630 0.030000 7.386661 0.030000 2.570000 0.030000 2.825636 0.030000
5.198887 0.030000 5.149642 0.030000 3.492354 0.030000 3.305346 0.150000 7.972803 0.030000 8.140961 0.030000 7.056306 0.030000 7.202599 0.030000 2.483277 0.030000 2.674620 0.030000
5.159572 0.030000 5.146934 0.030000 3.546340 0.030000 3.449843 0.030000 7.928413 0.030000 8.306039 0.150000 6.854975 0.030000 7.116239 0.030000 2.337982 0.030000 2.594345 0.030000
5.307332 0.030000 5.203723 0.030000 3.624687 0.030000 3.567498 0.030000 7.833586 0.030000 7.996975 0.030000 6.779168 0.030000 7.001291 0.030000 2.272547 0.030000 2.459415 0.030000
5.354093 0.030000 5.223229 0.030000 3.702808 0.030000 3.608366 0.030000 7.697950 0.030000 7.842668 0.030000 6.657430 0.030000 7.044093 0.150000 2.148859 0.030000 2.329589 0.030000
6.057709 0.150000 5.281175 0.030000 3.745383 0.030000 3.695245 0.030000 7.664185 0.030000 7.756615 0.030000 6.553961 0.030000 6.791506 0.030000 2.067336 0.030000 2.206945 0.030000
5.459375 0.030000 5.319118 0.030000 3.852585 0.030000 3.737500 0.030000 7.517704 0.030000 7.663729 0.030000 6.478588 0.030000 6.644815 0.030000 2.437968 0.150000 2.135489 0.030000
6.201836 0.150000 5.414422 0.030000 3.914614 0.030000 3.794475 0.030000 7.443763 0.030000 7.606649 0.030000 6.377256 0.030000 6.528495 0.030000 1.621964 0.150000 3.239532 0.150000
5.582606 0.030000 5.528042 0.150000 3.978772 0.030000 4.216948 0.150000 7.386013 0.030000 7.816591 0.150000 6.276381 0.030000 6.430238 0.030000 1.676412 0.150000 2.816240 0.150000
5.682795 0.030000 5.519363 0.030000 4.042288 0.030000 3.960946 0.030000 7.290547 0.030000 7.409529 0.030000 6.170886 0.030000 6.332349 0.030000 1.606508 0.030000 1.797618 0.030000
5.679762 0.030000 5.600630 0.030000 4.140001 0.030000 3.997436 0.030000 7.146474 0.030000 7.285908 0.030000 6.024897 0.030000 6.185788 0.030000 1.553322 0.030000 1.740767 0.030000
5.749418 0.030000 6.041905 0.150000 4.246037 0.030000 4.088507 0.030000 7.124461 0.030000 7.243355 0.030000 5.927417 0.030000 6.071591 0.030000 1.402854 0.030000 1.603485 0.030000
5.809131 0.030000 6.350414 0.150000 4.384879 0.150000 4.170728 0.030000 7.016805 0.030000 7.152768 0.030000 5.816136 0.030000 5.997207 0.030000 1.326202 0.030000 1.486628 0.030000
5.912260 0.030000 5.779520 0.030000 4.401220 0.030000 4.259574 0.030000 6.907679 0.030000 7.070384 0.030000 5.785553 0.150000 5.831405 0.030000 1.225785 0.030000 1.388720 0.030000
5.945125 0.030000 5.790158 0.030000 4.474712 0.030000 4.334448 0.030000 6.853183 0.030000 6.894885 0.030000 5.590898 0.030000 5.758385 0.030000 1.170785 0.030000 1.300517 0.030000
6.035649 0.030000 5.976809 0.150000 4.635480 0.030000 4.397400 0.030000 6.889984 0.150000 6.893704 0.030000 5.735569 0.150000 5.688860 0.030000 1.174033 0.030000 1.197174 0.030000
6.053895 0.030000 6.672793 0.150000 4.651573 0.030000 4.528412 0.030000 6.618834 0.030000 6.786879 0.030000 5.392907 0.030000 5.549724 0.030000 1.111814 0.030000 1.136347 0.030000
6.162028 0.030000 6.096354 0.150000 4.812575 0.030000 4.915055 0.150000 6.554913 0.030000 6.705756 0.030000 5.321587 0.030000 5.480575 0.030000 1.146432 0.150000 1.144298 0.030000
6.239658 0.030000 6.103270 0.030000 4.918380 0.030000 4.700942 0.030000 6.470252 0.030000 6.652571 0.030000 5.145992 0.150000 5.318951 0.030000 0.954406 0.030000 1.005498 0.030000
6.282387 0.030000 6.220788 0.030000 4.917284 0.030000 4.879935 0.030000 6.392013 0.030000 6.586050 0.030000 5.067970 0.030000 5.304667 0.030000 0.982527 0.030000 1.331585 0.150000
6.402379 0.030000 6.229758 0.030000 5.075807 0.030000 4.896020 0.030000 6.334444 0.030000 6.481735 0.030000 4.973067 0.030000 5.173095 0.030000 1.544085 0.150000 0.991955 0.030000
6.445556 0.030000 6.332570 0.030000 5.146714 0.030000 5.059340 0.030000 6.279726 0.030000 6.380006 0.030000 4.878621 0.030000 5.036039 0.030000 0.958717 0.030000 0.924822 0.030000
6.566614 0.030000 6.427850 0.030000 5.301758 0.030000 5.121665 0.030000 6.160246 0.030000 6.499908 0.150000 4.777714 0.030000 4.948415 0.030000 0.985580 0.030000 0.988039 0.030000
6.662929 0.030000 6.536134 0.030000 5.372857 0.030000 5.184210 0.030000 6.113116 0.030000 6.214840 0.030000 4.969762 0.150000 4.910238 0.030000 1.071748 0.030000 0.999718 0.030000
6.735630 0.030000 6.621655 0.030000 5.506115 0.030000 5.269669 0.030000 6.034265 0.030000 6.140937 0.030000 4.603988 0.030000 4.736993 0.030000 1.051806 0.030000 1.038294 0.030000
6.786979 0.030000 6.699212 0.030000 5.535696 0.030000 5.351324 0.030000 5.994841 0.030000 6.051455 0.030000 4.513502 0.030000 4.655591 0.030000 1.137129 0.030000 1.106718 0.030000
6.922991 0.030000 6.756263 0.030000 5.663414 0.030000 5.497189 0.030000 5.941859 0.030000 6.082729 0.030000 4.381722 0.030000 4.566130 0.030000 1.281287 0.030000 1.176808 0.030000
6.991153 0.030000 6.911536 0.030000 5.767787 0.030000 5.606408 0.030000 5.896585 0.030000 5.945098 0.030000 4.360020 0.030000 4.418299 0.030000 1.339799 0.030000 1.208637 0.030000
7.011701 0.030000 6.956868 0.150000 5.911152 0.030000 5.713541 0.030000 5.775388 0.030000 5.911804 0.030000 4.225872 0.030000 4.384998 0.030000 1.429426 0.030000 1.288189 0.030000
7.144095 0.030000 7.063311 0.030000 5.963381 0.030000 5.841106 0.030000 5.727294 0.030000 5.884192 0.150000 4.071077 0.030000 4.241478 0.030000 1.511684 0.030000 1.389241 0.030000
7.274171 0.030000 7.183899 0.030000 6.083648 0.030000 6.280886 0.150000 5.556973 0.150000 5.806641 0.030000 4.058400 0.030000 4.207306 0.030000 1.604625 0.030000 1.444120 0.030000
7.368034 0.030000 7.197562 0.030000 6.253664 0.030000 6.060528 0.030000 5.635226 0.030000 5.723839 0.030000 3.994879 0.030000 4.025055 0.030000 1.756291 0.030000 1.595682 0.030000
7.463576 0.030000 7.243558 0.030000 6.343252 0.030000 6.181522 0.030000 5.527873 0.030000 6.596939 0.150000 3.900386 0.030000 4.020577 0.030000 1.834294 0.030000 1.693867 0.030000
7.559148 0.030000 7.404976 0.030000 6.435030 0.030000 6.491324 0.150000 5.742171 0.150000 5.601033 0.030000 3.820228 0.030000 3.942949 0.030000 1.897272 0.030000 1.702592 0.030000
7.645023 0.030000 7.456599 0.030000 6.527474 0.030000 6.376399 0.030000 5.425813 0.030000 5.501744 0.030000 3.666663 0.150000 3.898381 0.030000 2.074315 0.030000 1.887952 0.030000
7.763667 0.030000 7.670247 0.150000 6.616818 0.030000 6.495562 0.030000 5.410341 0.030000 5.482421 0.030000 3.620481 0.030000 3.744191 0.030000 2.163064 0.030000 2.003774 0.030000
7.888601 0.030000 7.649476 0.030000 6.718640 0.030000 6.567835 0.030000 5.359264 0.030000 5.469323 0.030000 3.599743 0.030000 3.736561 0.030000 2.275036 0.030000 2.081208 0.030000
7.986271 0.030000 7.833682 0.030000 6.876877 0.030000 6.723584 0.030000 5.327006 0.030000 5.374411 0.030000 3.531308 0.030000 3.639903 0.030000 2.378018 0.030000 2.235297 0.030000
8.023915 0.030000 7.842011 0.030000 6.962715 0.030000 6.771432 0.030000 5.271831 0.030000 5.369125 0.030000 3.452774 0.030000 3.614272 0.030000 2.535169 0.030000 2.283563 0.030000
8.092349 0.030000 7.925343 0.030000 7.095394 0.150000 6.870784 0.030000 5.263645 0.030000 5.321076 0.030000 3.419585 0.030000 3.532647 0.030000 2.577865 0.030000 2.398361 0.030000
8.120502 0.030000 7.986133 0.030000 7.318122 0.150000 6.946296 0.030000 5.249017 0.030000 5.294756 0.030000 2.972567 0.150000 3.473424 0.030000 2.634239 0.030000 2.501927 0.030000
8.252989 0.030000 8.045605 0.030000 7.167513 0.030000 7.029786 0.030000 5.197911 0.030000 5.311709 0.030000 3.327762 0.030000 3.450581 0.030000 2.706240 0.030000 2.602655 0.150000
8.312810 0.030000 8.115848 0.030000 7.236259 0.030000 7.023817 0.030000 5.161036 0.030000 5.615709 0.150000 3.300101 0.030000 3.388224 0.030000 2.781051 0.030000 2.608686 0.030000
8.297089 0.030000 8.206940 0.030000 7.281054 0.030000 7.092130 0.030000 5.562284 0.150000 5.171524 0.030000 3.237295 0.030000 3.388688 0.030000 2.837857 0.030000 2.678720 0.030000
8.377129 0.030000 8.168376 0.030000 7.350982 0.030000 7.210433 0.030000 5.187412 0.030000 5.284586 0.030000 3.201480 0.030000 3.333891 0.030000 2.846908 0.030000 2.725111 0.030000
8.432824 0.030000 8.192330 0.030000 7.376272 0.030000 7.259374 0.030000 5.193548 0.030000 5.236019 0.030000 3.217988 0.030000 3.339657 0.030000 2.924376 0.030000 2.676064 0.030000
8.444786 0.030000 8.241179 0.030000 7.407362 0.030000 7.296332 0.030000 5.117078 0.030000 5.956637 0.150000 3.204187 0.150000 3.308704 0.030000 2.943229 0.030000 2.723740 0.030000
8.463902 0.030000 8.282612 0.030000 7.429221 0.030000 7.255946 0.030000 5.162840 0.030000 5.077717 0.030000 3.202694 0.030000 3.330326 0.030000 2.947965 0.030000 2.811458 0.030000
8.586303 0.030000 8.303798 0.030000 7.470000 0.030000 7.371031 0.030000 5.207167 0.030000 5.715069 0.150000 3.075572 0.030000 3.265009 0.030000 3.111722 0.030000 2.900606 0.030000
8.609567 0.030000 8.471574 0.030000 7.425806 0.030000 7.428533 0.030000 5.338144 0.030000 5.192547 0.030000 3.041931 0.030000 3.228158 0.030000 3.094799 0.030000 2.979784 0.030000
8.812947 0.030000 8.579258 0.030000 7.444856 0.030000 7.583004 0.150000 5.413129 0.030000 5.769510 0.150000 2.837311 0.030000 3.064759 0.030000 3.202491 0.030000 3.087729 0.030000
8.860402 0.030000 8.725752 0.030000 7.403504 0.030000 7.746153 0.150000 5.502598 0.030000 5.398176 0.030000 2.756619 0.030000 2.873121 0.030000 3.566695 0.150000 3.184851 0.030000
9.166518 0.150000 8.805409 0.030000 7.345201 0.030000 7.389726 0.030000 5.706907 0.030000 5.643624 0.150000 2.607088 0.030000 2.868010 0.030000 3.262005 0.150000 3.239431 0.030000
9.189512 0.150000 8.909498 0.030000 7.292572 0.030000 7.366626 0.030000 5.813359 0.030000 5.635079 0.030000 2.502544 0.030000 2.724857 0.030000 3.409271 0.030000 3.243231 0.030000
9.070819 0.030000 8.952499 0.030000 7.292053 0.030000 7.331420 0.030000 5.982198 0.150000 5.761316 0.030000 2.366506 0.030000 2.597461 0.030000 3.772433 0.150000 3.334121 0.030000
9.221561 0.030000 9.008819 0.030000 7.244464 0.030000 7.288283 0.030000 6.017211 0.030000 5.885000 0.030000 2.282249 0.030000 2.505904 0.030000 3.546090 0.030000 3.407468 0.030000
9.264519 0.030000 9.080080 0.030000 7.215227 0.030000 7.247821 0.030000 6.196117 0.030000 5.972457 0.030000 2.176265 0.030000 2.380345 0.030000 3.611232 0.030000 3.472740 0.030000
9.976714 0.150000 9.192452 0.030000 7.190068 0.030000 7.199599 0.030000 6.283713 0.030000 6.125413 0.030000 2.027118 0.030000 2.270784 0.030000 3.709642 0.030000 3.592206 0.030000
9.417734 0.030000 9.245434 0.030000 7.167637 0.030000 7.250005 0.030000 6.313653 0.030000 6.223465 0.030000 2.048648 0.150000 2.122226 0.030000 3.770324 0.030000 3.648032 0.030000
9.460888 0.030000 9.525347 0.150000 7.177145 0.030000 7.183432 0.030000 6.439583 0.030000 6.290476 0.030000 1.879952 0.030000 2.064193 0.030000 3.871422 0.030000 3.638612 0.030000
9.519308 0.030000 9.452443 0.030000 7.198167 0.030000 7.118024 0.030000 6.599746 0.030000 6.378638 0.030000 1.794475 0.150000 1.961428 0.030000 3.910844 0.030000 3.767107 0.030000
9.596393 0.030000 9.450700 0.030000 7.153700 0.030000 7.251603 0.030000 6.664194 0.030000 6.430871 0.030000 1.751984 0.030000 1.911570 0.030000 3.894716 0.030000 3.811111 0.030000
9.634548 0.030000 9.546115 0.030000 7.159804 0.030000 7.162410 0.030000 6.668811 0.030000 6.875143 0.150000 1.687981 0.030000 1.952629 0.030000 3.963391 0.030000 3.865109 0.030000
9.706329 0.030000 9.501633 0.030000 7.173538 0.030000 7.171374 0.030000 6.715377 0.030000 6.896980 0.150000 1.608419 0.030000 1.798066 0.030000 4.028782 0.030000 3.828186 0.030000
9.700354 0.030000 9.568365 0.030000 7.099683 0.030000 7.162879 0.030000 6.765773 0.030000 6.556185 0.150000 1.607499 0.030000 1.817423 0.030000 4.053372 0.030000 3.878075 0.030000
9.693756 0.030000 9.575256 0.030000 7.120749 0.030000 7.153948 0.030000 6.815089 0.030000 6.693563 0.030000 1.612132 0.150000 1.713552 0.030000 4.078343 0.030000 3.925568 0.030000
9.748766 0.030000 9.631006 0.030000 7.096051 0.030000 7.132309 0.030000 6.836297 0.030000 6.667334 0.030000 1.782108 0.150000 1.772005 0.030000 4.078071 0.030000 3.859696 0.030000
9.771830 0.030000 9.656358 0.030000 7.073122 0.030000 7.176510 0.030000 6.947242 0.030000 6.706477 0.030000 1.613102 0.030000 1.665266 0.030000 4.103860 0.030000 4.013270 0.030000
9.730092 0.030000 9.688246 0.030000 6.971049 0.030000 7.130462 0.030000 7.300289 0.150000 6.764718 0.030000 1.574689 0.030000 1.638305 0.030000 4.033828 0.030000 4.027075 0.030000
9.680059 0.030000 9.763512 0.030000 6.888841 0.030000 7.035381 0.030000 6.975024 0.030000 6.832136 0.030000 2.332093 0.150000 1.628286 0.030000 4.045275 0.030000 4.224619 0.150000
9.816320 0.150000 10.102795 0.150000 6.760302 0.030000 6.679268 0.150000 7.024147 0.030000 6.975631 0.030000 1.713623 0.030000 1.649020 0.030000 4.081570 0.150000 4.060993 0.030000
9.532248 0.030000 9.620258 0.030000 6.614347 0.030000 6.846687 0.030000 7.115435 0.030000 6.949044 0.030000 1.810584 0.030000 1.694400 0.030000 3.880539 0.030000 3.954762 0.030000
9.512672 0.030000 9.541986 0.030000 6.446684 0.030000 6.644354 0.030000 7.094655 0.030000 6.983318 0.030000 1.976758 0.030000 1.772875 0.030000 3.750258 0.030000 4.075111 0.150000
9.787757 0.150000 9.461755 0.030000 6.309174 0.030000 6.743925 0.150000 7.108102 0.030000 7.044173 0.030000 2.540944 0.150000 1.878291 0.030000 3.750877 0.030000 3.836482 0.030000
9.282666 0.030000 9.393465 0.030000 6.247973 0.030000 6.497903 0.030000 7.138085 0.030000 7.102578 0.030000 2.165492 0.030000 1.962565 0.030000 3.655367 0.030000 3.761059 0.030000
9.167184 0.030000 9.322804 0.030000 6.644979 0.150000 6.256198 0.030000 7.202483 0.030000 7.177701 0.030000 2.270595 0.030000 2.041201 0.030000 3.583130 0.030000 3.699873 0.030000
9.811128 0.150000 9.193386 0.030000 5.996373 0.030000 6.195835 0.030000 7.229760 0.030000 7.135780 0.030000 2.369103 0.030000 2.199327 0.030000 3.555859 0.030000 3.659368 0.030000
9.046669 0.030000 9.130039 0.030000 5.946470 0.030000 6.109173 0.030000 7.322168 0.030000 7.203148 0.030000 2.478993 0.030000 2.280884 0.030000 3.448720 0.030000 3.612431 0.030000
8.940751 0.030000 9.433867 0.150000 5.746963 0.030000 6.286793 0.150000 7.320351 0.030000 7.245084 0.030000 2.577166 0.030000 2.377542 0.150000 3.348709 0.030000 3.487903 0.030000
8.871134 0.030000 9.011435 0.030000 5.656659 0.030000 5.769999 0.030000 7.382543 0.030000 7.272693 0.030000 2.674579 0.030000 2.444604 0.030000 3.288675 0.150000 3.410375 0.030000
8.812379 0.030000 8.878314 0.030000 5.548916 0.030000 5.688899 0.030000 7.372070 0.030000 7.381167 0.030000 2.826802 0.030000 2.647292 0.030000 3.239178 0.030000 3.390990 0.030000
8.704733 0.030000 8.809854 0.030000 5.544388 0.150000 5.576726 0.030000 7.446224 0.030000 7.351916 0.030000 2.930539 0.030000 2.728628 0.030000 3.146095 0.030000 3.300606 0.030000
8.663371 0.030000 8.766611 0.030000 5.278295 0.030000 5.439937 0.030000 7.540270 0.030000 7.397978 0.030000 2.946266 0.150000 2.832627 0.030000 3.107204 0.030000 3.266532 0.030000
8.588283 0.030000 8.662553 0.030000 5.148407 0.030000 5.294484 0.030000 7.621443 0.150000 7.468271 0.030000 3.130754 0.030000 2.990614 0.030000 3.037481 0.030000 3.217077 0.030000
8.512793 0.030000 8.600795 0.030000 5.039426 0.030000 5.211623 0.030000 7.597180 0.030000 7.534015 0.030000 3.291708 0.030000 3.022503 0.030000 3.030922 0.030000 3.602000 0.150000
8.417362 0.030000 8.546762 0.030000 4.878946 0.030000 5.137819 0.030000 7.561511 0.150000 7.464099 0.150000 3.389147 0.150000 3.211348 0.030000 3.030609 0.030000 3.108992 0.030000
8.349253 0.030000 8.514259 0.030000 4.773637 0.030000 4.998459 0.030000 8.291747 0.150000 7.689550 0.030000 3.539296 0.030000 3.285755 0.030000 2.996343 0.030000 3.048370 0.030000
8.273568 0.030000 8.420613 0.030000 4.702216 0.030000 4.826318 0.030000 7.700488 0.030000 7.729946 0.030000 3.654536 0.030000 3.473520 0.030000 3.011685 0.030000 3.078581 0.030000
8.271707 0.030000 8.305937 0.030000 4.578137 0.030000 4.733459 0.030000 7.813475 0.030000 7.724020 0.030000 4.195850 0.150000 3.539732 0.030000 2.984759 0.030000 3.197316 0.150000
8.116390 0.030000 8.289807 0.030000 4.448338 0.150000 4.628317 0.030000 7.884488 0.030000 7.777136 0.030000 3.877436 0.030000 3.652671 0.030000 2.986510 0.030000 2.979560 0.030000
8.094640 0.030000 8.203440 0.030000 4.281667 0.030000 4.472735 0.030000 7.935523 0.030000 7.842484 0.030000 3.957963 0.030000 4.635023 0.150000 2.960213 0.030000 2.975378 0.030000
8.025552 0.030000 8.144962 0.030000 5.223089 0.150000 4.335772 0.030000 8.011775 0.030000 7.915910 0.030000 4.136971 0.030000 3.962692 0.030000 2.947000 0.030000 3.017516 0.030000
8.023892 0.030000 8.725835 0.150000 4.037621 0.030000 4.182628 0.030000 8.046161 0.030000 7.937052 0.030000 4.249568 0.030000 4.034837 0.030000 3.650324 0.150000 2.930869 0.030000
7.880370 0.030000 7.992195 0.030000 3.905922 0.030000 4.137983 0.030000 8.136538 0.030000 8.038407 0.030000 4.285358 0.150000 4.489567 0.150000 2.956477 0.030000 2.945095 0.030000
7.852886 0.030000 7.986743 0.030000 3.827162 0.030000 3.956036 0.030000 8.225199 0.030000 8.066604 0.030000 4.444108 0.030000 4.233580 0.030000 2.976680 0.030000 2.948327 0.030000
7.821575 0.030000 7.900203 0.030000 3.687938 0.030000 3.859337 0.030000 8.262025 0.030000 8.172569 0.030000 4.576851 0.030000 4.583166 0.150000 3.025647 0.030000 2.942193 0.030000
7.742762 0.030000 7.839572 0.030000 3.569555 0.030000 3.755755 0.030000 8.791950 0.150000 8.225753 0.030000 4.732292 0.030000 4.547006 0.150000 3.010050 0.030000 2.969518 0.030000
7.677910 0.030000 8.344953 0.150000 3.447127 0.030000 3.601606 0.030000 8.430197 0.030000 8.287843 0.030000 4.842935 0.030000 4.633324 0.030000 3.104968 0.030000 3.011849 0.030000
7.607667 0.030000 7.776237 0.030000 3.323139 0.030000 3.546956 0.030000 8.517263 0.030000 8.341479 0.030000 5.006032 0.030000 4.793567 0.030000 2.861954 0.150000 3.061548 0.030000
7.605896 0.030000 7.692938 0.030000 3.228354 0.030000 3.395021 0.030000 8.592081 0.030000 8.462496 0.030000 5.064422 0.030000 4.847676 0.030000 3.098045 0.030000 3.398516 0.150000
7.551855 0.030000 7.594193 0.030000 3.113295 0.030000 3.318338 0.030000 8.626218 0.030000 8.553221 0.030000 5.264819 0.030000 4.974609 0.030000 3.158769 0.030000 3.148094 0.150000
7.550781 0.030000 7.589497 0.030000 3.159651 0.150000 3.124851 0.030000 8.688096 0.030000 8.597841 0.030000 5.295468 0.030000 5.513509 0.150000 3.195066 0.030000 3.001832 0.150000
7.470658 0.030000 8.142963 0.150000 3.054222 0.150000 3.059122 0.030000 8.809177 0.030000 8.629265 0.150000 5.418414 0.030000 5.233707 0.030000 3.227912 0.030000 3.156438 0.030000
7.397816 0.030000 7.473998 0.030000 2.691949 0.030000 2.885410 0.030000 8.847755 0.030000 8.755667 0.030000 5.565227 0.030000 5.356070 0.030000 3.459260 0.150000 3.588653 0.150000
7.394812 0.030000 7.420143 0.030000 2.643372 0.030000 2.790972 0.030000 8.909804 0.030000 8.789476 0.030000 6.367638 0.150000 5.450274 0.030000 3.298918 0.030000 3.265830 0.030000
7.365855 0.030000 7.375938 0.030000 2.531306 0.030000 2.730577 0.030000 8.998838 0.030000 8.893024 0.030000 5.782469 0.030000 5.641150 0.030000 3.464045 0.030000 3.361078 0.030000
7.357377 0.030000 7.368632 0.030000 2.392699 0.030000 2.603386 0.030000 9.044436 0.030000 9.000933 0.150000 6.228732 0.150000 5.688066 0.030000 3.595296 0.030000 3.349720 0.030000
7.298736 0.030000 7.319478 0.030000 2.267049 0.030000 2.433081 0.030000 9.216737 0.030000 9.030299 0.030000 6.099897 0.030000 5.926836 0.030000 3.580213 0.030000 3.522401 0.030000
7.265294 0.030000 7.354975 0.030000 2.175410 0.030000 2.321523 0.030000 9.281386 0.030000 9.180556 0.030000 6.178071 0.030000 5.963257 0.030000 3.661601 0.030000 3.546725 0.030000
7.223882 0.030000 7.269224 0.030000 2.046495 0.030000 2.296504 0.030000 9.364931 0.030000 9.188736 0.030000 6.318915 0.030000 6.113773 0.030000 3.727080 0.030000 3.589622 0.030000
7.914840 0.150000 7.192202 0.030000 1.974631 0.030000 2.170727 0.030000 9.405414 0.030000 9.331957 0.030000 6.433871 0.030000 6.163681 0.030000 3.744317 0.030000 3.658030 0.030000
7.151245 0.030000 7.226433 0.030000 1.839443 0.030000 2.025945 0.030000 9.530550 0.030000 9.360246 0.030000 6.449430 0.030000 6.286896 0.030000 3.884663 0.030000 4.473745 0.150000
7.079572 0.030000 7.170098 0.030000 1.760007 0.030000 1.981303 0.030000 9.508910 0.030000 9.399345 0.030000 6.579953 0.030000 6.503744 0.150000 3.856139 0.030000 4.503888 0.150000
7.154117 0.030000 7.139507 0.030000 1.805722 0.030000 1.976203 0.030000 9.575350 0.030000 9.463225 0.030000 7.887237 0.150000 6.455030 0.030000 3.942216 0.030000 3.827619 0.030000
7.121711 0.030000 7.148041 0.030000 1.731824 0.030000 1.865471 0.030000 9.629462 0.030000 9.707544 0.150000 6.800794 0.150000 6.498166 0.030000 3.970981 0.030000 3.891400 0.030000
7.121989 0.030000 7.188108 0.030000 1.641014 0.030000 1.838387 0.030000 9.663303 0.030000 9.504235 0.030000 6.758573 0.030000 6.558797 0.030000 4.066818 0.030000 3.870261 0.030000
7.134963 0.150000 7.159573 0.030000 1.647216 0.030000 1.791492 0.030000 9.672349 0.030000 9.582614 0.030000 7.096415 0.150000 6.618876 0.030000 4.088518 0.030000 3.907040 0.030000
