1.623783 0.150000 1.371185 0.030000 7.050599 0.030000 6.974057 0.030000 9.778910 0.030000 9.954558 0.030000 6.977547 0.030000 7.131034 0.030000 4.160070 0.030000 4.339213 0.030000 3.174147 0.030000 3.096474 0.030000 7.505742 0.030000 7.741403 0.150000 3.070109 0.030000 3.237792 0.030000 7.594240 0.030000 7.620774 0.030000
1.582388 0.030000 1.413975 0.030000 7.081241 0.030000 7.042183 0.030000 9.725329 0.030000 9.911235 0.030000 6.906042 0.030000 7.058579 0.030000 4.111846 0.030000 4.232259 0.030000 3.223676 0.030000 3.166112 0.030000 7.461191 0.030000 7.584211 0.030000 2.977402 0.030000 3.174168 0.030000 8.198273 0.150000 7.633855 0.030000
1.616498 0.030000 1.553742 0.030000 7.085793 0.030000 7.058285 0.030000 9.626926 0.030000 9.771053 0.030000 6.769994 0.030000 6.949251 0.030000 4.046626 0.030000 4.153030 0.030000 3.270610 0.030000 3.151645 0.030000 7.360703 0.030000 7.472443 0.030000 2.904171 0.030000 3.063661 0.030000 7.485368 0.030000 7.556746 0.030000
1.795452 0.030000 1.630715 0.030000 7.145557 0.030000 7.126263 0.150000 9.585757 0.030000 9.717670 0.030000 6.611339 0.030000 6.796286 0.030000 3.924516 0.030000 4.122189 0.030000 3.377338 0.030000 3.243667 0.030000 7.193456 0.030000 7.447875 0.030000 2.721091 0.030000 2.953062 0.030000 7.438926 0.030000 7.506343 0.030000
1.811040 0.030000 1.702035 0.030000 7.179156 0.030000 7.141448 0.030000 9.466102 0.030000 9.644882 0.030000 6.496069 0.030000 6.680179 0.030000 3.775536 0.030000 3.965838 0.030000 3.413540 0.030000 3.268437 0.030000 7.034360 0.030000 7.248015 0.030000 2.639416 0.030000 2.782486 0.030000 7.440657 0.030000 7.503265 0.030000
1.974037 0.030000 1.803216 0.030000 7.175126 0.030000 7.143003 0.030000 9.308334 0.150000 9.550237 0.030000 6.323347 0.030000 6.577082 0.030000 3.733009 0.030000 3.932370 0.030000 3.456727 0.030000 3.342433 0.030000 6.973783 0.030000 7.479964 0.150000 2.541257 0.030000 2.862627 0.150000 7.386840 0.030000 7.435582 0.030000
2.083936 0.030000 1.869370 0.030000 7.243004 0.030000 7.137338 0.030000 9.298763 0.030000 9.408543 0.030000 6.197968 0.030000 6.482594 0.030000 3.770476 0.030000 3.820189 0.030000 3.658748 0.150000 3.395699 0.030000 6.858084 0.030000 7.026305 0.030000 2.441061 0.030000 2.538986 0.030000 7.344905 0.030000 7.362897 0.150000
2.197164 0.030000 2.006240 0.030000 7.208809 0.030000 7.199171 0.030000 9.233787 0.030000 9.345872 0.030000 6.175588 0.030000 6.310162 0.030000 3.653907 0.030000 3.743038 0.030000 3.596640 0.030000 3.476772 0.030000 6.726424 0.030000 6.909057 0.030000 2.320713 0.030000 2.459958 0.030000 7.291911 0.030000 7.407403 0.030000
2.288979 0.030000 2.150655 0.030000 7.296081 0.030000 7.199748 0.030000 9.154666 0.030000 9.267381 0.030000 5.972497 0.030000 6.200326 0.030000 3.522912 0.030000 3.666064 0.030000 3.798258 0.150000 3.529067 0.030000 6.634615 0.030000 6.772369 0.030000 2.124675 0.030000 2.392956 0.030000 7.232770 0.030000 7.280162 0.030000
2.408370 0.030000 2.218050 0.030000 7.293225 0.030000 7.264312 0.030000 9.004244 0.030000 9.156306 0.030000 5.911430 0.030000 6.040146 0.030000 3.501573 0.030000 3.562564 0.030000 3.737470 0.030000 3.588940 0.030000 6.513249 0.030000 6.709860 0.030000 2.079745 0.030000 2.243391 0.030000 7.256836 0.030000 7.276335 0.030000
2.550796 0.030000 2.392403 0.030000 7.332028 0.030000 7.350025 0.030000 9.041757 0.030000 9.170540 0.030000 5.746617 0.030000 6.346294 0.150000 3.442098 0.030000 3.461645 0.030000 3.821043 0.030000 3.691494 0.030000 6.447224 0.030000 7.084079 0.150000 1.965739 0.030000 2.121311 0.030000 7.188817 0.150000 7.289413 0.030000
2.622844 0.030000 2.443145 0.030000 7.379474 0.030000 7.335258 0.030000 8.903822 0.030000 9.042987 0.030000 5.708711 0.030000 5.876045 0.030000 3.403978 0.030000 3.498187 0.030000 3.865568 0.030000 3.761308 0.030000 6.305192 0.030000 6.460550 0.030000 1.813303 0.030000 2.033857 0.030000 7.197409 0.030000 7.259725 0.030000
2.784897 0.030000 2.605547 0.030000 7.391588 0.030000 7.361977 0.030000 8.803350 0.030000 8.965087 0.030000 5.457003 0.030000 5.754557 0.030000 3.292442 0.030000 3.491000 0.030000 3.947527 0.030000 3.792543 0.030000 6.173281 0.030000 6.372046 0.030000 1.839233 0.030000 1.913485 0.030000 7.155749 0.030000 7.173239 0.030000
2.846030 0.030000 2.719486 0.030000 7.452940 0.030000 7.423375 0.030000 8.775322 0.030000 8.928988 0.030000 5.366292 0.030000 5.570803 0.030000 3.215761 0.030000 3.331389 0.030000 4.080131 0.030000 3.926843 0.030000 6.063631 0.030000 6.244541 0.030000 1.635240 0.030000 1.775757 0.030000 7.136737 0.030000 7.160476 0.030000
2.985835 0.030000 2.798677 0.030000 7.545375 0.030000 7.462140 0.030000 8.694314 0.030000 8.793875 0.030000 5.245865 0.030000 5.459893 0.030000 3.233183 0.030000 3.301645 0.030000 4.139604 0.030000 4.031030 0.030000 5.958742 0.030000 6.070100 0.030000 1.440019 0.150000 1.688351 0.030000 7.650818 0.150000 7.161571 0.030000
3.134503 0.030000 2.939203 0.030000 7.638484 0.030000 7.518974 0.030000 8.577967 0.030000 8.739578 0.030000 5.122545 0.030000 5.350476 0.150000 2.907357 0.150000 3.240805 0.030000 4.213110 0.030000 4.072623 0.030000 5.866780 0.030000 6.067813 0.030000 1.713499 0.150000 1.605077 0.030000 7.111476 0.030000 7.163043 0.030000
3.208064 0.030000 3.104886 0.030000 7.666434 0.030000 7.540724 0.030000 8.815451 0.150000 8.701308 0.030000 4.983689 0.030000 5.219327 0.030000 3.159284 0.030000 3.149733 0.030000 4.320801 0.030000 4.142988 0.030000 5.762887 0.030000 5.925976 0.030000 1.366236 0.030000 1.497384 0.030000 7.070914 0.030000 7.102602 0.030000
3.891148 0.150000 3.195357 0.030000 7.706463 0.030000 7.662907 0.030000 8.515141 0.030000 8.608397 0.030000 4.919662 0.030000 5.051414 0.030000 3.119637 0.030000 3.196209 0.030000 4.404166 0.150000 4.239250 0.030000 5.706389 0.030000 6.828225 0.150000 1.240158 0.030000 1.586234 0.150000 7.123966 0.030000 7.153918 0.030000
3.422556 0.030000 3.323087 0.030000 7.781302 0.030000 7.709543 0.030000 8.406282 0.030000 8.502048 0.030000 4.788399 0.030000 4.989275 0.030000 3.117472 0.030000 3.150503 0.030000 4.506941 0.030000 4.322180 0.030000 5.927004 0.150000 5.714211 0.030000 1.220200 0.030000 1.362753 0.030000 7.040511 0.030000 7.036336 0.030000
3.588141 0.030000 3.348633 0.030000 7.840418 0.030000 7.740097 0.030000 8.355023 0.030000 8.448661 0.030000 4.714094 0.030000 4.809995 0.030000 3.044829 0.030000 3.108652 0.030000 4.568562 0.030000 4.461557 0.030000 5.441085 0.030000 5.554320 0.030000 1.149241 0.030000 1.288541 0.030000 7.079049 0.030000 7.031708 0.030000
3.712285 0.030000 3.490588 0.030000 7.829621 0.030000 7.719792 0.030000 8.299913 0.030000 8.431535 0.030000 4.501222 0.030000 5.974120 0.150000 3.029267 0.030000 3.087135 0.030000 4.662490 0.030000 4.752505 0.150000 5.319344 0.030000 5.748100 0.150000 1.088284 0.030000 1.193367 0.030000 7.088644 0.030000 7.060170 0.030000
3.793462 0.030000 3.615892 0.030000 7.898566 0.030000 7.801493 0.030000 8.194526 0.030000 8.322807 0.030000 4.438063 0.030000 5.372808 0.150000 3.068191 0.030000 3.048369 0.030000 4.805757 0.030000 4.611089 0.030000 5.161989 0.030000 5.399303 0.030000 1.007268 0.030000 1.104204 0.030000 7.019987 0.030000 7.094051 0.030000
3.873036 0.030000 3.728191 0.030000 7.997783 0.030000 7.901785 0.030000 8.118106 0.030000 8.297798 0.030000 4.262180 0.030000 4.541310 0.030000 3.036375 0.030000 3.008743 0.030000 4.890415 0.030000 4.727588 0.030000 5.083498 0.030000 5.283391 0.030000 1.017024 0.030000 1.044270 0.030000 7.055885 0.030000 7.578667 0.150000
4.052265 0.030000 3.828649 0.030000 8.044377 0.030000 7.965617 0.030000 8.087804 0.030000 8.150868 0.030000 4.211606 0.030000 4.356618 0.030000 2.985826 0.030000 2.962881 0.030000 5.015711 0.030000 4.796710 0.030000 4.997940 0.030000 5.070067 0.150000 0.988991 0.030000 1.008158 0.030000 7.042728 0.030000 7.094225 0.030000
4.172775 0.030000 4.011732 0.030000 8.093740 0.030000 7.993456 0.030000 8.883958 0.150000 8.154644 0.030000 4.012206 0.030000 4.162416 0.030000 3.081191 0.030000 3.030762 0.030000 5.068081 0.030000 4.903203 0.030000 4.925477 0.030000 5.394658 0.150000 0.977852 0.030000 1.011991 0.030000 7.032597 0.030000 7.104814 0.030000
4.265446 0.030000 4.098408 0.030000 8.154746 0.030000 8.058376 0.030000 8.253632 0.150000 8.042891 0.030000 3.945352 0.030000 4.126754 0.030000 3.001816 0.030000 3.018899 0.030000 5.193453 0.030000 5.024139 0.030000 4.759244 0.030000 5.017129 0.030000 1.036349 0.030000 1.002118 0.030000 7.014528 0.030000 7.000511 0.030000
4.398315 0.030000 4.232442 0.030000 8.268996 0.030000 8.148546 0.030000 7.975836 0.030000 8.012955 0.030000 4.048146 0.150000 3.927060 0.030000 3.088392 0.030000 3.065637 0.030000 5.282554 0.030000 5.137130 0.030000 4.722631 0.030000 4.887141 0.030000 1.049842 0.030000 0.992882 0.030000 7.028611 0.030000 7.047769 0.030000
4.552258 0.030000 4.339919 0.030000 8.319161 0.030000 8.177777 0.030000 7.808504 0.030000 7.990744 0.030000 3.664472 0.030000 4.010849 0.150000 3.075430 0.030000 2.976094 0.030000 5.359029 0.030000 5.191646 0.030000 4.682090 0.030000 4.742692 0.030000 1.070060 0.030000 0.974919 0.030000 7.051851 0.030000 7.046390 0.030000
4.699006 0.030000 4.474405 0.030000 8.329403 0.030000 8.874499 0.150000 7.865285 0.030000 7.855049 0.030000 3.596871 0.030000 3.784314 0.030000 3.070647 0.030000 3.006861 0.030000 5.491020 0.030000 5.339632 0.030000 4.534795 0.030000 4.655631 0.030000 1.179771 0.030000 1.506178 0.150000 7.010015 0.030000 7.021197 0.030000
4.805212 0.030000 4.665606 0.030000 8.422848 0.030000 8.327558 0.030000 7.757886 0.030000 7.835622 0.150000 3.441711 0.030000 3.727273 0.030000 3.111928 0.030000 2.858509 0.150000 5.635275 0.030000 5.461581 0.030000 4.435520 0.030000 4.613504 0.030000 1.302612 0.150000 1.141776 0.030000 7.090151 0.030000 7.065803 0.030000
4.879828 0.030000 4.694314 0.030000 8.460304 0.030000 8.739169 0.150000 7.650341 0.030000 7.799893 0.030000 3.323227 0.030000 3.502073 0.030000 3.170127 0.030000 3.096579 0.030000 5.620155 0.030000 5.524297 0.030000 4.411136 0.030000 4.520307 0.030000 1.281214 0.030000 1.194772 0.030000 7.073700 0.030000 7.051319 0.030000
5.009287 0.030000 4.795650 0.030000 8.625313 0.030000 8.457703 0.030000 7.616081 0.030000 7.717705 0.030000 3.191368 0.030000 3.423537 0.030000 3.176599 0.030000 3.089652 0.030000 5.814521 0.030000 5.594402 0.030000 4.232803 0.030000 4.414702 0.030000 1.377868 0.030000 1.273182 0.030000 7.067938 0.030000 7.245418 0.150000
5.146073 0.030000 4.968648 0.030000 8.603064 0.030000 8.568532 0.030000 7.572001 0.030000 7.648520 0.030000 3.096153 0.030000 3.236398 0.030000 3.263013 0.150000 3.140003 0.030000 5.884136 0.030000 5.709538 0.030000 4.242324 0.030000 4.326932 0.030000 1.434943 0.030000 1.345776 0.030000 7.122454 0.030000 7.110000 0.030000
5.196182 0.030000 5.042235 0.030000 8.734648 0.030000 8.605532 0.030000 7.509930 0.030000 7.661507 0.030000 2.974536 0.030000 3.123141 0.030000 3.260918 0.030000 3.119316 0.030000 6.060347 0.030000 5.816506 0.030000 4.085826 0.030000 4.223866 0.030000 1.565740 0.030000 1.366225 0.030000 7.140720 0.030000 7.086261 0.030000
5.338982 0.030000 5.221377 0.030000 8.785079 0.030000 8.714167 0.030000 7.537166 0.030000 7.527368 0.030000 2.841003 0.030000 3.026563 0.030000 3.314815 0.030000 3.214280 0.030000 6.133248 0.030000 5.951888 0.030000 4.010089 0.030000 4.169258 0.030000 1.693487 0.030000 1.451008 0.030000 7.180023 0.030000 7.097463 0.030000
5.541737 0.030000 5.292641 0.030000 8.925605 0.030000 8.767190 0.030000 7.466247 0.030000 7.504196 0.030000 2.727414 0.030000 2.948388 0.030000 3.323880 0.030000 3.263199 0.030000 6.217144 0.030000 6.039806 0.030000 3.916505 0.030000 4.063142 0.030000 1.803150 0.030000 1.616292 0.030000 7.190742 0.030000 7.163894 0.030000
5.668228 0.030000 5.481422 0.030000 9.267952 0.150000 8.814312 0.030000 7.442647 0.030000 7.482618 0.030000 2.563327 0.030000 2.820381 0.030000 3.443429 0.030000 3.291656 0.030000 6.366859 0.030000 6.197758 0.030000 3.851754 0.030000 3.998456 0.030000 2.008462 0.150000 1.713081 0.030000 7.208134 0.030000 7.191103 0.030000
5.790607 0.030000 5.540819 0.030000 9.029004 0.030000 8.914684 0.030000 7.375518 0.030000 7.424258 0.030000 2.509845 0.030000 2.703890 0.030000 3.453771 0.030000 3.377783 0.030000 6.453516 0.030000 6.253817 0.030000 3.744308 0.030000 3.905926 0.030000 2.006875 0.030000 1.987409 0.150000 7.205645 0.030000 7.184398 0.030000
5.884680 0.030000 5.678468 0.030000 9.083951 0.030000 8.990170 0.030000 7.319274 0.030000 7.388723 0.030000 2.387352 0.030000 2.580304 0.030000 3.517351 0.030000 3.488553 0.030000 6.863508 0.150000 6.489503 0.150000 3.688612 0.030000 3.805878 0.030000 3.479524 0.150000 1.924213 0.030000 7.256474 0.030000 7.343261 0.150000
5.974290 0.030000 5.755803 0.030000 9.215126 0.030000 9.063702 0.030000 7.298527 0.030000 7.414562 0.030000 2.187349 0.030000 2.645528 0.150000 3.611067 0.030000 3.501467 0.030000 6.724049 0.030000 6.517756 0.150000 3.673573 0.030000 4.071613 0.150000 2.182696 0.030000 2.091158 0.030000 7.320256 0.030000 7.270468 0.030000
6.096035 0.030000 5.948104 0.030000 9.254044 0.030000 9.162238 0.030000 7.298112 0.030000 7.371107 0.030000 2.165342 0.030000 2.333247 0.030000 3.694028 0.030000 3.583193 0.030000 6.798040 0.030000 6.681695 0.030000 3.535422 0.030000 3.677722 0.030000 2.324402 0.030000 2.069300 0.030000 7.317317 0.030000 7.260316 0.030000
6.278858 0.030000 6.052944 0.030000 9.363479 0.030000 9.206167 0.030000 7.219371 0.030000 7.254286 0.030000 2.039553 0.030000 2.190764 0.030000 3.750553 0.030000 3.665385 0.030000 6.918294 0.030000 6.740311 0.030000 3.504720 0.030000 3.626603 0.030000 2.466184 0.150000 2.262256 0.030000 7.400857 0.030000 7.327569 0.030000
6.331564 0.030000 6.164380 0.030000 9.407233 0.030000 9.319560 0.030000 7.198692 0.030000 7.251648 0.030000 1.928148 0.030000 2.130460 0.030000 3.773920 0.030000 3.661782 0.030000 6.947130 0.030000 6.819177 0.030000 3.458316 0.030000 3.538224 0.150000 2.564995 0.030000 2.840111 0.150000 7.436738 0.030000 7.360896 0.030000
7.129515 0.150000 6.246468 0.030000 9.473532 0.030000 9.361927 0.030000 7.186362 0.030000 7.203134 0.030000 1.868710 0.030000 2.096007 0.030000 3.862482 0.030000 3.730827 0.030000 7.644792 0.150000 6.971314 0.030000 3.610574 0.150000 3.488634 0.030000 2.630506 0.030000 2.400984 0.030000 7.465967 0.030000 7.398054 0.030000
6.760559 0.150000 6.363673 0.030000 9.523019 0.030000 9.404124 0.030000 7.191079 0.030000 7.237244 0.030000 1.802169 0.030000 1.972521 0.030000 4.018115 0.150000 3.766585 0.030000 7.132392 0.030000 6.979590 0.030000 3.375544 0.030000 3.472149 0.030000 2.620772 0.150000 2.501934 0.030000 7.419840 0.030000 7.413280 0.030000
6.622873 0.030000 6.446581 0.030000 9.613107 0.030000 9.439767 0.030000 7.156546 0.030000 8.150825 0.150000 1.756289 0.030000 1.895121 0.030000 3.924872 0.030000 3.818807 0.030000 7.185303 0.030000 7.048580 0.030000 3.331583 0.030000 3.718853 0.150000 2.855027 0.150000 2.580078 0.030000 7.503337 0.030000 7.569592 0.150000
6.713987 0.030000 6.784883 0.150000 9.692364 0.030000 9.492898 0.030000 7.382157 0.150000 7.175300 0.030000 1.851374 0.150000 1.882694 0.030000 3.994208 0.030000 3.883278 0.030000 7.219394 0.150000 7.096832 0.030000 3.257268 0.150000 3.375771 0.030000 2.792664 0.030000 2.587991 0.030000 7.486001 0.030000 7.449867 0.030000
6.705148 0.030000 6.486792 0.030000 9.691756 0.030000 9.521040 0.150000 7.151490 0.030000 7.210450 0.030000 1.687396 0.030000 1.763307 0.030000 4.000234 0.030000 3.899021 0.030000 7.380583 0.030000 7.192771 0.030000 3.327061 0.030000 3.397993 0.030000 2.852855 0.030000 2.614524 0.030000 7.608947 0.030000 7.464546 0.030000
6.757176 0.030000 6.581511 0.030000 9.700260 0.030000 10.159138 0.150000 7.125476 0.030000 7.135088 0.030000 1.610298 0.030000 1.761813 0.030000 4.850963 0.150000 3.985373 0.030000 7.346771 0.030000 7.235728 0.030000 3.271872 0.030000 3.328241 0.030000 2.904506 0.030000 2.755559 0.030000 7.592321 0.030000 8.013811 0.150000
6.760965 0.030000 6.571172 0.030000 9.512874 0.150000 9.620698 0.030000 7.113001 0.030000 7.148643 0.030000 1.570997 0.030000 1.735399 0.030000 4.558751 0.150000 3.969569 0.030000 7.370381 0.150000 7.195348 0.030000 3.277400 0.030000 3.313815 0.030000 2.994786 0.030000 2.764677 0.030000 7.555412 0.030000 7.470664 0.030000
6.861539 0.030000 6.704423 0.030000 9.743231 0.030000 9.667931 0.030000 7.091917 0.030000 7.175835 0.030000 1.551229 0.030000 1.700923 0.030000 4.242948 0.150000 3.998274 0.030000 7.392426 0.030000 7.226727 0.030000 3.214062 0.030000 3.329582 0.030000 2.927395 0.030000 2.784658 0.030000 7.634700 0.030000 7.511278 0.030000
8.302048 0.150000 6.672320 0.030000 9.729280 0.030000 9.683171 0.030000 7.041349 0.030000 7.147106 0.030000 1.571680 0.030000 1.782308 0.150000 4.054224 0.030000 4.028081 0.030000 7.437882 0.030000 7.339088 0.030000 3.744612 0.150000 3.341541 0.030000 3.190828 0.150000 2.851977 0.030000 7.575753 0.030000 7.493608 0.030000
6.937412 0.030000 6.751622 0.030000 9.773937 0.150000 9.764277 0.030000 7.052355 0.030000 7.196375 0.030000 1.550211 0.030000 1.651873 0.030000 4.081657 0.030000 4.057639 0.030000 7.470430 0.030000 7.443771 0.030000 3.072406 0.030000 3.253733 0.030000 4.009415 0.150000 2.867987 0.030000 7.498270 0.030000 7.585404 0.030000
7.015341 0.030000 6.868062 0.030000 9.697494 0.030000 10.064291 0.150000 6.903273 0.030000 7.108507 0.030000 1.661902 0.030000 1.544436 0.030000 4.065747 0.030000 4.087620 0.030000 7.456426 0.030000 7.463807 0.030000 2.991181 0.030000 3.211061 0.030000 3.154562 0.030000 3.017827 0.030000 7.450604 0.030000 7.609139 0.030000
7.092212 0.030000 6.919973 0.030000 9.642224 0.030000 9.780470 0.030000 6.912041 0.150000 6.978903 0.030000 1.679762 0.030000 1.540086 0.030000 3.942241 0.030000 4.123788 0.030000 7.469860 0.030000 7.541117 0.030000 2.864167 0.030000 3.098470 0.030000 3.225420 0.030000 3.127288 0.030000 7.400191 0.030000 7.514413 0.030000
7.020339 0.030000 7.055224 0.030000 9.567033 0.030000 9.683225 0.030000 6.661550 0.030000 7.131308 0.150000 1.953144 0.150000 1.650998 0.030000 3.880372 0.030000 4.052799 0.030000 7.387476 0.030000 7.807522 0.150000 2.753071 0.030000 2.988789 0.030000 3.270442 0.030000 3.148148 0.030000 7.236970 0.030000 7.418711 0.030000
7.084881 0.030000 7.073338 0.030000 9.478920 0.030000 9.656270 0.030000 6.533095 0.030000 6.727286 0.030000 1.885686 0.030000 1.730215 0.030000 3.859783 0.030000 3.929006 0.030000 7.355453 0.030000 7.452951 0.030000 2.668254 0.030000 2.803603 0.030000 3.373509 0.030000 3.218552 0.030000 7.082317 0.030000 7.301181 0.030000
7.167073 0.030000 6.983542 0.150000 9.368460 0.030000 9.541657 0.030000 6.470220 0.030000 6.586627 0.030000 1.934830 0.150000 1.860925 0.030000 3.747252 0.030000 4.005154 0.150000 7.338538 0.030000 7.402919 0.030000 2.568778 0.030000 2.752071 0.030000 3.395142 0.030000 3.336337 0.030000 6.978520 0.030000 7.139473 0.150000
7.138797 0.030000 7.088015 0.030000 9.306090 0.030000 9.395578 0.030000 6.325217 0.030000 6.524909 0.030000 2.277661 0.150000 1.916090 0.030000 3.637759 0.030000 3.874017 0.030000 7.349098 0.030000 7.321964 0.030000 2.391886 0.030000 2.431484 0.150000 3.457648 0.030000 3.395345 0.030000 6.966972 0.030000 7.065649 0.030000
7.250482 0.030000 7.124259 0.030000 9.631353 0.150000 9.366107 0.030000 6.842579 0.150000 6.371655 0.030000 2.211091 0.030000 2.036149 0.030000 3.642349 0.030000 3.735323 0.030000 7.278598 0.030000 7.385409 0.030000 2.327898 0.030000 2.489282 0.030000 3.558652 0.030000 3.402063 0.030000 6.797637 0.030000 6.970255 0.030000
7.294770 0.030000 7.178496 0.030000 9.378729 0.150000 9.695690 0.150000 6.050158 0.030000 6.220638 0.030000 2.311646 0.030000 2.098015 0.030000 3.531902 0.030000 3.709049 0.030000 7.299819 0.030000 7.297651 0.030000 2.216791 0.030000 2.375187 0.030000 3.614902 0.030000 3.525482 0.030000 6.723490 0.030000 7.465415 0.150000
7.245559 0.030000 7.233423 0.030000 9.132096 0.030000 9.252246 0.030000 5.952883 0.030000 6.079179 0.030000 2.428577 0.030000 2.229259 0.030000 3.477886 0.030000 3.590714 0.030000 7.218854 0.030000 7.310168 0.030000 2.079494 0.030000 2.210945 0.030000 3.707585 0.030000 3.512868 0.030000 6.562831 0.030000 6.765356 0.030000
7.304778 0.030000 7.279823 0.030000 9.542443 0.150000 9.150662 0.030000 5.771287 0.030000 5.994039 0.030000 2.501610 0.030000 2.382259 0.030000 3.400978 0.030000 3.552246 0.030000 7.193022 0.030000 7.276787 0.030000 1.974547 0.030000 2.171911 0.030000 3.800209 0.030000 3.635728 0.030000 6.467707 0.030000 6.638230 0.030000
7.386988 0.030000 7.303210 0.030000 8.946006 0.030000 9.084825 0.030000 5.749543 0.030000 5.920539 0.030000 2.270914 0.150000 2.410353 0.030000 3.393557 0.030000 4.304102 0.150000 7.247504 0.030000 7.250390 0.030000 2.003664 0.030000 2.080841 0.030000 3.830832 0.030000 3.692047 0.030000 6.362150 0.030000 6.554071 0.030000
7.408944 0.030000 7.367266 0.030000 8.915174 0.030000 9.034786 0.030000 5.714019 0.030000 5.784976 0.030000 2.681870 0.030000 2.506830 0.030000 3.350376 0.030000 3.461840 0.030000 7.127982 0.030000 7.249997 0.030000 2.568151 0.150000 1.999923 0.030000 3.843326 0.030000 3.758260 0.030000 6.337318 0.030000 6.474393 0.030000
7.438914 0.030000 7.302574 0.030000 8.828349 0.030000 9.012164 0.030000 5.566997 0.030000 5.714931 0.030000 2.831263 0.030000 2.588079 0.030000 3.342194 0.030000 3.399984 0.030000 7.121891 0.030000 7.189963 0.030000 1.771187 0.030000 1.924638 0.030000 4.748653 0.150000 3.827999 0.030000 6.214926 0.030000 6.454028 0.030000
7.419474 0.030000 7.384531 0.030000 8.752739 0.030000 8.921561 0.030000 5.482901 0.030000 5.697309 0.030000 2.803914 0.030000 2.628969 0.030000 3.279162 0.030000 3.350186 0.030000 7.113535 0.030000 7.165025 0.030000 1.844073 0.150000 1.889969 0.030000 3.906612 0.030000 3.852484 0.030000 6.192582 0.030000 6.384138 0.030000
7.490679 0.030000 7.428252 0.030000 8.803773 0.030000 8.869464 0.030000 5.426324 0.150000 5.598352 0.030000 2.970826 0.150000 2.982175 0.150000 3.282383 0.030000 3.339473 0.030000 7.238670 0.150000 7.133105 0.030000 1.649859 0.030000 2.260645 0.150000 3.975068 0.030000 3.885961 0.030000 6.164661 0.030000 6.305161 0.030000
7.878038 0.150000 7.500647 0.150000 8.775658 0.030000 8.869722 0.030000 5.792951 0.150000 5.564764 0.030000 2.988754 0.030000 2.764067 0.030000 3.278217 0.030000 3.316899 0.030000 7.283974 0.150000 7.215948 0.030000 1.602248 0.030000 1.790107 0.030000 4.070537 0.030000 3.929990 0.030000 5.648755 0.150000 6.279939 0.030000
7.481772 0.030000 7.410306 0.030000 8.714505 0.030000 8.830516 0.030000 5.339641 0.030000 6.289056 0.150000 2.921479 0.030000 2.854978 0.030000 3.227141 0.030000 3.329293 0.030000 7.121641 0.030000 7.120561 0.030000 1.612310 0.030000 1.740451 0.030000 4.070464 0.030000 3.924382 0.030000 6.059464 0.030000 6.206517 0.030000
7.521011 0.030000 7.445175 0.030000 8.760957 0.030000 8.781734 0.030000 5.281213 0.030000 5.502419 0.030000 2.954945 0.030000 2.816713 0.030000 3.202153 0.030000 3.218525 0.030000 7.108662 0.030000 7.163884 0.030000 1.564538 0.030000 1.714824 0.030000 4.112071 0.030000 3.968876 0.030000 6.035881 0.030000 6.216822 0.030000
7.496635 0.030000 7.539545 0.150000 8.672571 0.030000 8.816749 0.030000 5.282330 0.030000 5.460599 0.030000 3.025546 0.030000 2.791818 0.030000 3.194957 0.030000 3.288496 0.030000 7.034804 0.030000 7.165312 0.030000 1.769915 0.150000 1.740002 0.030000 4.078838 0.030000 4.040330 0.030000 6.043249 0.030000 6.133703 0.030000
7.486285 0.030000 7.453692 0.030000 8.626466 0.030000 9.611183 0.150000 5.301481 0.030000 5.379537 0.030000 3.098790 0.030000 2.813009 0.030000 3.344777 0.150000 3.282716 0.030000 7.046034 0.030000 7.385214 0.150000 1.603345 0.030000 1.640898 0.030000 4.060559 0.030000 4.038074 0.030000 5.949753 0.030000 6.174060 0.030000
7.400056 0.030000 7.498981 0.030000 8.542716 0.030000 8.695861 0.030000 5.237409 0.030000 5.310614 0.030000 3.201080 0.030000 2.997373 0.030000 2.994027 0.030000 3.248278 0.030000 6.950979 0.030000 7.075975 0.030000 1.506436 0.150000 1.574078 0.030000 4.056368 0.030000 4.046686 0.030000 5.895920 0.030000 6.063374 0.030000
7.267369 0.030000 7.393454 0.030000 8.414516 0.030000 8.767035 0.150000 5.269518 0.030000 5.273369 0.030000 3.223345 0.030000 3.044810 0.030000 2.909117 0.030000 3.666963 0.150000 6.838758 0.030000 6.974542 0.030000 1.684936 0.030000 1.706638 0.150000 4.012027 0.030000 4.037431 0.030000 5.749619 0.030000 5.868035 0.030000
7.206619 0.030000 7.378900 0.030000 8.288678 0.030000 8.490533 0.030000 5.305486 0.030000 5.279966 0.030000 3.311147 0.030000 3.170423 0.030000 2.801339 0.030000 2.943091 0.030000 6.657115 0.030000 7.151422 0.150000 1.805623 0.030000 1.404106 0.150000 4.939705 0.150000 4.001690 0.030000 5.757486 0.030000 5.854384 0.030000
7.137341 0.030000 7.231415 0.030000 8.512586 0.150000 8.411498 0.030000 5.330352 0.030000 5.250431 0.030000 3.280637 0.030000 3.223048 0.030000 2.959927 0.150000 2.873422 0.030000 6.608985 0.030000 6.730616 0.030000 2.083535 0.150000 1.712316 0.030000 3.826632 0.030000 3.940131 0.030000 6.324394 0.150000 5.809839 0.030000
6.993567 0.030000 7.145464 0.030000 8.369609 0.150000 8.330366 0.030000 5.342654 0.030000 5.273570 0.030000 3.407341 0.030000 3.748863 0.150000 2.576246 0.030000 2.732075 0.030000 6.452004 0.030000 7.841492 0.150000 2.006648 0.030000 1.801205 0.030000 3.748737 0.030000 3.951082 0.030000 5.632591 0.030000 5.702081 0.030000
6.841123 0.030000 6.989929 0.030000 8.054042 0.030000 8.152809 0.150000 5.321452 0.030000 5.306098 0.030000 3.423954 0.030000 3.379530 0.030000 2.463676 0.030000 2.642664 0.030000 6.345545 0.030000 6.564428 0.030000 2.092890 0.030000 1.926666 0.030000 3.704962 0.030000 3.776329 0.030000 5.600312 0.030000 5.629669 0.030000
6.784743 0.030000 6.953597 0.030000 7.910116 0.030000 8.062758 0.030000 5.442166 0.030000 5.860357 0.150000 3.478411 0.030000 3.521173 0.150000 2.348714 0.030000 2.505039 0.030000 6.161742 0.030000 6.429057 0.030000 2.861928 0.150000 1.964060 0.030000 5.495378 0.150000 3.730195 0.030000 6.619154 0.150000 7.468959 0.150000
6.670422 0.030000 6.774180 0.030000 7.867159 0.030000 7.804275 0.150000 5.756314 0.150000 5.394498 0.030000 3.541413 0.030000 3.516236 0.030000 2.258656 0.030000 2.408978 0.030000 6.048775 0.030000 6.289773 0.030000 2.289322 0.030000 2.152056 0.030000 3.595664 0.030000 3.583658 0.030000 5.294517 0.150000 5.866014 0.150000
6.539584 0.030000 6.659721 0.030000 7.716824 0.030000 7.901556 0.030000 5.526392 0.030000 5.425215 0.030000 3.627745 0.030000 3.515637 0.030000 2.105218 0.030000 2.318596 0.030000 5.914043 0.030000 6.172971 0.030000 2.384796 0.030000 2.242431 0.030000 3.490631 0.030000 3.556472 0.030000 5.402515 0.030000 5.534625 0.030000
6.394489 0.030000 6.513935 0.030000 7.659191 0.030000 7.793701 0.030000 5.531436 0.030000 5.454612 0.030000 3.742234 0.030000 3.652890 0.030000 2.023927 0.030000 2.194278 0.030000 5.822234 0.030000 6.001598 0.030000 2.513544 0.030000 2.388920 0.030000 3.396874 0.030000 3.513386 0.030000 5.420173 0.030000 5.522378 0.150000
6.292537 0.030000 6.445897 0.030000 7.526055 0.030000 7.643453 0.030000 5.621927 0.030000 5.532464 0.030000 3.835972 0.030000 3.694438 0.030000 1.839693 0.030000 2.031389 0.030000 5.670653 0.030000 5.926277 0.030000 2.652188 0.030000 2.471421 0.030000 3.307651 0.030000 3.417127 0.030000 5.310105 0.030000 5.406502 0.030000
6.199117 0.030000 6.365574 0.030000 7.397564 0.030000 7.546202 0.030000 5.608793 0.030000 5.556780 0.030000 3.877736 0.030000 3.819723 0.030000 1.794043 0.030000 1.937782 0.030000 5.617745 0.030000 5.785343 0.030000 2.771012 0.030000 2.522526 0.030000 3.289755 0.030000 3.360811 0.030000 5.308269 0.030000 5.367491 0.030000
6.042652 0.150000 6.268187 0.030000 7.390041 0.030000 7.510698 0.030000 5.682996 0.030000 5.601534 0.030000 4.068399 0.150000 3.813093 0.030000 1.734405 0.030000 1.848935 0.030000 5.425858 0.030000 5.640640 0.030000 2.860839 0.030000 2.634510 0.030000 3.203700 0.030000 3.303209 0.030000 5.213796 0.030000 5.349761 0.030000
5.985830 0.030000 6.202005 0.030000 7.286488 0.030000 7.372979 0.030000 6.651343 0.150000 5.982967 0.150000 4.010569 0.030000 3.909538 0.030000 1.569488 0.030000 1.763532 0.030000 5.359771 0.030000 5.487909 0.030000 4.094206 0.150000 2.795427 0.030000 3.593272 0.150000 3.240031 0.030000 5.278928 0.030000 5.282925 0.030000
5.863748 0.030000 6.016665 0.030000 7.159819 0.030000 7.337125 0.030000 5.853878 0.030000 5.701519 0.030000 4.122261 0.030000 3.966410 0.030000 1.522002 0.030000 1.757933 0.150000 5.193625 0.030000 5.356209 0.030000 3.133634 0.030000 2.898713 0.030000 3.144361 0.030000 3.214951 0.030000 5.229419 0.030000 5.219630 0.030000
5.711266 0.030000 6.221336 0.150000 7.084632 0.030000 7.206413 0.030000 5.882126 0.030000 5.820216 0.150000 4.272904 0.030000 4.113404 0.030000 1.440003 0.030000 1.564404 0.030000 5.681978 0.150000 5.305030 0.030000 3.208947 0.030000 3.004650 0.030000 3.149194 0.030000 3.174404 0.030000 5.120462 0.030000 5.214263 0.030000
5.628795 0.030000 5.758736 0.030000 6.997006 0.030000 7.194226 0.030000 6.019916 0.030000 5.851906 0.030000 4.349281 0.030000 5.439648 0.150000 1.361321 0.030000 1.493976 0.030000 4.949467 0.030000 5.159169 0.030000 3.320283 0.030000 3.108382 0.030000 3.046615 0.030000 3.118045 0.030000 5.186708 0.030000 5.176104 0.030000
5.939526 0.150000 5.699634 0.030000 6.828563 0.030000 7.095831 0.030000 5.965063 0.030000 5.919461 0.030000 4.426207 0.030000 4.227554 0.030000 1.264031 0.030000 1.387189 0.030000 4.836542 0.030000 5.049925 0.030000 3.459402 0.030000 3.266912 0.030000 3.036895 0.030000 3.055604 0.030000 5.123007 0.030000 5.182167 0.030000
5.354761 0.030000 5.600384 0.030000 6.851266 0.030000 6.966203 0.030000 6.092801 0.030000 6.050555 0.030000 4.550005 0.030000 4.387946 0.030000 1.161586 0.030000 1.333449 0.030000 4.676859 0.030000 4.954813 0.030000 3.540531 0.030000 3.407495 0.030000 3.021941 0.030000 3.042479 0.030000 5.364940 0.150000 5.172562 0.030000
5.336328 0.030000 6.136614 0.150000 6.747664 0.150000 6.832571 0.030000 6.181027 0.030000 6.078639 0.030000 4.649373 0.030000 4.432548 0.030000 1.179655 0.030000 1.232683 0.030000 4.603435 0.030000 4.820721 0.030000 3.898468 0.150000 3.779883 0.150000 3.027404 0.030000 3.014104 0.030000 5.073692 0.030000 5.102777 0.030000
5.216472 0.030000 5.429530 0.150000 6.694135 0.030000 6.789259 0.030000 6.216691 0.030000 6.039394 0.030000 4.749221 0.030000 4.572784 0.030000 1.149580 0.030000 1.165981 0.030000 4.436708 0.030000 4.612268 0.030000 3.816954 0.030000 3.635927 0.030000 2.964545 0.030000 3.003196 0.030000 5.057533 0.030000 4.841518 0.150000
5.107691 0.030000 5.355392 0.030000 6.470760 0.030000 6.670877 0.030000 6.316747 0.030000 6.200069 0.030000 4.816659 0.030000 4.640055 0.030000 1.122077 0.030000 1.077039 0.030000 4.314022 0.030000 4.584306 0.030000 3.894158 0.030000 3.737080 0.030000 2.966290 0.030000 2.953647 0.030000 5.087771 0.030000 5.116083 0.030000
5.022653 0.030000 5.213796 0.030000 6.535090 0.030000 6.642227 0.030000 6.366789 0.030000 6.487643 0.150000 5.293975 0.150000 4.770282 0.030000 1.049959 0.030000 1.101387 0.030000 4.201078 0.030000 4.535561 0.150000 4.060474 0.030000 3.885078 0.030000 2.944248 0.030000 2.982659 0.030000 5.093664 0.030000 5.106331 0.030000
5.379897 0.150000 5.085311 0.030000 6.583308 0.150000 6.557167 0.030000 6.460873 0.030000 6.386454 0.030000 5.015895 0.030000 4.858135 0.030000 1.111611 0.150000 1.024393 0.030000 4.090276 0.030000 4.290742 0.030000 4.150260 0.030000 3.942600 0.030000 2.939323 0.030000 2.969915 0.030000 5.101650 0.030000 5.061234 0.030000
4.845860 0.030000 5.007302 0.030000 6.353670 0.030000 6.457713 0.030000 7.386156 0.150000 6.453163 0.030000 5.091108 0.030000 4.973976 0.030000 1.048011 0.030000 1.079228 0.030000 5.067749 0.150000 4.177759 0.030000 4.293233 0.030000 4.105175 0.030000 2.989584 0.030000 2.973361 0.030000 5.079060 0.030000 5.204398 0.150000
4.733321 0.030000 4.871929 0.030000 6.261650 0.030000 6.368971 0.030000 6.596393 0.030000 6.473787 0.030000 5.205657 0.030000 5.654183 0.150000 1.103353 0.030000 1.022887 0.030000 3.895908 0.030000 4.055661 0.030000 4.395799 0.030000 4.212120 0.030000 3.781258 0.150000 2.923722 0.030000 5.510709 0.150000 5.051025 0.030000
4.614096 0.030000 4.764384 0.030000 6.182953 0.030000 6.294950 0.030000 6.660574 0.030000 6.583524 0.030000 5.584770 0.150000 6.087284 0.150000 1.124668 0.030000 1.060944 0.030000 4.122119 0.150000 3.953028 0.030000 4.565749 0.030000 4.320998 0.030000 3.032389 0.030000 3.007893 0.030000 5.045712 0.030000 5.056496 0.030000
4.568808 0.030000 4.701734 0.030000 6.129918 0.030000 6.440424 0.150000 6.753857 0.030000 6.642574 0.030000 6.338301 0.150000 5.246466 0.030000 1.168846 0.030000 1.066489 0.030000 3.583139 0.030000 3.822489 0.030000 4.624790 0.030000 4.458419 0.030000 3.930359 0.150000 2.990635 0.030000 5.068463 0.030000 5.058273 0.030000
4.450798 0.030000 4.679371 0.030000 6.033324 0.030000 6.483589 0.150000 6.855677 0.030000 6.746199 0.030000 5.559059 0.030000 5.378400 0.150000 1.225795 0.030000 1.171808 0.030000 3.501991 0.030000 3.721579 0.030000 4.715611 0.030000 4.562219 0.030000 3.011375 0.030000 2.990679 0.030000 5.121336 0.030000 5.110722 0.030000
4.360998 0.150000 4.533162 0.030000 5.986333 0.030000 7.002376 0.150000 7.543500 0.150000 6.790744 0.030000 5.628647 0.030000 5.477083 0.030000 1.259912 0.030000 1.195364 0.030000 3.399038 0.030000 4.069862 0.150000 4.921611 0.030000 4.696160 0.030000 3.102647 0.030000 3.065062 0.030000 5.114322 0.030000 5.092839 0.030000
4.284710 0.030000 4.445741 0.030000 5.902080 0.030000 5.986395 0.030000 7.025501 0.030000 7.709649 0.150000 5.812638 0.030000 5.547377 0.030000 1.382595 0.030000 1.268327 0.030000 3.231248 0.030000 3.421556 0.030000 5.213422 0.150000 4.853456 0.030000 3.164600 0.030000 3.058553 0.030000 5.197676 0.030000 5.150106 0.030000
4.280946 0.030000 4.381835 0.030000 5.857765 0.030000 5.999352 0.030000 7.306316 0.150000 6.987054 0.030000 5.886938 0.030000 6.000910 0.150000 1.450272 0.030000 1.337692 0.030000 3.175675 0.030000 3.318171 0.030000 5.099078 0.030000 4.938676 0.030000 3.171203 0.030000 3.115755 0.030000 5.185810 0.030000 5.092112 0.030000
4.139269 0.030000 4.332578 0.150000 6.275099 0.150000 5.871452 0.030000 7.252485 0.030000 7.050311 0.030000 5.924157 0.150000 5.728475 0.030000 1.598278 0.030000 1.444713 0.030000 3.438289 0.150000 3.179620 0.030000 5.253099 0.030000 5.054648 0.030000 3.198241 0.030000 3.149847 0.030000 5.190613 0.030000 5.120178 0.030000
4.093060 0.030000 4.214130 0.030000 5.709511 0.030000 5.753873 0.030000 7.296084 0.030000 7.134274 0.030000 6.109256 0.030000 6.026129 0.150000 2.245041 0.150000 1.355460 0.150000 2.880709 0.030000 3.051284 0.030000 5.419394 0.030000 5.124965 0.030000 3.283431 0.030000 3.181600 0.030000 5.222974 0.030000 5.196553 0.030000
3.924547 0.030000 4.140008 0.030000 5.618036 0.030000 5.749583 0.030000 7.383165 0.030000 7.245623 0.030000 6.165780 0.030000 6.024123 0.030000 1.752555 0.030000 2.236046 0.150000 2.797778 0.030000 2.983831 0.030000 5.526626 0.030000 5.267961 0.030000 3.293014 0.030000 3.222948 0.030000 5.179682 0.030000 5.218668 0.030000
3.867196 0.030000 3.980533 0.030000 5.556146 0.030000 5.673653 0.030000 7.460450 0.030000 7.184758 0.150000 6.304284 0.030000 6.111126 0.030000 1.881924 0.030000 1.719788 0.030000 2.689485 0.030000 2.823262 0.030000 5.648842 0.030000 5.427908 0.030000 3.382586 0.030000 3.293142 0.030000 5.221098 0.030000 5.235273 0.030000
3.795853 0.030000 3.900578 0.030000 5.528575 0.030000 5.576504 0.030000 7.551043 0.030000 7.372945 0.030000 6.679467 0.150000 6.251265 0.030000 1.982021 0.030000 1.861110 0.030000 2.557339 0.030000 2.854940 0.150000 5.741058 0.030000 5.541264 0.030000 3.415289 0.030000 3.276973 0.030000 5.320056 0.030000 5.254100 0.030000
3.926142 0.150000 3.807242 0.030000 5.504541 0.030000 5.543622 0.030000 7.627504 0.030000 7.559158 0.030000 6.492074 0.030000 6.333482 0.030000 2.044167 0.030000 1.930922 0.030000 2.473690 0.030000 2.414509 0.150000 5.858829 0.030000 5.690707 0.030000 3.519742 0.030000 3.367877 0.030000 5.401146 0.030000 5.245939 0.030000
3.650106 0.030000 4.185503 0.150000 5.399722 0.030000 5.505326 0.030000 7.962300 0.150000 7.609246 0.030000 6.601949 0.030000 6.448523 0.030000 2.180921 0.030000 2.027241 0.030000 2.283126 0.030000 2.543226 0.030000 5.977440 0.030000 5.798001 0.030000 3.600343 0.030000 3.472757 0.030000 5.370724 0.030000 5.329413 0.030000
3.563502 0.030000 3.705611 0.030000 5.347291 0.030000 5.457181 0.030000 7.840216 0.030000 7.702595 0.030000 6.740772 0.030000 6.532641 0.030000 2.291526 0.030000 2.126735 0.030000 2.183572 0.030000 2.381735 0.030000 6.138566 0.030000 5.977829 0.030000 3.633713 0.030000 3.501167 0.030000 5.418393 0.030000 5.374100 0.030000
3.542391 0.030000 3.615112 0.030000 5.364931 0.030000 5.916027 0.150000 7.924685 0.030000 8.251317 0.150000 6.848475 0.030000 6.759983 0.030000 2.434555 0.030000 2.225095 0.030000 2.748952 0.150000 2.262963 0.030000 6.247552 0.030000 6.035532 0.030000 3.735375 0.030000 3.543867 0.030000 5.492474 0.030000 5.402968 0.030000
3.848987 0.150000 3.586861 0.030000 5.252562 0.030000 5.399889 0.030000 8.063404 0.030000 7.876722 0.030000 6.936351 0.030000 6.748489 0.030000 2.483336 0.030000 2.302823 0.030000 1.936106 0.030000 2.181097 0.030000 6.311832 0.030000 6.140732 0.030000 3.772843 0.030000 3.616010 0.030000 5.544854 0.030000 5.444903 0.030000
3.425216 0.030000 3.494119 0.030000 5.408719 0.150000 5.349464 0.030000 8.054995 0.030000 7.932798 0.030000 7.029512 0.030000 6.888186 0.030000 2.583184 0.030000 2.382157 0.030000 1.951000 0.030000 2.106517 0.030000 7.331557 0.150000 6.235477 0.030000 3.784755 0.030000 3.642296 0.030000 5.531595 0.030000 5.445683 0.030000
3.339158 0.030000 3.432305 0.030000 5.209012 0.030000 5.269588 0.030000 8.095673 0.150000 7.981979 0.030000 7.109853 0.030000 7.379310 0.150000 2.635030 0.030000 2.458417 0.030000 1.861599 0.030000 2.009605 0.030000 6.567532 0.030000 6.326248 0.030000 3.923988 0.030000 3.692848 0.030000 5.606219 0.030000 5.468474 0.030000
3.324312 0.030000 3.428438 0.030000 5.232474 0.030000 5.259283 0.030000 8.161127 0.030000 8.031298 0.030000 7.145876 0.030000 6.948679 0.030000 2.754835 0.030000 2.560323 0.030000 1.774620 0.030000 1.982710 0.030000 6.968637 0.150000 6.381677 0.030000 3.940139 0.030000 3.787493 0.030000 5.583471 0.030000 5.589636 0.030000
3.345759 0.030000 4.155585 0.150000 5.152412 0.030000 5.228548 0.030000 8.230126 0.030000 8.123096 0.030000 7.278704 0.030000 7.085525 0.030000 2.774858 0.030000 2.611605 0.030000 1.753890 0.030000 1.897834 0.030000 7.491801 0.150000 6.431178 0.030000 3.997665 0.030000 3.840206 0.030000 5.583141 0.030000 5.562582 0.030000
3.298717 0.030000 3.391708 0.030000 5.185460 0.150000 5.287079 0.030000 8.287172 0.030000 8.171549 0.030000 7.305514 0.030000 7.139748 0.030000 2.838835 0.030000 2.637175 0.030000 1.637313 0.030000 1.838487 0.030000 6.724832 0.030000 6.582934 0.030000 4.037242 0.030000 3.856577 0.030000 5.696523 0.030000 5.562092 0.030000
3.260281 0.030000 3.356802 0.030000 5.156706 0.030000 5.222423 0.030000 8.447843 0.030000 8.209018 0.030000 7.406223 0.030000 7.151251 0.030000 2.893067 0.030000 2.773580 0.030000 1.646904 0.030000 1.869697 0.030000 6.773924 0.030000 6.592363 0.030000 4.553099 0.150000 3.972742 0.030000 5.651533 0.030000 5.856740 0.150000
3.266902 0.030000 3.370657 0.030000 5.137896 0.030000 5.220875 0.030000 8.377927 0.030000 8.208376 0.030000 7.438255 0.030000 7.208939 0.030000 3.401381 0.150000 2.790381 0.030000 2.009756 0.150000 1.777014 0.030000 6.807142 0.030000 6.641295 0.030000 4.062058 0.030000 3.969211 0.030000 5.762571 0.030000 5.630445 0.030000
3.268606 0.030000 3.350998 0.030000 5.170525 0.030000 5.172475 0.030000 8.395886 0.030000 8.287487 0.030000 7.526038 0.150000 7.260721 0.030000 2.981659 0.030000 2.833494 0.030000 1.583468 0.030000 2.134162 0.150000 6.846395 0.030000 6.671118 0.030000 4.133568 0.030000 3.941165 0.030000 5.713227 0.030000 5.644132 0.030000
3.220689 0.030000 3.315488 0.030000 5.061356 0.030000 5.265836 0.030000 8.467987 0.030000 8.350637 0.030000 7.481281 0.030000 7.353757 0.030000 3.034516 0.030000 2.856678 0.030000 1.537447 0.030000 1.713126 0.030000 6.851476 0.030000 6.710394 0.030000 4.297529 0.150000 3.975594 0.030000 5.712026 0.030000 5.667797 0.030000
3.293385 0.030000 3.233449 0.030000 5.012586 0.030000 5.222425 0.030000 8.429243 0.030000 8.340392 0.030000 7.512505 0.030000 7.389580 0.030000 3.035583 0.030000 2.893669 0.030000 1.482736 0.030000 1.661285 0.030000 6.937969 0.030000 6.788699 0.030000 4.681466 0.150000 4.075261 0.030000 5.707854 0.030000 5.725434 0.030000
3.353212 0.030000 3.269262 0.030000 4.951153 0.030000 5.129381 0.030000 8.398811 0.030000 8.405346 0.030000 7.634121 0.030000 7.512133 0.030000 2.983432 0.030000 2.968209 0.030000 1.342696 0.030000 1.584279 0.030000 6.950976 0.030000 6.919084 0.030000 4.317166 0.030000 4.109335 0.030000 5.578915 0.030000 5.703352 0.030000
3.551812 0.030000 3.325349 0.030000 4.834909 0.030000 5.002919 0.030000 8.308929 0.030000 8.483468 0.030000 7.692047 0.030000 7.583588 0.030000 2.958184 0.030000 3.048645 0.030000 1.311861 0.030000 1.545366 0.030000 6.950156 0.030000 6.899545 0.030000 4.465899 0.030000 4.265385 0.030000 5.501450 0.030000 5.678937 0.030000
3.585272 0.030000 3.455632 0.030000 4.705233 0.030000 4.860068 0.030000 8.278765 0.030000 8.385365 0.030000 7.756845 0.030000 7.624849 0.030000 3.002388 0.030000 3.000263 0.030000 1.246698 0.030000 1.352716 0.030000 6.957458 0.030000 6.936185 0.030000 4.528282 0.030000 4.365834 0.030000 5.425385 0.030000 5.553488 0.030000
3.724006 0.030000 3.543531 0.030000 4.559430 0.030000 4.773979 0.030000 8.231126 0.030000 8.348170 0.030000 7.847497 0.030000 7.728467 0.030000 2.990669 0.150000 3.031809 0.030000 1.142885 0.030000 1.325126 0.030000 6.973026 0.030000 6.967536 0.030000 4.585776 0.150000 4.255420 0.150000 5.293881 0.030000 5.496481 0.030000
3.864685 0.030000 3.685301 0.030000 4.458599 0.030000 4.639903 0.030000 8.164944 0.030000 8.239040 0.030000 7.988863 0.150000 7.894085 0.150000 3.000936 0.030000 2.978449 0.030000 1.112783 0.030000 1.186794 0.030000 6.974546 0.030000 6.938913 0.030000 4.775555 0.030000 4.526393 0.150000 5.267365 0.030000 5.420841 0.030000
4.124381 0.150000 3.704878 0.030000 4.359569 0.030000 4.545632 0.030000 8.127669 0.030000 8.167059 0.030000 7.931079 0.030000 7.829402 0.030000 2.966973 0.030000 2.991564 0.030000 1.101914 0.030000 1.174428 0.030000 6.976739 0.030000 6.978742 0.030000 4.800471 0.030000 4.682191 0.030000 5.129692 0.030000 5.314138 0.030000
4.131504 0.030000 3.944684 0.030000 4.205080 0.030000 4.352920 0.030000 8.012919 0.030000 8.165999 0.030000 8.059819 0.030000 7.896635 0.030000 2.979741 0.030000 3.001183 0.030000 1.448859 0.150000 1.110361 0.030000 6.909404 0.030000 6.946572 0.030000 4.973811 0.030000 4.755601 0.030000 5.025172 0.030000 5.562215 0.150000
4.233395 0.030000 3.956553 0.030000 4.085818 0.030000 4.263272 0.030000 7.980316 0.030000 8.442370 0.150000 8.018979 0.030000 7.968352 0.030000 2.977950 0.030000 2.980030 0.030000 0.972506 0.030000 1.044143 0.030000 7.014268 0.030000 6.967263 0.030000 5.011927 0.030000 4.875268 0.030000 4.885887 0.030000 5.149705 0.030000
4.362174 0.030000 4.127695 0.030000 3.962083 0.030000 4.115772 0.030000 7.911416 0.030000 8.033302 0.030000 8.119466 0.030000 8.015618 0.030000 3.067846 0.030000 3.019085 0.030000 1.047550 0.030000 1.084856 0.030000 6.901909 0.030000 7.014215 0.030000 5.191020 0.030000 4.983508 0.030000 4.821215 0.030000 5.009241 0.030000
4.471125 0.030000 4.285124 0.030000 3.842779 0.030000 4.049564 0.030000 7.915139 0.030000 7.947458 0.030000 8.193756 0.030000 8.079565 0.030000 3.045430 0.030000 3.428346 0.150000 1.140630 0.030000 1.073242 0.030000 6.954666 0.030000 6.920518 0.030000 5.169068 0.030000 5.042034 0.030000 4.737905 0.030000 4.847768 0.030000
4.501299 0.030000 4.306191 0.030000 3.774804 0.030000 3.942342 0.030000 7.834135 0.150000 7.923548 0.030000 8.223039 0.030000 8.211065 0.030000 3.004647 0.030000 2.939780 0.030000 1.013888 0.030000 1.115507 0.030000 6.966094 0.030000 6.992632 0.030000 5.358076 0.030000 5.211420 0.030000 5.375832 0.150000 4.814119 0.030000
4.613506 0.030000 4.366887 0.030000 3.651996 0.030000 3.855437 0.030000 7.852062 0.030000 7.894762 0.030000 8.332183 0.030000 8.213299 0.030000 3.015632 0.030000 2.947433 0.030000 1.144199 0.030000 1.071226 0.030000 7.013612 0.030000 7.120296 0.150000 5.386205 0.030000 5.236090 0.030000 4.673452 0.030000 4.794049 0.030000
4.680763 0.030000 4.465483 0.030000 3.569815 0.030000 3.806725 0.030000 7.776708 0.030000 7.844413 0.030000 8.352187 0.030000 8.224336 0.030000 3.084685 0.030000 3.052424 0.030000 1.166446 0.030000 1.069806 0.030000 7.763068 0.150000 6.965137 0.030000 5.436400 0.030000 5.239405 0.030000 4.528693 0.030000 4.755364 0.030000
4.764929 0.030000 4.392681 0.150000 3.597281 0.030000 3.660398 0.030000 7.715727 0.030000 7.829041 0.030000 8.672158 0.150000 8.270137 0.030000 3.069284 0.030000 3.011866 0.030000 1.189815 0.030000 1.170402 0.030000 7.015812 0.030000 7.041318 0.030000 5.506815 0.030000 5.350149 0.030000 4.549414 0.030000 4.829960 0.150000
4.758041 0.030000 4.638284 0.030000 3.488645 0.030000 3.660087 0.030000 7.981326 0.150000 7.732752 0.030000 8.417692 0.030000 8.274635 0.030000 2.974948 0.150000 3.095519 0.030000 1.168120 0.030000 1.139173 0.030000 7.005641 0.030000 7.488394 0.150000 5.903436 0.150000 5.365519 0.030000 4.504242 0.030000 4.702975 0.030000
4.884716 0.030000 4.841426 0.150000 3.479248 0.030000 3.651229 0.030000 7.749547 0.030000 7.803301 0.030000 8.432481 0.030000 8.327942 0.030000 3.142557 0.030000 3.025277 0.030000 1.279691 0.030000 1.139613 0.030000 6.991917 0.030000 7.016115 0.030000 5.608335 0.030000 6.747083 0.150000 4.417844 0.030000 4.595258 0.030000
4.893420 0.030000 4.696361 0.030000 3.381875 0.030000 3.599964 0.030000 7.748800 0.030000 7.728332 0.030000 8.413616 0.030000 8.389168 0.030000 4.138751 0.150000 3.325293 0.150000 1.352578 0.150000 1.157129 0.030000 7.025235 0.030000 6.982274 0.030000 5.625923 0.030000 5.461548 0.030000 4.368897 0.030000 4.550794 0.030000
4.892504 0.030000 4.709833 0.030000 3.340920 0.030000 3.527078 0.030000 7.720833 0.030000 7.830529 0.030000 8.496810 0.030000 8.392118 0.030000 3.070551 0.030000 3.117121 0.030000 1.244044 0.030000 1.172418 0.030000 7.075295 0.030000 7.022525 0.030000 5.640637 0.030000 5.471816 0.030000 4.339573 0.030000 4.650300 0.150000
4.904837 0.030000 4.709571 0.030000 3.344798 0.030000 3.544625 0.030000 7.666332 0.030000 7.779367 0.030000 8.507912 0.030000 8.419829 0.030000 3.136965 0.030000 3.114100 0.030000 1.348652 0.030000 1.190080 0.030000 7.441294 0.150000 7.027783 0.030000 5.635210 0.030000 5.519632 0.030000 4.316512 0.030000 4.536745 0.030000
5.014216 0.030000 4.772969 0.030000 3.341961 0.030000 3.497622 0.030000 7.603297 0.030000 7.772952 0.030000 8.441573 0.030000 8.448557 0.030000 3.079457 0.030000 3.597753 0.150000 1.425428 0.030000 1.205449 0.030000 6.955175 0.030000 6.986155 0.030000 6.552887 0.150000 5.563408 0.030000 4.317158 0.030000 4.496999 0.030000
5.041950 0.030000 4.891447 0.030000 3.298884 0.030000 3.389812 0.030000 7.511445 0.030000 7.659496 0.030000 8.407296 0.030000 8.421318 0.030000 3.015256 0.030000 3.470549 0.150000 1.465906 0.030000 1.312169 0.030000 6.838506 0.030000 7.029517 0.030000 5.622835 0.030000 5.603779 0.030000 4.212226 0.030000 4.396115 0.030000
5.101643 0.030000 4.961077 0.030000 3.347747 0.030000 3.386723 0.030000 7.404025 0.030000 7.514468 0.030000 8.325913 0.030000 8.390813 0.030000 2.887436 0.030000 3.024259 0.030000 1.582246 0.030000 1.414896 0.030000 6.806139 0.030000 6.957074 0.030000 5.628954 0.030000 5.619558 0.030000 4.070106 0.030000 4.282762 0.030000
5.080532 0.030000 5.066919 0.030000 3.392635 0.030000 3.330823 0.030000 7.290963 0.030000 7.405577 0.030000 8.443717 0.150000 8.397881 0.150000 2.761712 0.030000 2.874938 0.030000 1.728589 0.030000 1.581343 0.030000 6.598824 0.030000 6.793073 0.030000 5.519732 0.030000 5.650766 0.030000 4.146953 0.150000 4.146812 0.030000
5.227802 0.030000 5.086752 0.030000 3.486538 0.030000 3.374091 0.030000 7.092220 0.030000 7.298580 0.030000 8.163767 0.030000 8.287093 0.030000 2.629471 0.030000 2.773444 0.030000 1.791929 0.030000 1.683686 0.150000 6.431318 0.030000 6.726053 0.030000 5.484482 0.030000 5.539950 0.030000 3.934536 0.030000 4.086294 0.030000
5.198493 0.030000 5.112479 0.030000 3.500796 0.030000 3.398515 0.030000 7.065627 0.030000 7.191665 0.030000 8.008942 0.030000 8.127969 0.030000 2.484261 0.030000 2.669363 0.030000 2.565244 0.150000 1.727339 0.030000 6.365436 0.030000 6.562402 0.030000 5.446258 0.030000 5.557304 0.030000 3.816014 0.030000 3.976982 0.030000
5.261520 0.030000 5.140654 0.030000 3.555876 0.030000 3.524466 0.030000 6.914760 0.030000 7.102659 0.030000 7.923775 0.030000 8.114415 0.030000 2.389846 0.030000 2.591039 0.030000 2.030053 0.030000 1.893307 0.030000 6.487337 0.150000 6.490662 0.030000 5.351743 0.030000 5.450675 0.030000 3.904821 0.150000 3.903978 0.030000
5.290059 0.030000 5.221882 0.030000 3.669779 0.030000 3.524789 0.030000 6.837375 0.030000 7.018790 0.030000 7.845947 0.030000 7.948934 0.030000 2.261103 0.030000 3.212211 0.150000 2.210452 0.030000 1.884252 0.030000 6.150233 0.030000 6.187338 0.150000 5.346971 0.030000 5.408639 0.030000 3.704253 0.030000 3.767272 0.030000
5.834853 0.150000 5.285148 0.030000 3.698123 0.030000 3.640754 0.030000 6.661925 0.030000 7.130378 0.150000 7.667885 0.030000 7.914684 0.030000 2.570098 0.150000 2.300483 0.030000 2.267038 0.030000 2.094946 0.030000 6.025085 0.030000 6.182126 0.030000 5.276687 0.030000 5.376648 0.030000 3.670158 0.030000 3.787119 0.030000
5.424246 0.030000 5.354169 0.030000 3.781103 0.030000 3.643224 0.030000 6.548244 0.030000 7.276651 0.150000 7.622651 0.030000 7.732747 0.030000 2.078598 0.030000 2.179182 0.030000 2.383907 0.030000 2.186501 0.030000 5.822668 0.030000 6.119754 0.030000 5.230265 0.030000 5.625105 0.150000 3.583194 0.030000 3.662849 0.030000
5.411811 0.030000 5.339963 0.030000 3.816934 0.030000 3.700634 0.030000 6.482120 0.030000 6.687591 0.030000 7.475365 0.030000 7.675428 0.030000 1.931283 0.030000 2.078475 0.030000 2.689778 0.150000 2.523143 0.150000 5.763800 0.030000 6.016943 0.030000 5.197835 0.030000 6.362879 0.150000 3.515859 0.030000 3.605822 0.030000
5.498818 0.030000 5.416586 0.030000 3.887369 0.030000 3.800179 0.030000 6.394787 0.150000 6.569932 0.030000 7.444124 0.030000 7.605229 0.030000 1.824396 0.030000 2.000679 0.030000 2.687078 0.030000 2.408622 0.030000 5.657329 0.030000 5.843373 0.150000 5.186779 0.030000 5.225715 0.030000 3.481444 0.030000 3.536563 0.030000
5.711430 0.150000 5.480256 0.030000 4.917327 0.150000 4.088403 0.150000 6.276177 0.030000 6.398457 0.030000 7.302816 0.030000 7.470984 0.030000 1.698259 0.030000 1.936257 0.030000 2.760493 0.030000 2.587885 0.030000 5.543180 0.030000 5.719944 0.030000 5.135251 0.030000 5.260264 0.030000 3.365298 0.030000 3.523581 0.030000
5.663179 0.030000 5.528310 0.030000 4.087038 0.030000 3.912359 0.030000 6.122160 0.030000 6.351794 0.030000 7.199726 0.030000 7.368779 0.030000 1.629057 0.030000 1.754022 0.030000 2.870074 0.030000 2.700981 0.030000 6.037782 0.150000 5.611045 0.030000 5.097869 0.030000 5.229979 0.150000 3.352179 0.030000 3.400291 0.030000
5.697737 0.030000 5.602393 0.030000 4.157185 0.030000 4.080061 0.030000 6.008682 0.030000 6.243351 0.030000 7.092362 0.030000 7.297800 0.030000 1.547924 0.030000 1.630396 0.030000 3.011115 0.030000 2.750470 0.030000 5.611476 0.150000 5.477858 0.030000 5.050913 0.030000 5.131955 0.030000 3.330110 0.030000 3.353813 0.030000
5.801449 0.030000 5.634813 0.030000 4.270651 0.030000 4.139896 0.030000 5.882814 0.030000 6.049748 0.030000 7.039405 0.030000 7.191597 0.030000 1.438754 0.030000 1.575584 0.030000 3.138013 0.030000 2.863489 0.030000 5.111695 0.030000 5.345814 0.030000 5.108945 0.030000 5.019997 0.030000 3.244196 0.030000 3.354845 0.030000
5.818850 0.030000 5.891150 0.150000 4.313437 0.030000 4.196252 0.030000 5.764009 0.030000 5.958048 0.030000 6.963002 0.030000 7.134243 0.030000 1.321309 0.030000 1.489582 0.030000 3.225277 0.150000 2.964773 0.030000 5.052422 0.030000 5.252978 0.030000 4.991249 0.030000 5.105551 0.030000 3.230820 0.030000 3.279040 0.030000
5.829403 0.030000 5.718560 0.030000 4.422595 0.030000 4.258893 0.030000 5.677718 0.030000 5.933638 0.030000 6.887411 0.030000 7.003965 0.030000 1.189214 0.030000 1.752121 0.150000 3.352230 0.030000 3.097537 0.030000 4.905462 0.030000 5.085419 0.030000 5.002156 0.030000 5.083802 0.030000 3.220668 0.030000 3.221267 0.030000
5.881597 0.030000 5.770486 0.030000 4.460250 0.030000 4.368039 0.030000 5.613092 0.030000 5.729243 0.030000 7.012009 0.150000 6.928344 0.030000 1.152943 0.030000 1.319873 0.030000 3.892106 0.150000 3.256580 0.030000 4.740184 0.030000 4.981925 0.030000 4.958372 0.030000 5.008948 0.030000 3.167608 0.030000 3.218918 0.030000
6.035872 0.030000 5.933432 0.030000 4.702893 0.150000 4.381748 0.030000 5.482680 0.030000 5.632544 0.030000 6.768640 0.150000 6.843277 0.030000 1.142023 0.030000 1.202889 0.030000 3.735602 0.150000 3.377538 0.030000 4.630093 0.030000 4.807503 0.030000 5.019903 0.030000 5.545746 0.150000 3.129093 0.030000 3.237720 0.030000
6.104744 0.030000 5.972369 0.030000 4.646275 0.030000 4.514000 0.030000 5.334778 0.030000 6.599807 0.150000 6.662940 0.030000 6.795665 0.030000 1.043684 0.030000 1.089743 0.030000 3.708200 0.030000 3.464366 0.030000 4.501440 0.030000 5.512801 0.150000 4.948110 0.030000 5.306744 0.150000 3.123042 0.030000 3.162212 0.030000
6.166767 0.030000 6.078716 0.030000 4.829009 0.030000 4.592080 0.030000 5.318983 0.030000 5.486220 0.030000 6.582349 0.030000 6.597170 0.030000 1.007728 0.030000 1.049336 0.030000 3.847421 0.030000 3.682121 0.030000 4.384147 0.030000 4.636436 0.030000 4.961309 0.030000 4.992063 0.030000 3.110702 0.030000 3.122557 0.030000
6.296142 0.030000 6.144467 0.030000 4.882306 0.030000 4.733823 0.030000 5.211083 0.030000 5.383560 0.030000 6.467305 0.030000 6.618609 0.030000 0.989177 0.030000 0.977714 0.030000 3.980566 0.030000 3.756325 0.030000 4.281974 0.030000 4.500824 0.030000 4.966114 0.030000 4.934864 0.030000 3.039505 0.030000 3.098426 0.030000
6.264896 0.030000 6.082662 0.150000 4.992354 0.030000 4.846642 0.030000 5.111182 0.030000 5.202333 0.030000 6.411331 0.030000 6.567483 0.030000 0.962583 0.030000 0.968356 0.030000 4.032076 0.030000 3.851963 0.030000 4.115350 0.030000 4.356145 0.030000 4.973810 0.030000 4.945058 0.030000 3.054204 0.030000 3.089259 0.030000
6.368672 0.030000 6.227788 0.030000 5.004112 0.030000 4.945365 0.030000 4.976446 0.030000 5.166304 0.030000 6.330350 0.030000 6.475701 0.030000 0.965079 0.030000 0.974126 0.030000 4.158433 0.030000 3.986683 0.030000 4.058641 0.030000 4.238727 0.030000 4.994720 0.030000 5.040851 0.150000 3.077667 0.030000 3.035790 0.030000
6.484115 0.030000 6.449599 0.150000 5.199392 0.030000 4.999609 0.030000 4.880833 0.030000 5.009915 0.030000 6.324882 0.030000 6.343202 0.030000 1.239763 0.150000 0.963622 0.030000 4.266401 0.030000 4.112327 0.030000 3.925878 0.030000 4.108388 0.030000 4.934487 0.030000 4.953070 0.030000 3.051796 0.030000 3.039015 0.030000
6.572410 0.030000 6.461164 0.030000 5.302741 0.030000 5.081677 0.030000 4.757710 0.030000 4.948913 0.030000 6.182088 0.030000 6.318908 0.030000 1.012453 0.030000 0.923634 0.030000 4.470697 0.030000 4.327709 0.150000 3.807681 0.030000 4.016646 0.030000 4.961268 0.030000 4.942811 0.030000 3.076955 0.030000 3.046322 0.030000
6.654245 0.030000 6.538237 0.030000 5.639200 0.150000 5.203265 0.030000 4.688067 0.030000 4.755092 0.030000 7.560692 0.150000 6.665966 0.150000 1.042886 0.030000 0.999270 0.030000 4.572205 0.030000 4.445938 0.030000 3.720072 0.030000 3.910709 0.030000 4.979214 0.030000 4.923037 0.030000 3.114162 0.030000 3.042019 0.030000
6.720740 0.030000 6.609940 0.030000 5.508668 0.030000 5.317050 0.030000 4.760630 0.150000 4.790249 0.030000 6.035827 0.030000 6.126328 0.030000 1.099619 0.030000 0.938726 0.030000 4.640919 0.030000 4.507897 0.030000 3.589201 0.030000 3.775794 0.030000 5.062568 0.030000 4.911075 0.030000 3.136496 0.030000 3.109006 0.030000
6.845673 0.030000 6.632147 0.150000 5.611236 0.030000 5.460841 0.030000 4.428968 0.030000 4.875640 0.150000 6.322614 0.150000 6.188621 0.150000 1.183784 0.030000 1.066743 0.030000 4.873522 0.150000 4.731702 0.150000 3.413273 0.030000 3.459490 0.150000 5.001957 0.030000 4.987111 0.030000 3.124853 0.030000 3.092170 0.030000
6.943597 0.030000 6.748220 0.030000 5.655458 0.030000 5.483079 0.030000 4.454571 0.030000 4.570227 0.030000 5.919595 0.030000 5.997057 0.030000 1.234284 0.030000 1.139025 0.030000 4.951054 0.030000 4.736814 0.030000 3.318433 0.030000 3.530773 0.030000 5.007196 0.030000 4.994473 0.030000 3.227370 0.030000 3.120368 0.030000
6.875736 0.150000 6.862499 0.030000 5.825176 0.030000 5.621631 0.030000 4.260541 0.030000 4.432556 0.030000 5.784244 0.030000 5.975155 0.030000 1.330195 0.030000 1.212929 0.030000 5.058231 0.030000 5.099227 0.150000 3.253500 0.030000 3.355880 0.030000 5.074404 0.030000 5.030010 0.030000 3.204314 0.030000 3.163700 0.030000
7.067081 0.030000 6.933633 0.030000 5.903899 0.030000 5.715601 0.030000 4.242956 0.030000 4.331556 0.030000 5.793215 0.030000 5.830887 0.030000 1.426847 0.030000 1.242286 0.030000 5.181676 0.030000 4.983646 0.030000 3.085246 0.030000 3.296226 0.030000 5.094923 0.030000 5.135531 0.030000 3.276554 0.030000 3.263582 0.030000
7.228569 0.030000 7.052488 0.030000 6.033298 0.030000 5.824625 0.030000 4.181454 0.030000 4.299951 0.030000 5.734850 0.030000 5.867014 0.150000 1.508717 0.030000 1.344951 0.030000 5.279305 0.030000 5.103566 0.030000 3.046346 0.030000 3.150713 0.030000 5.123794 0.030000 5.083654 0.030000 3.354087 0.150000 3.205992 0.030000
7.238534 0.030000 7.096342 0.030000 6.099430 0.030000 5.919836 0.030000 4.009290 0.030000 4.189772 0.030000 5.692024 0.030000 5.761424 0.030000 1.594675 0.030000 1.478543 0.030000 5.354621 0.030000 5.590350 0.150000 2.840462 0.030000 3.029213 0.030000 5.178578 0.030000 5.112105 0.030000 3.361712 0.030000 3.492711 0.150000
7.336414 0.030000 7.193320 0.030000 6.193268 0.030000 6.058954 0.030000 3.994007 0.030000 4.193750 0.150000 5.694650 0.150000 5.726696 0.030000 1.751518 0.030000 1.538954 0.030000 5.566537 0.030000 5.337849 0.030000 2.695178 0.030000 2.897280 0.030000 5.188550 0.030000 5.137217 0.030000 3.582020 0.150000 3.271240 0.030000
7.449616 0.030000 7.941624 0.150000 6.335086 0.030000 6.159212 0.030000 3.933703 0.030000 4.008607 0.030000 5.557670 0.030000 5.664908 0.030000 1.804444 0.030000 1.625640 0.030000 5.638483 0.030000 5.422817 0.030000 2.601173 0.030000 2.818187 0.030000 5.182256 0.030000 5.170906 0.030000 3.387703 0.030000 3.704106 0.150000
7.508151 0.030000 7.415969 0.030000 6.383183 0.030000 6.575375 0.150000 3.801643 0.030000 3.924960 0.030000 5.554335 0.030000 5.542692 0.030000 1.909559 0.030000 1.844619 0.030000 5.721528 0.030000 5.534985 0.030000 2.562103 0.030000 2.712448 0.030000 5.295793 0.030000 5.240365 0.030000 3.516907 0.030000 3.395944 0.030000
7.675969 0.030000 7.451002 0.030000 6.498021 0.030000 6.354299 0.030000 3.726365 0.030000 3.866177 0.030000 5.531165 0.030000 5.557834 0.030000 2.040568 0.030000 1.852295 0.030000 5.918596 0.030000 5.709425 0.030000 2.372390 0.030000 2.883485 0.150000 5.285539 0.030000 5.234145 0.030000 3.596867 0.030000 3.438160 0.030000
7.756842 0.030000 7.602733 0.030000 6.619431 0.030000 7.247821 0.150000 3.663113 0.030000 3.757016 0.030000 5.386822 0.030000 6.029157 0.150000 2.141977 0.030000 1.946082 0.030000 6.042039 0.030000 5.818955 0.030000 2.310040 0.030000 2.481990 0.030000 5.315193 0.030000 5.283060 0.030000 3.605236 0.030000 3.491334 0.030000
7.831140 0.030000 7.738719 0.150000 6.737575 0.030000 7.443388 0.150000 3.635469 0.030000 3.662290 0.030000 5.392652 0.030000 5.447347 0.030000 2.311227 0.030000 2.589510 0.150000 6.160582 0.030000 5.903550 0.030000 2.111719 0.030000 2.342637 0.030000 5.295200 0.030000 5.313652 0.030000 3.715047 0.030000 3.610689 0.030000
7.857901 0.030000 7.744654 0.030000 6.853404 0.030000 6.727227 0.030000 3.462330 0.030000 3.816296 0.150000 5.488112 0.150000 5.377213 0.030000 2.372874 0.030000 2.185415 0.030000 6.289913 0.030000 5.961647 0.150000 2.043298 0.030000 2.237438 0.030000 5.453348 0.030000 5.373692 0.030000 3.778447 0.030000 3.645962 0.030000
8.049851 0.030000 9.141627 0.150000 6.976277 0.030000 6.830711 0.030000 3.848390 0.150000 3.629141 0.030000 5.296183 0.030000 5.383596 0.030000 2.479544 0.030000 2.321041 0.030000 6.380891 0.030000 7.354425 0.150000 1.923073 0.030000 2.172040 0.030000 5.490449 0.030000 5.352269 0.030000 3.812014 0.030000 3.698448 0.030000
8.156727 0.030000 7.974030 0.030000 7.026514 0.030000 6.847753 0.030000 3.413061 0.030000 3.556426 0.030000 5.276795 0.030000 5.320412 0.030000 2.575241 0.030000 2.380224 0.030000 6.476058 0.030000 6.334374 0.150000 1.923261 0.030000 2.206012 0.150000 5.576345 0.030000 5.447329 0.030000 3.926642 0.030000 3.781130 0.030000
8.154869 0.030000 7.990635 0.030000 7.118222 0.030000 6.941234 0.030000 3.373931 0.030000 3.526765 0.030000 5.279963 0.030000 5.282618 0.030000 2.653489 0.030000 2.475539 0.030000 6.574429 0.030000 6.390748 0.030000 1.772043 0.030000 1.956890 0.030000 6.670945 0.150000 5.458247 0.030000 3.890877 0.030000 3.818460 0.030000
8.163604 0.030000 8.050836 0.030000 7.219287 0.030000 6.989685 0.030000 3.321636 0.030000 3.468272 0.030000 5.203519 0.030000 5.263073 0.030000 2.700237 0.030000 2.575582 0.030000 6.627231 0.030000 6.461731 0.030000 2.218410 0.150000 1.927474 0.030000 5.561686 0.030000 6.146995 0.150000 3.965288 0.030000 3.838194 0.030000
8.256041 0.030000 8.091132 0.030000 7.215669 0.030000 7.024317 0.030000 3.315966 0.030000 3.386050 0.030000 5.194288 0.030000 5.286328 0.030000 2.812478 0.030000 2.564528 0.030000 6.674393 0.030000 6.512593 0.030000 1.738995 0.030000 1.911658 0.030000 5.597776 0.030000 5.580205 0.030000 4.045389 0.030000 3.934624 0.030000
8.332158 0.030000 8.154564 0.030000 7.284704 0.030000 7.194116 0.150000 3.285020 0.030000 3.385773 0.030000 5.186516 0.030000 5.244909 0.030000 2.794330 0.030000 2.714123 0.150000 6.774143 0.030000 6.560307 0.030000 1.652534 0.030000 1.834861 0.030000 5.634179 0.030000 5.551421 0.030000 4.054474 0.030000 3.902001 0.030000
8.376714 0.030000 8.193464 0.030000 7.382934 0.030000 7.168381 0.030000 3.257532 0.030000 3.382777 0.030000 5.207493 0.030000 5.228351 0.030000 2.889523 0.030000 2.720924 0.030000 6.789338 0.030000 6.592498 0.030000 1.588314 0.030000 1.789804 0.030000 5.721231 0.030000 5.624574 0.030000 4.095043 0.030000 3.974108 0.030000
8.445718 0.030000 8.179264 0.030000 7.379817 0.030000 7.212965 0.030000 3.225378 0.030000 3.302259 0.030000 5.114087 0.030000 5.242083 0.030000 2.943594 0.030000 2.696092 0.030000 6.864801 0.030000 6.674639 0.030000 1.573921 0.030000 1.751503 0.030000 5.670804 0.030000 5.628278 0.030000 4.072068 0.030000 3.973733 0.030000
8.401138 0.030000 8.259013 0.030000 7.395928 0.030000 7.251766 0.030000 3.214091 0.030000 3.311252 0.030000 5.174343 0.030000 5.192995 0.030000 2.923136 0.030000 3.154129 0.150000 6.861022 0.030000 6.657667 0.030000 1.636942 0.030000 1.701184 0.030000 5.703421 0.030000 6.943356 0.150000 4.060237 0.030000 3.983568 0.030000
8.501920 0.030000 8.295011 0.030000 7.442977 0.030000 7.268110 0.030000 3.177734 0.030000 3.338790 0.030000 5.207582 0.030000 6.517876 0.150000 3.020493 0.030000 2.739741 0.030000 6.907799 0.030000 6.748148 0.030000 1.626257 0.030000 1.657490 0.030000 5.781538 0.030000 5.563706 0.030000 4.117974 0.030000 4.060885 0.030000
8.653749 0.030000 8.385057 0.030000 7.427838 0.030000 7.352013 0.030000 3.090001 0.030000 3.287346 0.030000 5.245934 0.030000 5.201065 0.030000 3.040884 0.030000 2.796036 0.030000 6.899218 0.030000 6.799539 0.030000 1.570604 0.030000 1.578830 0.030000 5.832050 0.030000 5.896834 0.150000 4.039281 0.030000 4.090642 0.030000
8.594746 0.030000 8.483793 0.030000 7.447308 0.030000 7.433329 0.030000 2.983170 0.030000 3.198125 0.030000 5.342109 0.030000 5.191325 0.030000 3.158248 0.030000 2.997087 0.030000 7.071033 0.030000 6.886768 0.030000 1.631249 0.030000 1.535051 0.030000 6.057020 0.030000 5.736858 0.030000 4.024974 0.030000 4.299363 0.150000
8.688337 0.030000 8.542227 0.030000 7.439184 0.030000 7.493103 0.030000 2.766324 0.150000 3.109228 0.030000 5.465065 0.030000 5.292520 0.030000 3.207646 0.030000 3.050339 0.030000 7.066170 0.030000 6.971110 0.030000 1.753781 0.030000 1.633886 0.030000 6.114467 0.030000 5.940605 0.030000 3.977672 0.030000 4.091977 0.030000
8.866288 0.030000 8.673160 0.030000 7.437463 0.150000 7.396816 0.030000 3.026826 0.150000 2.920890 0.030000 5.699798 0.150000 5.444946 0.150000 3.224967 0.030000 3.161087 0.030000 7.047143 0.030000 7.051538 0.030000 1.720901 0.150000 1.704212 0.030000 6.483661 0.150000 6.007635 0.030000 3.920682 0.030000 4.067390 0.030000
8.920442 0.030000 8.748763 0.030000 8.046275 0.150000 7.382398 0.030000 2.640585 0.030000 2.797311 0.030000 5.780395 0.030000 5.517994 0.030000 3.311054 0.030000 3.147359 0.030000 7.115852 0.030000 7.022992 0.030000 1.892904 0.030000 1.760507 0.030000 6.289758 0.030000 6.161146 0.030000 3.819310 0.030000 3.967770 0.030000
8.981964 0.030000 8.816139 0.030000 7.324299 0.030000 7.378711 0.030000 2.540602 0.030000 2.925614 0.150000 5.892556 0.030000 5.607797 0.030000 3.385079 0.030000 3.307052 0.030000 7.203921 0.030000 7.149589 0.030000 1.977919 0.030000 1.861559 0.030000 6.446074 0.030000 6.245463 0.030000 3.772643 0.030000 3.907590 0.030000
9.201812 0.150000 8.924423 0.030000 7.304521 0.030000 7.312161 0.030000 2.414999 0.030000 2.629829 0.030000 5.966306 0.030000 5.910257 0.150000 3.317709 0.150000 3.286442 0.030000 7.237425 0.030000 7.146362 0.030000 2.109004 0.030000 1.969483 0.030000 6.544528 0.030000 6.297238 0.030000 3.701005 0.030000 3.845115 0.030000
9.141298 0.030000 8.996128 0.030000 7.423050 0.150000 7.266788 0.030000 2.261957 0.030000 2.419635 0.030000 6.068323 0.030000 5.858700 0.030000 3.534432 0.030000 3.361803 0.030000 7.255968 0.030000 7.201512 0.030000 2.188356 0.030000 2.090532 0.030000 6.633459 0.030000 6.423127 0.030000 3.616315 0.030000 3.725579 0.030000
8.996651 0.150000 9.102294 0.030000 7.190299 0.030000 7.223643 0.030000 2.218870 0.030000 2.840993 0.150000 6.239819 0.030000 5.987491 0.030000 3.627390 0.030000 3.489227 0.030000 7.293932 0.030000 7.206865 0.030000 2.326539 0.030000 2.166772 0.030000 6.770436 0.030000 6.628822 0.030000 3.616540 0.030000 3.685669 0.030000 6.148256 0.030000 5.968025 0.030000
9.307576 0.030000 9.230361 0.030000 7.490069 0.150000 7.280476 0.030000 1.997423 0.030000 2.186505 0.030000 6.310427 0.030000 6.134306 0.030000 4.691714 0.150000 3.559441 0.030000 7.370538 0.150000 7.287233 0.030000 2.447571 0.030000 2.534587 0.150000 6.856253 0.030000 6.680361 0.030000 3.481982 0.030000 3.593919 0.030000 6.351103 0.030000 6.132497 0.030000
9.444329 0.030000 9.264486 0.030000 7.205564 0.030000 7.215716 0.030000 1.998846 0.030000 2.185824 0.030000 6.442998 0.030000 6.244870 0.030000 3.759160 0.030000 3.612651 0.030000 7.356108 0.030000 7.316641 0.030000 2.536223 0.030000 2.334075 0.030000 6.996334 0.030000 6.762973 0.030000 3.477657 0.030000 3.551205 0.030000 6.428038 0.030000 6.228941 0.030000
9.419080 0.030000 9.312790 0.030000 7.155074 0.030000 7.203439 0.030000 1.838881 0.030000 2.075182 0.030000 6.522174 0.030000 6.355471 0.030000 3.955586 0.150000 3.665523 0.030000 7.393379 0.030000 7.395307 0.150000 2.612399 0.030000 2.380644 0.030000 7.071709 0.030000 6.905021 0.030000 3.402045 0.030000 3.503211 0.030000 6.469680 0.030000 6.280458 0.030000
9.508586 0.030000 9.375237 0.030000 7.153594 0.030000 7.723481 0.150000 1.823883 0.030000 1.958962 0.030000 6.652184 0.030000 6.450525 0.030000 3.850105 0.030000 3.777139 0.030000 7.460126 0.030000 7.353657 0.030000 2.668589 0.030000 2.482284 0.030000 7.090648 0.030000 6.950281 0.030000 3.395300 0.030000 3.460872 0.030000 6.567629 0.030000 6.361834 0.030000
9.565909 0.030000 9.475929 0.030000 7.115207 0.030000 7.165397 0.030000 1.729863 0.030000 1.933191 0.030000 6.626884 0.030000 6.462624 0.030000 3.908140 0.030000 3.793424 0.030000 7.477630 0.030000 7.351501 0.030000 2.709920 0.030000 2.596336 0.030000 7.194177 0.030000 7.015447 0.030000 3.379385 0.030000 3.454113 0.030000 6.639531 0.030000 6.432757 0.030000
9.584678 0.030000 9.473033 0.030000 7.144452 0.030000 7.150049 0.030000 1.634073 0.030000 1.913581 0.030000 6.747121 0.030000 6.545987 0.030000 3.938531 0.030000 3.871021 0.030000 7.923507 0.150000 7.440801 0.030000 2.822575 0.030000 2.652535 0.030000 7.221034 0.030000 7.085875 0.030000 3.283357 0.030000 3.396427 0.030000 6.666588 0.030000 6.689691 0.150000
9.674410 0.030000 9.585505 0.030000 7.104036 0.030000 7.178960 0.030000 1.702166 0.030000 1.800808 0.030000 6.733994 0.030000 6.572765 0.030000 4.028099 0.030000 3.823923 0.150000 7.499879 0.030000 7.469712 0.030000 2.862595 0.030000 2.700063 0.030000 7.302052 0.030000 7.169415 0.150000 3.325572 0.030000 3.397663 0.030000 6.704815 0.150000 6.559097 0.030000
9.702008 0.030000 9.508955 0.030000 7.097169 0.030000 7.135439 0.030000 1.588315 0.030000 1.757609 0.030000 6.831645 0.030000 6.596870 0.030000 4.034097 0.030000 3.905110 0.030000 7.488000 0.030000 7.480388 0.030000 2.929740 0.030000 2.736444 0.030000 7.556332 0.150000 7.191306 0.030000 3.242595 0.030000 3.370163 0.030000 6.867808 0.030000 6.649545 0.030000
9.726437 0.030000 9.588263 0.030000 7.089691 0.030000 7.105483 0.030000 1.593583 0.030000 1.786476 0.030000 6.867707 0.030000 6.610951 0.030000 4.598790 0.150000 3.920663 0.030000 7.575533 0.030000 7.427481 0.030000 2.987466 0.030000 2.764515 0.030000 7.411760 0.030000 7.185644 0.030000 3.381394 0.150000 3.344690 0.030000 6.800585 0.030000 6.654667 0.030000
9.721650 0.030000 9.659821 0.030000 7.094021 0.030000 7.119155 0.030000 1.561971 0.030000 1.758449 0.030000 6.869560 0.030000 6.643310 0.030000 4.055383 0.030000 4.516306 0.150000 8.096574 0.150000 7.466179 0.030000 2.956728 0.030000 2.746855 0.030000 7.456000 0.030000 7.237436 0.030000 3.310908 0.030000 3.293149 0.030000 6.892980 0.030000 6.686711 0.030000
11.718344 0.150000 9.963066 0.150000 7.011927 0.030000 7.134547 0.030000 1.602180 0.030000 1.703724 0.030000 6.902033 0.030000 6.702802 0.030000 4.106178 0.030000 3.941468 0.030000 7.541127 0.030000 7.477069 0.030000 2.935079 0.030000 2.859360 0.030000 7.400022 0.030000 7.235389 0.030000 3.679340 0.150000 3.393984 0.030000 6.872694 0.030000 6.682271 0.030000
9.655588 0.030000 9.697235 0.030000 6.976084 0.030000 7.572429 0.150000 1.587015 0.030000 1.596681 0.030000 7.367504 0.150000 6.798558 0.030000 3.983991 0.030000 4.153400 0.150000 7.454237 0.030000 7.553334 0.030000 3.013698 0.030000 2.842118 0.030000 7.416135 0.030000 7.366783 0.030000 3.152915 0.030000 3.280209 0.030000 6.937070 0.030000 6.817777 0.030000
9.691510 0.030000 10.161722 0.150000 6.902176 0.030000 7.142315 0.150000 1.645169 0.030000 1.565513 0.030000 7.005815 0.030000 6.886413 0.030000 3.959919 0.030000 4.063043 0.030000 7.389963 0.030000 7.533745 0.030000 3.151445 0.030000 2.933001 0.030000 7.405305 0.030000 7.413724 0.030000 3.045569 0.030000 3.217468 0.030000 7.001072 0.030000 6.853179 0.030000
9.550884 0.030000 9.694995 0.030000 6.694585 0.030000 6.928644 0.030000 1.597024 0.150000 1.635271 0.030000 7.033096 0.030000 6.933323 0.030000 4.245565 0.150000 4.026038 0.030000 7.299193 0.030000 7.452666 0.030000 3.509266 0.150000 3.085522 0.030000 7.387275 0.030000 7.446395 0.030000 2.924354 0.030000 3.122313 0.030000 7.039024 0.030000 6.963660 0.030000
9.503561 0.030000 9.645144 0.030000 6.564365 0.030000 6.826559 0.030000 1.772111 0.030000 1.636396 0.030000 7.107055 0.030000 7.010959 0.030000 3.863871 0.030000 3.975254 0.030000 7.230514 0.030000 7.361364 0.030000 3.287993 0.030000 3.600030 0.150000 7.320647 0.150000 7.392897 0.030000 2.798734 0.030000 2.847714 0.150000 7.096320 0.030000 7.031971 0.030000
9.396965 0.030000 9.559021 0.030000 6.494049 0.030000 6.727551 0.030000 1.976148 0.030000 1.902521 0.150000 7.130351 0.030000 7.066159 0.030000 3.740796 0.030000 3.873646 0.030000 7.034923 0.030000 7.231504 0.030000 3.323515 0.030000 3.090541 0.150000 7.242829 0.150000 7.357310 0.030000 2.710167 0.030000 2.881441 0.030000 7.128128 0.030000 7.117581 0.150000
9.323507 0.030000 9.507949 0.030000 6.358453 0.030000 6.553259 0.030000 1.996134 0.030000 1.903948 0.150000 7.115002 0.030000 7.083348 0.030000 3.683213 0.030000 3.798623 0.030000 6.901622 0.030000 7.163166 0.030000 3.382279 0.030000 3.274898 0.030000 7.275180 0.030000 7.381165 0.030000 2.596770 0.030000 2.695635 0.030000 7.085187 0.030000 7.043184 0.030000
9.270384 0.030000 9.442590 0.030000 7.128622 0.150000 6.466286 0.030000 2.158740 0.030000 1.952506 0.030000 7.130623 0.030000 7.079682 0.030000 3.596265 0.030000 3.726542 0.030000 6.858457 0.030000 7.156788 0.150000 3.400253 0.030000 3.353921 0.030000 7.243427 0.030000 7.280833 0.030000 2.383467 0.030000 2.851842 0.150000 7.208015 0.030000 7.152041 0.030000
9.199296 0.030000 9.375938 0.030000 6.147300 0.030000 6.340987 0.030000 2.205687 0.030000 2.033971 0.030000 7.206169 0.030000 7.145816 0.030000 3.534725 0.030000 3.690814 0.030000 6.725035 0.030000 6.926892 0.030000 3.449995 0.150000 3.386910 0.030000 7.253935 0.030000 7.961052 0.150000 2.383521 0.030000 2.488871 0.030000 7.192449 0.030000 7.135476 0.030000
9.080120 0.030000 9.214758 0.030000 5.974504 0.030000 6.194959 0.030000 2.390337 0.150000 2.109236 0.030000 7.204098 0.030000 7.189792 0.030000 3.524465 0.030000 3.589276 0.030000 6.635519 0.030000 6.812100 0.030000 3.634853 0.030000 3.441075 0.030000 7.147414 0.030000 7.295704 0.030000 2.234149 0.030000 2.427169 0.030000
9.011549 0.030000 9.103621 0.030000 5.892788 0.030000 6.082579 0.030000 2.383000 0.030000 2.272132 0.030000 7.362030 0.150000 7.182866 0.030000 3.403680 0.030000 3.481955 0.030000 6.478247 0.030000 6.724087 0.030000 3.640472 0.030000 3.542322 0.030000 7.175076 0.030000 7.169870 0.030000 2.127144 0.030000 2.294906 0.030000
8.933617 0.030000 9.065625 0.030000 5.759005 0.030000 5.994124 0.030000 2.553013 0.030000 2.372642 0.030000 7.320397 0.030000 7.195271 0.030000 3.349743 0.030000 3.444679 0.030000 6.741468 0.150000 6.542192 0.030000 3.684521 0.030000 3.628242 0.030000 7.488990 0.150000 7.115039 0.030000 2.051937 0.030000 2.164364 0.030000
8.952731 0.030000 8.979232 0.030000 5.675734 0.030000 5.834392 0.030000 2.673772 0.030000 2.406096 0.150000 7.368895 0.030000 7.302418 0.030000 3.213403 0.030000 3.415718 0.030000 6.255519 0.030000 6.474848 0.030000 4.617392 0.150000 3.648602 0.030000 7.122650 0.030000 7.088983 0.030000 1.912828 0.030000 2.072878 0.030000
8.774448 0.030000 8.924929 0.030000 5.478517 0.030000 5.864250 0.150000 2.751540 0.030000 2.628904 0.030000 7.405776 0.030000 7.317055 0.030000 3.182563 0.030000 3.344117 0.030000 6.208294 0.030000 6.405752 0.030000 4.231880 0.150000 3.800524 0.030000 7.042165 0.030000 7.097140 0.030000 1.864399 0.030000 1.970580 0.030000
8.680865 0.030000 8.882938 0.150000 5.406216 0.030000 5.546118 0.030000 2.912262 0.030000 2.729487 0.030000 7.657606 0.150000 7.406917 0.030000 3.235375 0.030000 3.266135 0.030000 6.135201 0.030000 6.218663 0.030000 3.964045 0.030000 4.381849 0.150000 7.073082 0.030000 7.085798 0.030000 1.718255 0.030000 1.843861 0.030000
8.661002 0.030000 8.767388 0.030000 5.334890 0.030000 5.497242 0.030000 3.026383 0.030000 2.891093 0.030000 7.538756 0.030000 8.106454 0.150000 3.189678 0.030000 3.209929 0.030000 5.992727 0.030000 6.085054 0.030000 4.075345 0.030000 3.911739 0.030000 7.046461 0.030000 7.047596 0.030000 1.584161 0.030000 1.791952 0.030000
8.507191 0.030000 8.616222 0.030000 5.205578 0.030000 5.337299 0.030000 3.139729 0.030000 2.954317 0.030000 7.622583 0.030000 7.522474 0.030000 3.089873 0.030000 3.200773 0.030000 5.809913 0.030000 6.040743 0.030000 4.121015 0.030000 4.012977 0.030000 7.031244 0.030000 7.070187 0.030000 1.586220 0.030000 1.691478 0.030000
8.484103 0.030000 8.626456 0.030000 5.009387 0.030000 5.225706 0.030000 3.242829 0.030000 3.040355 0.030000 7.574264 0.030000 7.521590 0.030000 3.043917 0.030000 3.777045 0.150000 5.944268 0.150000 5.920956 0.030000 4.225978 0.030000 4.022596 0.030000 6.931839 0.030000 7.001725 0.030000 1.430093 0.030000 1.647189 0.030000
8.415366 0.030000 8.554230 0.030000 4.896358 0.030000 5.137499 0.030000 3.350139 0.030000 3.172699 0.030000 7.659020 0.030000 7.610313 0.030000 2.990407 0.030000 3.035477 0.030000 5.650643 0.030000 5.792929 0.030000 4.353809 0.030000 4.197823 0.030000 6.974088 0.030000 6.951825 0.030000 1.360619 0.030000 1.468637 0.030000
8.366290 0.030000 8.445029 0.030000 4.756815 0.030000 4.964367 0.030000 3.450270 0.030000 3.343119 0.030000 7.676239 0.030000 7.632544 0.030000 2.973598 0.030000 2.999989 0.030000 5.497882 0.030000 5.664005 0.030000 4.437935 0.150000 5.158187 0.150000 6.926279 0.030000 7.001353 0.030000 1.273543 0.030000 1.422692 0.030000
8.281530 0.030000 8.451533 0.030000 4.648143 0.030000 4.803991 0.030000 3.620285 0.030000 3.407237 0.030000 7.767271 0.030000 7.689763 0.030000 2.980674 0.030000 2.957119 0.030000 5.437008 0.030000 5.580144 0.030000 4.532331 0.030000 4.369324 0.030000 6.932542 0.030000 7.588394 0.150000 1.200926 0.030000 1.366382 0.030000
8.270933 0.030000 8.345957 0.030000 4.516931 0.030000 4.693869 0.030000 3.745413 0.030000 3.956855 0.150000 7.823745 0.030000 7.721159 0.030000 2.965090 0.030000 2.998151 0.030000 5.487445 0.150000 5.488837 0.030000 4.646884 0.030000 4.533409 0.030000 6.968989 0.030000 6.976660 0.030000 1.175026 0.030000 1.260190 0.030000
8.139892 0.030000 8.265199 0.030000 4.424180 0.030000 4.575449 0.030000 3.864423 0.030000 3.627418 0.030000 7.897777 0.030000 7.826318 0.030000 2.934854 0.030000 3.478892 0.150000 5.179584 0.030000 5.424809 0.030000 4.723076 0.030000 4.599053 0.030000 6.976631 0.030000 6.977802 0.030000 1.165102 0.030000 1.218707 0.030000
8.106384 0.030000 8.244373 0.030000 4.337839 0.030000 4.496935 0.030000 4.012679 0.030000 3.809022 0.030000 8.000003 0.030000 7.904501 0.030000 2.890990 0.030000 2.944201 0.030000 5.158371 0.030000 5.263834 0.030000 4.784249 0.030000 4.748381 0.150000 6.910220 0.030000 6.939390 0.030000 1.106524 0.030000 1.177024 0.030000
8.055603 0.030000 8.087356 0.030000 4.238853 0.030000 4.345043 0.030000 4.053117 0.030000 3.876747 0.030000 8.025134 0.030000 7.902492 0.030000 2.909097 0.030000 3.919058 0.150000 4.957445 0.030000 5.540770 0.150000 4.913820 0.030000 6.252480 0.150000 7.006786 0.030000 6.934297 0.030000 1.068117 0.030000 1.045498 0.030000
8.003633 0.030000 8.092653 0.030000 4.087671 0.030000 4.264920 0.030000 4.197314 0.030000 3.976667 0.030000 8.043189 0.030000 7.969643 0.030000 2.922824 0.030000 2.927716 0.030000 4.876935 0.030000 5.049645 0.030000 5.062648 0.030000 4.899999 0.030000 6.979345 0.030000 7.158916 0.150000 1.110933 0.030000 1.077847 0.030000
8.853758 0.150000 7.953558 0.030000 3.887297 0.030000 4.081870 0.030000 4.343483 0.030000 4.108089 0.030000 8.158293 0.030000 7.987494 0.030000 2.931231 0.030000 2.965529 0.030000 4.831901 0.030000 4.980845 0.030000 5.190001 0.150000 4.955966 0.030000 6.943839 0.030000 6.926327 0.030000 1.061153 0.030000 1.126919 0.030000
7.860072 0.030000 7.888320 0.030000 3.861010 0.030000 4.025915 0.030000 4.440133 0.030000 4.261693 0.030000 8.232026 0.030000 8.128125 0.030000 2.882928 0.030000 2.897225 0.030000 4.701098 0.030000 4.903584 0.030000 5.278082 0.030000 5.051294 0.030000 6.950946 0.030000 7.141665 0.150000 1.108396 0.030000 1.074762 0.030000
7.802099 0.030000 7.932252 0.030000 4.143089 0.150000 3.865330 0.030000 4.580319 0.030000 4.348924 0.030000 8.264177 0.030000 8.159555 0.030000 2.978037 0.030000 2.963059 0.030000 4.581602 0.030000 4.794732 0.030000 5.343947 0.030000 5.327552 0.150000 6.948579 0.030000 6.934974 0.030000 1.138519 0.030000 1.176451 0.030000
7.937854 0.150000 7.866203 0.030000 4.150235 0.150000 3.791181 0.030000 4.658429 0.030000 4.477123 0.030000 8.384709 0.030000 8.212372 0.030000 3.014327 0.030000 2.961565 0.030000 4.556544 0.030000 4.757914 0.030000 5.479036 0.030000 5.447113 0.150000 6.972960 0.030000 6.922153 0.030000 1.227458 0.030000 1.165591 0.030000
7.701442 0.030000 7.783058 0.030000 3.951548 0.150000 3.593006 0.030000 4.780417 0.030000 5.144373 0.150000 8.435222 0.030000 8.251546 0.030000 4.199957 0.150000 2.988605 0.030000 4.441671 0.030000 4.538534 0.030000 5.560524 0.030000 5.398842 0.030000 7.007486 0.030000 6.992470 0.030000 1.258716 0.030000 1.172602 0.030000
7.640735 0.030000 7.742131 0.030000 3.328998 0.030000 3.543806 0.030000 4.936482 0.030000 5.652400 0.150000 8.457672 0.150000 8.361980 0.030000 3.052319 0.030000 3.018420 0.030000 4.378926 0.030000 4.444149 0.030000 5.667407 0.030000 6.325184 0.150000 7.144058 0.150000 6.961021 0.030000 1.318472 0.030000 1.242942 0.030000
7.634726 0.030000 7.678686 0.030000 3.185461 0.030000 3.405949 0.030000 5.032393 0.030000 4.874490 0.030000 8.561194 0.030000 8.490239 0.030000 3.133436 0.150000 3.032695 0.030000 4.217653 0.030000 4.385724 0.030000 5.816440 0.030000 5.604037 0.030000 7.079593 0.030000 6.750993 0.150000 1.438840 0.030000 1.232071 0.030000
7.564046 0.030000 7.644380 0.030000 3.123891 0.030000 3.303747 0.030000 5.126303 0.030000 5.013282 0.030000 8.661581 0.030000 8.503417 0.030000 3.145363 0.030000 3.080546 0.030000 4.159395 0.030000 4.259742 0.030000 5.867875 0.030000 5.727349 0.030000 7.045409 0.030000 7.355876 0.150000 1.513707 0.030000 1.388537 0.030000
7.509567 0.030000 7.559863 0.030000 3.006123 0.030000 3.224693 0.030000 5.300085 0.030000 5.063737 0.030000 8.645167 0.030000 8.567588 0.150000 3.183441 0.030000 3.173349 0.030000 4.115361 0.030000 4.193850 0.030000 6.661491 0.150000 5.738005 0.150000 7.022058 0.030000 7.037032 0.030000 1.587035 0.030000 1.454397 0.030000
7.484303 0.030000 7.563888 0.030000 2.855713 0.030000 3.044360 0.030000 5.463264 0.030000 5.220229 0.030000 8.767955 0.030000 8.671009 0.030000 3.313660 0.030000 3.163872 0.030000 4.011665 0.030000 4.131662 0.030000 6.180675 0.030000 6.338249 0.150000 7.071501 0.030000 7.041399 0.030000 1.674579 0.030000 1.574044 0.030000
7.598501 0.150000 7.546738 0.150000 4.006106 0.150000 2.949658 0.030000 5.731941 0.150000 5.369901 0.030000 9.238764 0.150000 8.744745 0.030000 3.336854 0.030000 3.194217 0.030000 3.881584 0.030000 4.059466 0.030000 6.215742 0.030000 6.053559 0.030000 7.141876 0.030000 7.084343 0.030000 1.821886 0.030000 1.629879 0.030000
7.393251 0.030000 8.034499 0.150000 2.608148 0.030000 2.784947 0.030000 5.599263 0.030000 5.466913 0.030000 8.930669 0.030000 8.781916 0.030000 3.371757 0.030000 3.296204 0.030000 3.776063 0.030000 3.922033 0.030000 6.340462 0.030000 6.112947 0.030000 7.123339 0.030000 7.128670 0.030000 1.859346 0.030000 1.711274 0.030000
7.202758 0.150000 7.407390 0.030000 2.426536 0.030000 2.713391 0.030000 5.841430 0.030000 5.627971 0.030000 9.012699 0.030000 8.836186 0.030000 3.464799 0.030000 3.317007 0.030000 3.802983 0.030000 3.917658 0.030000 6.469180 0.030000 6.225797 0.030000 7.193240 0.030000 7.164789 0.030000 1.959220 0.030000 1.841831 0.030000
7.385430 0.030000 7.678477 0.150000 2.394695 0.030000 2.593311 0.030000 5.878638 0.030000 5.731198 0.030000 9.068543 0.030000 8.982856 0.030000 3.469913 0.030000 3.387573 0.030000 3.652696 0.030000 3.815070 0.030000 6.541612 0.030000 6.357319 0.030000 7.207701 0.030000 7.164425 0.030000 2.122899 0.030000 1.930312 0.030000
7.339794 0.030000 7.312305 0.030000 2.262193 0.030000 2.449889 0.030000 6.007911 0.030000 5.874301 0.030000 9.517826 0.150000 9.011138 0.030000 3.564863 0.030000 3.486195 0.030000 3.636569 0.030000 3.697340 0.030000 6.690539 0.030000 6.630773 0.150000 7.253366 0.030000 7.204952 0.030000 2.168425 0.030000 2.021841 0.030000
7.235199 0.030000 7.328493 0.030000 2.164885 0.030000 2.338936 0.030000 6.118245 0.030000 6.030968 0.030000 9.218826 0.030000 9.164618 0.030000 3.611922 0.030000 3.466189 0.030000 3.584854 0.030000 3.695418 0.030000 6.760881 0.030000 6.617928 0.030000 7.320876 0.030000 7.219434 0.030000 2.283834 0.030000 2.132053 0.030000
7.231513 0.030000 7.288433 0.030000 2.094632 0.030000 2.289933 0.030000 6.277060 0.030000 6.133788 0.030000 9.341018 0.030000 9.244160 0.150000 3.660393 0.030000 3.630699 0.030000 3.538618 0.030000 3.581357 0.030000 6.841156 0.030000 6.741681 0.030000 7.301727 0.030000 7.230565 0.030000 3.053814 0.150000 2.255053 0.030000
7.146243 0.030000 7.266077 0.030000 1.957989 0.030000 2.152257 0.030000 6.409249 0.030000 6.169594 0.030000 9.492956 0.030000 9.285624 0.030000 3.760144 0.030000 3.638996 0.030000 3.414697 0.030000 3.538404 0.030000 6.985976 0.030000 6.795378 0.030000 7.361819 0.030000 7.281182 0.030000 2.504447 0.030000 2.320588 0.030000
7.178168 0.030000 7.612833 0.150000 1.920238 0.030000 2.105504 0.030000 6.507211 0.030000 6.292103 0.030000 9.508169 0.030000 9.302007 0.030000 3.817846 0.030000 3.701000 0.030000 3.352564 0.030000 3.604483 0.150000 7.056063 0.030000 6.865295 0.030000 7.394246 0.030000 7.338851 0.030000 2.563154 0.030000 2.461769 0.030000
7.151082 0.030000 7.220312 0.030000 1.838028 0.030000 2.072893 0.030000 6.525062 0.030000 6.385690 0.030000 9.551168 0.030000 9.455211 0.030000 3.882717 0.030000 3.720219 0.030000 3.412423 0.030000 3.471058 0.030000 7.092554 0.030000 6.987917 0.030000 7.396151 0.030000 7.316765 0.030000 2.737282 0.030000 2.456662 0.030000
7.992448 0.150000 7.163602 0.030000 1.748040 0.030000 1.918112 0.030000 6.631819 0.030000 6.409637 0.030000 9.570933 0.030000 9.480810 0.030000 3.994239 0.030000 3.749565 0.030000 3.338127 0.030000 3.391388 0.030000 7.175241 0.030000 7.052421 0.030000 7.446555 0.030000 7.512806 0.150000 2.725411 0.030000 2.533122 0.030000
7.126983 0.030000 7.136432 0.030000 1.671579 0.030000 1.951733 0.030000 6.665824 0.030000 6.483710 0.030000 9.623331 0.030000 9.564612 0.030000 3.945232 0.030000 3.829278 0.030000 3.290183 0.030000 3.399428 0.030000 7.227419 0.030000 7.081963 0.030000 7.505536 0.030000 7.370839 0.030000 2.738877 0.030000 2.616213 0.030000
7.138401 0.030000 7.194002 0.030000 1.639025 0.030000 1.841762 0.030000 6.741164 0.030000 6.551389 0.150000 9.630757 0.150000 9.537911 0.030000 3.995043 0.030000 3.810438 0.030000 3.312278 0.030000 3.341361 0.150000 7.304214 0.030000 7.102023 0.030000 7.452533 0.030000 7.454850 0.030000 2.913652 0.030000 2.650278 0.030000
7.096314 0.030000 7.140039 0.030000 1.624132 0.030000 1.820694 0.030000 6.820624 0.030000 6.563257 0.030000 9.718380 0.030000 9.560482 0.030000 4.016846 0.030000 3.926173 0.030000 3.560137 0.150000 3.362026 0.030000 7.317101 0.030000 7.610125 0.150000 7.512184 0.030000 7.591514 0.150000 2.933829 0.030000 2.688820 0.030000
