1.123000 0.030000 5.151325 0.030000 3.473871 0.030000 6.692814 0.030000 8.350642 0.030000
1.132010 0.030000 5.130774 0.030000 3.499077 0.030000 6.684238 0.030000 8.321179 0.030000
1.200521 0.030000 5.140875 0.030000 3.425119 0.030000 6.661617 0.030000 8.301277 0.150000
1.144051 0.030000 5.109947 0.030000 3.423117 0.030000 6.670765 0.030000 8.295201 0.030000
1.222551 0.030000 5.096090 0.030000 3.432462 0.030000 6.644175 0.030000 9.143570 0.150000
1.173795 0.030000 5.077722 0.030000 3.838634 0.150000 6.700366 0.030000 8.253068 0.150000
1.251597 0.030000 5.070123 0.030000 3.412707 0.030000 8.009820 0.150000 8.278691 0.030000
1.296950 0.030000 4.978454 0.030000 3.382891 0.030000 6.739441 0.030000 8.232774 0.030000
1.324408 0.030000 4.991332 0.030000 3.319621 0.030000 6.722564 0.030000 8.258870 0.030000
1.305558 0.030000 5.076210 0.150000 3.272453 0.030000 6.722905 0.030000 8.202319 0.030000
1.392753 0.030000 4.964611 0.030000 3.324987 0.030000 6.710547 0.030000 8.181448 0.030000
1.397581 0.030000 4.850892 0.030000 3.312303 0.030000 6.697997 0.030000 8.190191 0.030000
1.404128 0.030000 4.839220 0.030000 3.249773 0.030000 6.732044 0.030000 8.168732 0.030000
1.440084 0.030000 4.815994 0.030000 3.289793 0.030000 6.743780 0.030000 8.130702 0.030000
1.406630 0.030000 4.755354 0.030000 3.258528 0.030000 6.769409 0.030000 8.150711 0.030000
1.505265 0.030000 4.733433 0.030000 3.273090 0.030000 6.785904 0.030000 8.469789 0.150000
1.553712 0.030000 4.754318 0.030000 3.158866 0.030000 6.778474 0.030000 8.072002 0.030000
1.557259 0.030000 4.689679 0.030000 3.201263 0.030000 6.761874 0.030000 8.094230 0.030000
1.541194 0.030000 4.973309 0.150000 3.177260 0.030000 6.760103 0.030000 8.027079 0.030000
1.629391 0.030000 4.636618 0.030000 3.154703 0.030000 6.743845 0.150000 8.042412 0.030000
1.567096 0.030000 4.587848 0.030000 3.184320 0.030000 6.782688 0.030000 8.008853 0.030000
1.604555 0.030000 4.593615 0.030000 3.112111 0.030000 6.826767 0.150000 8.025240 0.030000
2.566888 0.150000 4.537948 0.030000 3.685563 0.150000 6.749790 0.030000 7.987040 0.030000
1.714933 0.030000 4.457474 0.030000 3.114183 0.030000 6.779670 0.030000 7.986441 0.030000
1.747930 0.030000 4.530563 0.030000 3.116308 0.030000 6.772482 0.030000 8.003875 0.030000
1.750868 0.030000 4.459817 0.030000 3.134921 0.030000 6.819559 0.030000 7.961616 0.030000
1.786071 0.030000 4.394855 0.030000 3.008679 0.030000 6.821371 0.030000 7.951294 0.030000
1.838240 0.030000 4.405586 0.030000 3.079235 0.030000 7.095171 0.150000 7.873666 0.030000
1.819334 0.030000 4.370021 0.030000 3.015717 0.030000 6.797048 0.030000 7.890143 0.030000
1.856141 0.030000 4.368199 0.030000 3.027607 0.030000 6.813927 0.030000 7.845194 0.030000
1.864782 0.030000 4.315498 0.030000 3.009421 0.030000 6.780838 0.030000 7.880082 0.030000
1.924379 0.030000 4.325954 0.030000 3.013703 0.030000 6.832215 0.030000 7.853595 0.030000
1.958018 0.030000 4.330389 0.030000 3.001410 0.030000 6.833696 0.030000 7.795740 0.030000
2.187735 0.150000 4.227491 0.030000 3.014377 0.030000 6.804985 0.030000 7.810658 0.030000
2.022928 0.030000 4.206961 0.030000 2.934407 0.030000 6.898379 0.030000 7.810103 0.030000
2.013018 0.030000 4.114627 0.030000 2.993363 0.030000 6.886157 0.030000 7.758496 0.030000
2.462411 0.150000 4.100495 0.030000 3.204455 0.150000 6.897573 0.030000 7.792722 0.030000
2.097443 0.030000 4.063592 0.030000 3.237578 0.150000 6.862502 0.030000 7.694057 0.030000
2.166683 0.030000 4.036962 0.030000 2.893025 0.030000 6.907810 0.030000 7.819743 0.150000
2.098283 0.030000 4.020764 0.030000 2.854019 0.030000 6.779262 0.150000 7.671928 0.030000
2.161612 0.030000 4.001495 0.030000 2.919085 0.150000 6.922715 0.030000 7.652346 0.030000
2.165002 0.030000 4.002186 0.030000 2.889419 0.030000 6.950549 0.030000 7.660274 0.030000
2.214812 0.030000 3.975208 0.030000 2.741665 0.150000 6.994112 0.030000 7.688796 0.030000
2.256643 0.030000 3.907021 0.030000 2.898805 0.030000 7.018568 0.150000 7.631374 0.030000
2.296664 0.030000 4.136918 0.150000 2.880824 0.030000 6.926375 0.030000 7.657074 0.030000
2.358498 0.030000 3.882130 0.030000 2.834871 0.030000 6.952695 0.030000 7.662796 0.030000
2.954498 0.150000 4.123218 0.150000 2.953113 0.150000 7.031967 0.030000 7.669788 0.030000
2.387136 0.030000 3.823721 0.030000 2.847207 0.030000 6.986774 0.030000 7.596836 0.030000
2.352232 0.030000 3.613851 0.150000 2.827390 0.030000 7.619933 0.150000 7.614228 0.030000
2.461999 0.030000 3.760524 0.030000 2.779977 0.030000 7.194785 0.150000 7.537939 0.030000
2.454864 0.030000 3.707650 0.030000 2.799761 0.030000 7.052090 0.030000 7.530079 0.030000
2.492498 0.030000 3.654459 0.030000 2.797759 0.030000 7.059269 0.030000 7.508038 0.030000
2.498528 0.030000 3.657461 0.030000 2.804162 0.030000 7.033225 0.030000 7.507520 0.030000
2.568021 0.030000 3.604541 0.030000 2.829474 0.030000 7.102402 0.030000 7.494569 0.030000
2.581637 0.030000 3.660323 0.030000 2.799121 0.030000 7.044161 0.030000 7.543655 0.030000
2.598088 0.030000 3.561689 0.030000 2.803406 0.030000 7.087445 0.030000 7.400079 0.030000
2.622252 0.030000 3.541495 0.030000 2.799700 0.030000 7.114162 0.030000 7.441593 0.030000
2.972136 0.150000 3.531667 0.030000 2.769901 0.030000 7.081206 0.030000 7.452722 0.030000
2.994074 0.150000 3.481001 0.030000 2.716869 0.030000 7.151738 0.030000 7.423805 0.030000
2.703553 0.030000 3.480402 0.030000 2.753388 0.150000 7.092994 0.030000 7.466360 0.030000
2.761343 0.030000 3.380563 0.030000 2.820289 0.030000 7.136096 0.030000 8.234558 0.150000
2.815545 0.030000 3.381219 0.030000 2.755813 0.030000 7.177598 0.030000 7.411498 0.030000
2.790567 0.030000 3.320151 0.030000 2.740660 0.030000 7.149690 0.030000 7.334718 0.030000
3.381962 0.150000 4.504327 0.150000 2.748478 0.030000 7.278492 0.150000 7.309906 0.030000
2.867217 0.030000 3.304454 0.030000 2.798572 0.030000 7.118364 0.030000 7.336253 0.030000
2.885397 0.030000 3.297900 0.030000 2.713266 0.030000 7.215915 0.030000 7.335590 0.030000
2.913013 0.030000 3.253587 0.030000 2.750457 0.030000 7.205917 0.030000 7.286171 0.030000
2.961091 0.030000 3.183028 0.030000 2.736847 0.030000 7.244044 0.030000 7.298032 0.030000
2.946285 0.030000 3.245498 0.030000 2.752957 0.030000 7.286670 0.030000 7.300772 0.030000
3.047357 0.030000 3.159105 0.030000 2.747164 0.030000 7.203104 0.030000 7.702528 0.150000
3.070103 0.030000 3.192535 0.030000 2.713545 0.030000 7.275915 0.030000 7.308711 0.030000
2.940703 0.150000 3.115162 0.030000 2.777667 0.030000 7.270742 0.030000 7.212231 0.030000
3.106746 0.150000 3.102815 0.030000 2.727259 0.030000 7.219451 0.030000 7.622584 0.150000
3.102784 0.030000 3.055240 0.030000 2.786934 0.030000 7.338452 0.030000 7.147794 0.030000
3.172157 0.030000 3.012186 0.030000 2.745140 0.030000 7.253394 0.030000 7.228896 0.030000
3.218104 0.030000 2.946843 0.030000 2.775648 0.030000 7.327022 0.030000 7.188110 0.030000
3.203829 0.030000 2.962749 0.030000 2.788320 0.150000 7.356286 0.030000 7.220997 0.030000
3.247103 0.030000 2.964184 0.030000 2.855305 0.150000 7.383308 0.030000 7.174923 0.030000
3.346239 0.030000 2.876098 0.030000 2.779348 0.030000 7.368957 0.030000 7.182254 0.030000
3.684706 0.150000 2.872760 0.030000 2.757563 0.030000 7.361415 0.030000 7.175899 0.030000
3.360760 0.030000 2.807556 0.030000 2.748373 0.030000 7.333111 0.030000 7.154168 0.030000
3.367835 0.030000 2.905559 0.150000 2.907556 0.150000 7.390758 0.030000 7.095513 0.030000
3.409070 0.030000 2.781989 0.030000 2.792624 0.030000 7.420214 0.030000 7.143229 0.030000
3.447184 0.030000 2.774140 0.030000 2.788087 0.030000 7.361859 0.030000 7.063693 0.030000
3.460977 0.030000 2.755756 0.030000 2.802977 0.030000 7.818311 0.150000 7.086732 0.030000
3.489331 0.030000 2.723982 0.030000 2.780716 0.030000 7.459111 0.030000 7.092898 0.030000
3.539357 0.030000 2.701541 0.030000 2.789294 0.030000 7.444877 0.030000 7.061934 0.030000
3.559808 0.030000 2.659491 0.030000 2.802698 0.030000 7.419190 0.030000 7.018055 0.030000
3.559994 0.030000 2.606672 0.030000 2.786948 0.030000 7.453521 0.030000 7.092788 0.030000
4.099223 0.150000 2.612252 0.030000 2.738830 0.030000 7.438504 0.030000 7.033143 0.150000
3.611309 0.030000 2.556949 0.030000 2.771171 0.030000 7.722608 0.150000 7.004568 0.030000
3.639017 0.030000 2.547933 0.030000 2.822407 0.030000 7.550563 0.030000 7.031583 0.030000
3.657963 0.030000 2.520477 0.030000 2.833113 0.030000 7.545450 0.030000 7.030510 0.030000
3.701270 0.030000 2.501864 0.030000 2.832929 0.030000 7.526912 0.030000 6.996646 0.030000
3.781745 0.030000 2.449477 0.030000 2.744120 0.030000 7.562111 0.030000 7.030710 0.030000
3.803464 0.030000 2.461650 0.030000 2.811276 0.030000 7.573626 0.030000 7.007532 0.030000
3.830805 0.030000 2.414840 0.030000 2.834750 0.030000 7.538685 0.150000 6.965913 0.030000
3.836392 0.030000 2.697105 0.150000 2.810612 0.030000 7.597613 0.030000 6.914727 0.030000
3.858040 0.030000 2.320564 0.030000 2.874201 0.030000 7.567335 0.030000 6.911687 0.030000
3.865800 0.030000 2.310245 0.030000 2.882561 0.030000 7.619740 0.030000 6.961809 0.030000
3.975537 0.030000 2.272149 0.030000 2.844293 0.030000 7.742235 0.030000 6.960437 0.030000
3.924064 0.030000 2.231780 0.030000 2.876169 0.030000 7.685759 0.030000 6.904797 0.030000
3.954170 0.030000 2.208348 0.030000 2.868667 0.030000 7.665339 0.030000 6.927355 0.030000
4.000997 0.030000 2.216677 0.030000 2.837456 0.030000 7.671260 0.030000 6.864299 0.030000
4.001093 0.150000 2.169313 0.030000 2.971549 0.030000 7.723246 0.030000 6.875531 0.030000
4.039680 0.030000 2.123336 0.030000 2.886575 0.030000 7.751187 0.030000 6.821811 0.030000
4.121758 0.030000 2.094526 0.030000 3.009012 0.150000 7.760085 0.030000 6.867686 0.030000
4.141344 0.030000 2.081391 0.030000 2.921267 0.030000 8.406929 0.150000 6.893386 0.030000
4.160336 0.030000 2.079955 0.030000 2.975652 0.030000 7.800913 0.030000 6.844120 0.030000
4.216720 0.030000 2.062845 0.030000 2.995594 0.030000 7.763020 0.030000 6.852737 0.030000
4.184677 0.030000 2.065288 0.030000 3.024614 0.030000 7.792050 0.030000 6.873418 0.030000
4.284171 0.030000 1.931629 0.030000 2.976522 0.030000 7.841241 0.030000 6.874653 0.030000
4.244993 0.030000 1.942368 0.030000 2.984814 0.030000 7.786711 0.030000 6.796799 0.030000
4.292555 0.030000 1.889553 0.030000 2.991271 0.030000 7.878785 0.030000 6.816209 0.030000
4.355141 0.030000 1.896285 0.030000 2.987247 0.030000 7.856250 0.030000 6.820566 0.030000
4.347535 0.030000 1.842607 0.030000 3.046732 0.030000 7.838276 0.030000 6.720471 0.030000
4.394722 0.030000 1.805240 0.030000 3.010318 0.030000 7.946292 0.030000 6.795515 0.030000
4.436315 0.030000 1.847550 0.030000 3.022578 0.030000 7.930011 0.030000 6.810493 0.030000
4.400197 0.030000 1.717494 0.030000 3.117732 0.030000 7.971858 0.030000 6.775987 0.030000
4.486403 0.030000 1.718785 0.030000 3.084480 0.030000 7.977407 0.030000 6.743843 0.030000
4.529978 0.030000 1.715367 0.030000 3.055551 0.030000 9.732864 0.150000 6.891592 0.150000
4.552143 0.030000 1.694399 0.030000 3.093093 0.030000 7.941948 0.030000 6.724612 0.030000
4.593261 0.030000 1.690358 0.030000 3.089173 0.030000 8.006973 0.030000 6.789138 0.030000
4.766516 0.150000 1.600865 0.030000 3.151349 0.030000 8.002495 0.030000 6.727903 0.030000
4.612505 0.030000 1.694613 0.030000 3.131232 0.030000 8.035865 0.030000 6.733133 0.030000
4.670971 0.030000 1.600976 0.030000 3.208888 0.030000 7.996024 0.030000 6.747628 0.030000
4.683496 0.030000 1.553521 0.030000 3.224911 0.030000 8.048837 0.030000 6.704687 0.030000
4.680102 0.030000 1.471123 0.030000 3.207753 0.030000 8.070701 0.030000 6.761151 0.030000
4.735508 0.030000 1.469868 0.030000 3.211451 0.030000 8.070100 0.030000 6.742861 0.030000
4.671142 0.030000 1.529162 0.030000 3.227930 0.030000 8.093752 0.030000 6.710617 0.030000
4.776683 0.030000 1.463918 0.030000 3.223372 0.030000 8.447228 0.150000 6.706286 0.030000
4.763615 0.030000 1.478965 0.030000 3.208611 0.030000 8.108047 0.030000 6.693743 0.030000
4.814931 0.030000 1.651791 0.150000 3.203284 0.030000 8.137893 0.030000 6.715922 0.030000
4.809976 0.030000 1.429227 0.150000 3.218858 0.030000 8.166945 0.030000 6.729198 0.030000
4.894987 0.030000 1.447107 0.030000 3.232309 0.030000 8.155073 0.030000 6.691126 0.030000
4.830992 0.030000 1.434471 0.030000 3.329351 0.030000 8.153313 0.030000 6.679034 0.030000
4.872572 0.030000 1.370722 0.030000 3.213002 0.030000 8.224189 0.030000 6.701935 0.030000
4.872175 0.030000 1.341415 0.030000 3.318425 0.030000 8.232299 0.030000 6.660560 0.030000
4.931100 0.030000 1.378226 0.030000 3.297221 0.030000 8.208514 0.030000 6.652882 0.030000
4.976966 0.030000 1.355061 0.030000 3.766648 0.150000 8.253596 0.030000 6.634621 0.030000
4.914981 0.030000 1.373743 0.030000 3.295188 0.030000 8.232563 0.030000 6.697829 0.030000
4.954518 0.030000 1.467664 0.150000 3.325067 0.030000 8.271287 0.030000 6.686950 0.030000
5.007834 0.030000 1.320136 0.030000 3.316695 0.030000 8.232596 0.030000 7.005571 0.150000
4.986460 0.030000 1.299577 0.030000 3.390683 0.030000 8.294783 0.030000 6.655165 0.030000
4.988133 0.030000 1.332995 0.030000 3.340471 0.030000 8.312052 0.030000 6.660570 0.030000
5.010733 0.030000 1.280343 0.030000 3.349540 0.030000 8.230136 0.030000 6.643755 0.030000
5.523691 0.150000 1.215434 0.030000 3.435531 0.030000 8.290256 0.030000 6.671513 0.030000
5.030026 0.030000 1.226824 0.030000 3.954010 0.150000 8.266055 0.030000 6.690561 0.030000
5.586093 0.150000 1.287362 0.030000 3.352183 0.030000 8.322024 0.030000 6.720305 0.030000
5.066142 0.030000 1.210088 0.030000 3.396328 0.030000 8.244582 0.030000 6.649086 0.030000
5.062839 0.030000 1.229996 0.030000 3.414029 0.030000 8.322838 0.030000 6.650005 0.030000
5.063975 0.030000 1.250221 0.030000 3.350944 0.030000 8.296013 0.030000 6.619971 0.030000
5.064071 0.030000 1.188931 0.030000 3.415310 0.030000 8.356712 0.030000 6.609362 0.030000
5.128106 0.030000 1.191834 0.030000 3.380127 0.030000 8.302209 0.030000 6.665532 0.030000
5.133103 0.030000 1.204394 0.030000 3.430071 0.030000 8.363010 0.030000 6.672449 0.030000
5.098061 0.030000 2.288049 0.150000 3.440343 0.030000 8.331804 0.030000 7.502569 0.150000
5.085934 0.030000 1.221135 0.030000 3.458145 0.030000 8.366047 0.030000 6.667297 0.030000
5.132719 0.030000 1.159001 0.030000 3.468582 0.030000 8.340485 0.030000 6.635778 0.030000
5.164292 0.030000 1.174274 0.030000 3.419122 0.030000 8.341673 0.030000 6.607173 0.030000
5.161555 0.030000 1.194189 0.030000 3.449267 0.030000 8.352413 0.030000 6.631853 0.030000
5.188003 0.030000 1.151315 0.030000 3.432166 0.030000 8.280102 0.030000 6.654397 0.030000
5.147730 0.030000 1.152898 0.030000 3.421880 0.030000 8.362921 0.030000 6.617999 0.030000
5.747401 0.150000 1.151198 0.030000 3.365105 0.030000 8.335880 0.030000 6.627854 0.030000
5.217857 0.030000 1.172959 0.030000 3.395745 0.030000 8.316410 0.030000 6.589625 0.030000
5.246251 0.030000 1.182926 0.030000 3.452429 0.030000 8.292072 0.030000 6.555522 0.030000
5.152510 0.030000 1.139378 0.030000 3.445362 0.030000 8.331207 0.030000 6.572715 0.030000
5.152991 0.030000 1.153787 0.030000 3.361435 0.030000 8.284023 0.030000 6.565055 0.030000
5.216770 0.030000 1.173751 0.030000 3.367004 0.030000 8.313436 0.030000 6.592854 0.030000
5.199198 0.030000 1.144836 0.030000 3.432401 0.030000 8.521106 0.150000 6.520243 0.030000
5.238848 0.030000 1.200087 0.030000 3.367989 0.030000 8.266021 0.030000 6.467891 0.030000
5.236081 0.030000 1.175392 0.030000 3.355653 0.030000 8.266945 0.030000 6.488353 0.030000
5.280004 0.030000 1.194141 0.030000 3.349718 0.030000 8.289020 0.030000 6.778705 0.150000
5.291925 0.030000 1.192740 0.030000 3.367869 0.030000 8.212753 0.030000 6.501073 0.030000
5.335107 0.030000 1.225213 0.030000 3.351327 0.030000 8.222531 0.030000 6.400947 0.030000
5.321928 0.030000 1.262252 0.030000 3.335709 0.030000 8.206444 0.030000 6.345581 0.030000
5.489627 0.150000 1.261427 0.030000 3.334070 0.030000 8.256983 0.030000 6.357375 0.030000
5.335409 0.030000 1.280443 0.030000 3.274417 0.150000 8.190515 0.030000 6.354372 0.030000
5.331653 0.030000 1.305908 0.030000 3.246347 0.030000 8.142605 0.030000 6.283697 0.030000
5.314590 0.030000 1.267571 0.030000 3.415744 0.150000 8.212882 0.030000 6.301839 0.030000
5.338156 0.030000 2.682586 0.150000 3.283809 0.030000 8.139000 0.030000 6.274941 0.030000
5.378178 0.030000 1.383259 0.030000 3.235325 0.030000 8.110143 0.030000 6.131754 0.030000
5.325325 0.030000 1.406058 0.030000 3.122546 0.030000 8.091226 0.030000 6.151563 0.030000
5.671690 0.150000 1.474429 0.030000 3.116619 0.030000 8.073706 0.030000 6.167231 0.030000
5.979081 0.150000 1.450649 0.030000 3.327715 0.150000 8.052622 0.030000 6.081034 0.030000
5.363022 0.030000 1.441720 0.030000 3.115477 0.030000 7.972950 0.030000 6.104378 0.030000
5.371521 0.030000 1.507939 0.030000 3.073739 0.030000 7.956241 0.030000 6.037043 0.030000
5.393191 0.030000 1.506198 0.030000 3.097503 0.030000 7.910334 0.030000 6.346586 0.150000
5.443927 0.150000 1.629947 0.030000 3.030480 0.030000 7.910691 0.030000 5.972389 0.030000
5.415603 0.030000 1.559355 0.030000 2.977350 0.030000 7.879016 0.030000 5.927535 0.030000
5.431584 0.030000 2.702538 0.150000 2.986065 0.030000 7.896516 0.030000 5.951960 0.030000
5.364106 0.030000 1.643678 0.030000 2.982047 0.030000 7.877369 0.030000 5.932289 0.030000
5.431525 0.030000 1.803586 0.150000 2.931632 0.030000 7.822921 0.030000 5.876439 0.030000
5.383706 0.030000 1.671880 0.030000 2.886446 0.030000 7.837234 0.030000 5.901899 0.030000
5.456397 0.030000 1.749744 0.030000 2.920832 0.030000 7.776772 0.030000 5.880159 0.030000
5.470694 0.030000 1.681947 0.030000 2.772138 0.150000 7.802664 0.030000 5.771943 0.030000
5.528363 0.150000 1.767266 0.030000 2.902378 0.030000 7.753019 0.030000 5.756048 0.030000
5.511941 0.030000 1.831617 0.030000 2.899086 0.030000 7.730860 0.030000 5.686295 0.150000
5.440713 0.030000 1.801503 0.030000 2.888770 0.030000 7.759538 0.030000 5.720303 0.030000
5.447293 0.030000 1.830569 0.030000 3.051027 0.150000 7.660539 0.030000 5.662701 0.030000
5.469663 0.030000 1.880164 0.030000 2.775438 0.030000 7.617551 0.030000 5.648019 0.030000
5.474073 0.030000 1.882702 0.030000 2.800611 0.030000 7.685557 0.030000 5.786194 0.150000
5.502519 0.030000 1.964857 0.030000 2.743756 0.030000 7.670196 0.030000 5.637775 0.030000
5.510145 0.030000 1.975098 0.030000 2.710370 0.030000 7.596510 0.030000 5.559713 0.030000
5.459172 0.030000 1.987163 0.030000 2.776158 0.030000 7.562092 0.030000 5.569264 0.030000
5.499348 0.030000 1.992318 0.030000 3.116690 0.150000 7.593147 0.030000 5.567883 0.030000
5.505808 0.030000 1.985348 0.030000 2.681229 0.030000 7.552330 0.030000 5.487829 0.030000
5.510557 0.030000 2.057149 0.030000 2.683694 0.030000 7.540776 0.030000 5.498034 0.030000
5.550242 0.030000 2.155466 0.030000 3.730242 0.150000 7.500529 0.030000 5.465885 0.030000
5.437307 0.150000 2.155148 0.150000 2.645188 0.030000 7.491979 0.030000 5.398044 0.030000
5.551228 0.030000 2.846480 0.150000 2.600131 0.030000 7.471291 0.030000 5.398591 0.030000
5.590884 0.030000 2.095474 0.030000 2.634547 0.030000 7.476810 0.030000 5.367350 0.030000
5.538389 0.030000 2.229555 0.030000 2.625725 0.030000 7.424257 0.030000 5.370936 0.030000
5.540831 0.030000 2.184557 0.030000 2.601875 0.030000 7.380410 0.030000 5.323425 0.150000
5.600329 0.030000 2.245484 0.030000 2.634987 0.030000 7.433179 0.030000 5.083122 0.150000
5.568825 0.030000 2.191199 0.030000 2.605111 0.030000 7.436773 0.030000 5.258205 0.030000
5.878685 0.150000 2.271335 0.030000 2.607771 0.030000 7.406296 0.030000 5.271766 0.030000
5.580844 0.030000 2.228851 0.030000 2.566733 0.030000 7.402044 0.030000 5.287493 0.150000
5.636106 0.030000 2.233874 0.030000 2.527500 0.030000 7.334464 0.030000 5.273687 0.030000
5.564223 0.030000 2.280571 0.030000 2.565325 0.030000 7.387596 0.030000 5.228870 0.030000
5.601379 0.030000 2.300643 0.030000 2.515556 0.030000 7.341406 0.030000 6.204744 0.150000
5.608430 0.030000 2.293382 0.030000 2.787650 0.150000 7.282187 0.030000 5.160469 0.030000
5.671261 0.030000 2.357301 0.030000 2.519942 0.030000 7.281700 0.030000 4.988409 0.150000
5.653275 0.030000 2.369331 0.030000 2.518925 0.030000 7.279473 0.030000 5.147182 0.030000
5.649744 0.030000 2.333400 0.030000 2.707185 0.150000 7.274843 0.030000 5.184677 0.030000
5.641763 0.030000 2.333432 0.030000 2.549072 0.030000 7.957479 0.150000 5.102064 0.030000
5.666270 0.030000 2.340693 0.030000 2.476111 0.030000 7.247275 0.030000 5.157643 0.030000
5.716965 0.030000 2.383845 0.030000 2.482371 0.030000 7.290914 0.030000 5.125601 0.030000
5.666721 0.030000 2.408401 0.030000 2.404733 0.030000 7.178904 0.030000 5.121136 0.030000
5.580584 0.030000 2.394325 0.030000 2.430616 0.030000 7.247716 0.030000 5.112844 0.030000
5.690602 0.030000 2.416482 0.030000 2.479545 0.030000 7.222584 0.030000 5.053887 0.030000
6.050883 0.150000 2.432676 0.030000 2.448289 0.030000 7.203976 0.030000 5.088388 0.030000
6.550594 0.150000 2.415357 0.030000 2.420723 0.030000 7.215725 0.030000 5.029519 0.030000
5.713786 0.030000 2.481207 0.030000 2.458704 0.030000 7.193267 0.030000 5.038033 0.030000
5.736132 0.150000 2.459993 0.030000 2.458704 0.030000 7.189119 0.030000 5.009773 0.030000
5.671781 0.030000 2.495757 0.030000 2.432847 0.030000 7.156480 0.030000 5.084254 0.030000
5.716567 0.030000 2.550796 0.030000 2.409497 0.030000 7.188555 0.030000 5.036063 0.030000
5.700037 0.030000 2.473392 0.030000 2.428671 0.030000 7.167511 0.030000 5.010805 0.030000
5.715347 0.030000 2.496573 0.030000 2.430671 0.030000 7.201325 0.030000 4.989509 0.030000
5.682941 0.030000 3.064852 0.150000 2.646763 0.150000 7.154606 0.030000 5.014788 0.030000
5.715573 0.030000 2.528874 0.030000 2.457924 0.030000 7.142809 0.030000 4.964901 0.030000
5.971179 0.150000 2.559218 0.030000 2.941926 0.150000 7.085632 0.030000 5.027371 0.150000
6.546138 0.150000 3.063135 0.150000 2.391750 0.030000 7.156642 0.030000 4.931138 0.030000
5.759906 0.030000 2.521703 0.030000 2.621556 0.150000 7.151825 0.030000 5.016492 0.030000
5.686268 0.030000 2.561437 0.030000 2.357320 0.030000 7.168903 0.030000 4.988264 0.030000
5.646935 0.030000 2.598324 0.030000 2.346307 0.030000 7.107038 0.030000 4.945324 0.030000
5.691094 0.030000 2.577387 0.030000 2.365004 0.030000 7.080167 0.030000 4.980932 0.030000
5.727500 0.030000 2.599855 0.030000 2.314922 0.030000 7.086664 0.030000 4.913806 0.030000
5.708542 0.030000 2.592402 0.030000 2.287664 0.030000 7.072103 0.030000 4.959797 0.030000
5.546981 0.150000 2.683583 0.030000 2.276956 0.030000 7.065463 0.030000 4.967723 0.030000
5.639984 0.030000 2.669553 0.030000 2.277497 0.030000 6.988088 0.030000 4.963091 0.030000
5.636541 0.030000 2.616525 0.030000 2.309450 0.030000 7.043121 0.030000 4.921755 0.030000
5.948691 0.150000 2.607589 0.030000 3.138589 0.150000 6.993435 0.030000 4.906536 0.030000
5.604814 0.030000 2.650759 0.030000 2.276594 0.030000 7.311059 0.150000 4.951757 0.030000
5.544859 0.030000 2.679920 0.030000 2.203941 0.030000 6.934586 0.030000 4.912174 0.030000
5.574242 0.030000 2.709457 0.030000 2.198862 0.030000 7.023504 0.150000 4.902459 0.030000
5.868978 0.150000 2.755175 0.030000 2.369227 0.150000 6.857974 0.030000 4.966875 0.030000
5.450777 0.030000 2.711403 0.030000 2.043613 0.030000 6.870765 0.030000 4.925363 0.030000
5.444898 0.030000 2.747362 0.030000 2.438284 0.150000 6.829104 0.030000 5.004360 0.030000
6.490036 0.150000 2.690139 0.030000 2.021493 0.030000 7.216601 0.150000 4.927193 0.030000
5.436201 0.030000 2.764542 0.030000 1.983145 0.030000 6.804810 0.030000 5.250935 0.150000
5.377409 0.030000 2.852773 0.150000 2.022540 0.030000 6.820218 0.030000 4.941038 0.030000
5.399625 0.030000 2.770649 0.030000 1.984516 0.030000 6.767017 0.030000 4.955487 0.030000
5.345571 0.030000 2.806108 0.030000 1.912690 0.030000 6.719586 0.030000 5.013381 0.030000
5.322829 0.030000 2.795707 0.030000 1.942572 0.030000 6.680792 0.030000 4.982581 0.030000
5.293914 0.030000 2.894740 0.030000 1.883379 0.030000 6.677253 0.030000 4.960310 0.030000
5.257042 0.030000 2.837422 0.030000 1.859557 0.030000 6.728136 0.030000 4.992609 0.030000
5.217260 0.030000 2.860520 0.030000 1.834933 0.030000 6.683882 0.030000 5.015943 0.030000
5.188473 0.030000 3.065452 0.150000 1.825778 0.030000 6.661193 0.030000 5.043451 0.030000
5.195898 0.030000 2.880765 0.030000 1.872823 0.150000 6.642204 0.030000 5.020304 0.030000
5.171060 0.030000 2.925940 0.030000 1.771146 0.030000 6.597088 0.030000 5.031154 0.030000
5.154155 0.030000 2.974537 0.030000 1.674719 0.030000 6.577927 0.030000 4.988471 0.030000
5.135388 0.030000 3.843249 0.150000 1.695817 0.030000 6.521048 0.030000 5.027133 0.030000
5.060128 0.030000 3.118766 0.150000 2.520102 0.150000 6.493242 0.030000 5.053654 0.030000
5.074446 0.030000 3.003392 0.030000 1.672947 0.030000 6.522396 0.030000 5.053662 0.030000
5.019757 0.030000 2.981621 0.030000 1.642522 0.030000 6.496012 0.030000 5.105745 0.030000
5.026429 0.030000 3.018687 0.030000 1.662295 0.030000 6.474986 0.030000 5.107715 0.030000
4.936239 0.030000 3.039519 0.030000 1.569683 0.030000 6.449510 0.030000 5.079898 0.030000
4.976139 0.030000 3.069540 0.030000 1.507186 0.030000 6.418801 0.030000 5.147062 0.030000
4.940273 0.030000 3.088579 0.030000 1.565890 0.030000 6.397378 0.030000 5.099877 0.030000
4.920363 0.030000 3.449108 0.150000 1.532390 0.030000 6.406189 0.030000 5.156160 0.030000
4.887197 0.030000 3.127631 0.030000 1.485143 0.030000 6.386877 0.030000 5.115033 0.030000
4.830807 0.030000 3.135489 0.030000 1.461428 0.030000 6.378049 0.030000 5.150322 0.030000
4.849628 0.030000 3.141396 0.030000 1.422316 0.030000 6.290486 0.030000 5.158517 0.030000
5.078469 0.150000 3.415534 0.150000 1.424952 0.030000 6.304990 0.030000 5.181605 0.030000
4.798463 0.030000 3.182724 0.030000 1.903682 0.150000 6.347739 0.030000 5.192384 0.030000
4.748767 0.030000 3.170646 0.030000 1.367126 0.030000 6.256246 0.030000 5.136607 0.030000
4.688559 0.030000 3.189971 0.030000 1.357486 0.030000 6.256417 0.030000 5.193435 0.030000
4.657144 0.030000 3.248324 0.030000 1.343766 0.030000 6.260635 0.030000 5.180301 0.030000
4.565950 0.150000 3.221827 0.030000 1.349004 0.030000 6.230101 0.030000 5.167928 0.030000
4.591437 0.030000 3.263034 0.030000 1.322562 0.030000 6.219746 0.030000 5.270362 0.030000
5.089563 0.150000 3.289750 0.030000 1.305823 0.030000 6.137683 0.030000 5.247330 0.030000
4.556669 0.030000 3.306738 0.030000 1.287046 0.030000 6.142530 0.030000 5.307903 0.030000
4.518665 0.030000 3.383003 0.030000 1.252523 0.030000 6.087317 0.030000 5.257564 0.030000
4.522621 0.030000 3.346528 0.030000 1.225874 0.030000 6.058000 0.030000 5.277528 0.030000
4.522771 0.030000 3.355037 0.030000 1.211493 0.030000 6.150205 0.030000 5.252268 0.030000
4.524705 0.030000 3.048202 0.150000 1.126361 0.030000 6.096185 0.030000 5.345986 0.030000
4.442094 0.030000 3.443100 0.030000 1.109470 0.030000 6.053910 0.030000 5.300457 0.030000
4.432456 0.030000 3.484671 0.030000 1.187575 0.030000 6.024623 0.030000 5.369677 0.030000
4.411059 0.030000 3.441251 0.030000 1.128444 0.030000 6.046728 0.030000 5.379873 0.030000
4.402903 0.030000 3.480922 0.030000 1.095332 0.030000 6.017670 0.030000 5.341175 0.030000
4.375783 0.030000 3.464529 0.030000 1.078245 0.030000 5.987788 0.030000 5.388174 0.030000
4.348854 0.030000 3.460659 0.030000 1.092799 0.030000 6.012650 0.030000 5.373733 0.030000
4.381677 0.030000 3.543784 0.030000 1.069903 0.030000 5.988561 0.030000 5.450773 0.030000
4.309767 0.030000 3.598456 0.030000 1.098902 0.030000 5.939462 0.030000 5.540263 0.150000
4.258697 0.030000 3.580293 0.030000 1.079971 0.030000 5.886561 0.030000 5.624494 0.150000
4.212793 0.030000 3.619689 0.030000 1.021098 0.030000 5.896347 0.030000 5.424344 0.030000
4.225945 0.030000 3.712737 0.030000 1.007265 0.030000 5.945011 0.030000 5.450069 0.030000
4.334370 0.030000 3.636031 0.030000 0.941421 0.030000 5.877906 0.030000 5.303257 0.150000
4.196394 0.030000 3.651468 0.030000 0.938623 0.030000 5.822914 0.030000 5.527160 0.030000
4.186604 0.030000 3.655621 0.030000 0.984044 0.030000 5.857701 0.030000 5.482497 0.030000
4.088118 0.030000 3.684845 0.030000 0.972955 0.030000 5.819559 0.030000 5.187043 0.150000
4.200143 0.030000 3.827857 0.030000 0.981238 0.030000 5.776080 0.030000 5.529896 0.030000
4.156764 0.150000 3.739205 0.030000 0.938460 0.030000 5.735152 0.030000 5.527889 0.030000
4.055269 0.030000 3.765160 0.030000 0.960524 0.030000 5.948934 0.150000 5.561984 0.030000
4.070384 0.030000 3.776543 0.030000 0.956088 0.030000 5.728968 0.030000 5.592968 0.030000
4.248179 0.150000 3.848422 0.030000 0.952693 0.030000 5.707129 0.030000 5.562826 0.030000
4.371439 0.150000 3.795083 0.030000 0.939991 0.030000 5.740263 0.030000 5.605598 0.030000
3.972369 0.030000 3.861676 0.030000 1.373577 0.150000 5.646814 0.030000 5.627703 0.030000
3.956315 0.030000 3.871184 0.030000 0.958064 0.030000 5.704713 0.030000 5.599351 0.030000
3.890989 0.030000 3.960567 0.030000 0.920206 0.030000 5.679902 0.030000 5.657162 0.030000
3.908621 0.030000 3.904595 0.150000 0.974523 0.030000 5.685971 0.030000 5.663099 0.030000
3.792476 0.030000 3.992142 0.030000 0.903973 0.030000 5.643086 0.030000 5.694448 0.030000
4.176794 0.150000 4.052719 0.030000 0.938756 0.030000 5.615714 0.030000 5.688228 0.030000
3.850751 0.030000 3.995988 0.030000 0.994034 0.030000 5.591625 0.030000 5.721247 0.030000
3.845843 0.030000 4.039992 0.030000 0.910168 0.030000 5.604788 0.030000 5.763474 0.030000
3.820748 0.030000 4.093925 0.030000 0.907986 0.030000 5.420078 0.150000 5.786909 0.030000
3.758956 0.030000 4.109416 0.030000 0.946550 0.030000 5.562985 0.030000 5.770015 0.030000
3.831025 0.150000 4.142888 0.030000 0.919782 0.030000 5.451914 0.030000 5.780019 0.030000
3.734069 0.030000 4.094656 0.030000 0.989201 0.030000 5.493552 0.030000 5.785483 0.030000
4.134636 0.150000 4.181412 0.030000 1.472973 0.150000 5.494978 0.030000 5.762964 0.030000
3.680047 0.030000 4.225322 0.030000 1.010629 0.030000 5.495298 0.030000 5.863367 0.030000
3.872930 0.150000 4.281302 0.030000 0.984614 0.030000 5.525083 0.030000 5.917084 0.030000
3.674820 0.030000 4.258955 0.030000 0.897016 0.150000 5.483954 0.030000 5.813957 0.150000
3.517968 0.030000 4.570221 0.150000 0.973195 0.030000 5.440838 0.030000 5.860667 0.030000
3.561141 0.030000 4.256692 0.030000 1.021068 0.030000 5.465935 0.030000 5.911161 0.030000
3.586081 0.030000 4.367231 0.030000 1.033366 0.030000 5.394285 0.030000 5.954847 0.030000
3.534139 0.030000 4.520103 0.150000 1.036315 0.030000 5.361435 0.030000 5.978774 0.030000
3.509179 0.030000 4.336739 0.030000 1.097994 0.030000 5.329507 0.030000 5.920423 0.030000
3.566861 0.030000 4.394414 0.030000 1.143159 0.030000 5.362775 0.030000 5.994109 0.030000
3.488077 0.030000 4.351950 0.030000 1.120577 0.030000 5.306329 0.030000 5.956192 0.150000
3.490087 0.030000 4.913119 0.150000 1.206520 0.030000 5.329021 0.030000 5.986292 0.030000
3.486810 0.030000 4.511831 0.030000 1.144239 0.030000 5.318787 0.030000 6.002089 0.030000
3.412804 0.030000 4.456005 0.030000 1.160060 0.030000 5.298582 0.030000 6.027196 0.030000
3.414738 0.030000 4.438737 0.030000 1.165121 0.030000 5.350500 0.030000 6.246829 0.150000
3.769985 0.150000 4.481102 0.030000 1.213330 0.030000 5.345643 0.030000 6.047473 0.030000
3.377921 0.030000 4.565677 0.030000 1.174591 0.030000 5.287831 0.030000 6.114346 0.030000
3.310650 0.030000 4.609057 0.030000 1.542490 0.150000 5.295124 0.030000 6.109228 0.030000
3.301434 0.030000 4.653015 0.030000 1.303777 0.030000 5.226457 0.030000 6.117682 0.030000
3.343717 0.030000 4.625968 0.030000 1.311361 0.030000 5.222436 0.030000 6.148740 0.030000
3.340989 0.030000 4.660132 0.030000 1.282691 0.030000 5.251057 0.030000 6.145073 0.030000
3.279989 0.030000 4.670035 0.030000 1.327553 0.030000 5.255194 0.030000 6.189961 0.030000
3.263354 0.030000 4.712082 0.030000 1.296848 0.030000 5.187405 0.030000 6.221970 0.030000
3.253730 0.030000 4.639135 0.030000 1.332163 0.030000 5.177917 0.030000 6.229162 0.030000
3.267110 0.030000 4.727013 0.150000 1.366417 0.030000 5.167680 0.030000 6.262371 0.030000
3.211649 0.030000 4.754074 0.030000 1.409340 0.030000 5.159301 0.030000 6.293398 0.030000
3.592736 0.150000 4.808805 0.030000 1.416520 0.030000 5.310554 0.150000 6.294513 0.030000
3.226638 0.030000 5.043344 0.150000 1.450691 0.030000 5.140179 0.030000 6.308574 0.030000
3.177053 0.030000 4.828245 0.030000 1.482592 0.030000 5.164424 0.030000 6.339991 0.030000
3.151383 0.030000 4.915583 0.030000 1.476054 0.030000 5.151380 0.030000 6.336167 0.030000
3.168036 0.030000 4.896519 0.030000 1.530993 0.030000 5.117473 0.030000 6.605030 0.150000
3.114563 0.030000 4.907006 0.030000 1.537648 0.030000 5.079131 0.030000 6.340001 0.030000
3.108623 0.030000 4.957453 0.030000 1.588173 0.030000 5.073059 0.030000 6.954258 0.150000
3.074990 0.030000 4.968358 0.030000 1.545551 0.030000 5.059137 0.030000 7.057679 0.150000
3.548807 0.150000 5.028085 0.150000 1.618416 0.030000 5.099142 0.030000 6.431944 0.030000
3.042013 0.030000 5.092759 0.030000 1.607230 0.030000 5.035326 0.030000 6.434874 0.030000
2.996829 0.030000 5.271405 0.150000 1.629470 0.030000 5.034649 0.030000 7.339394 0.150000
3.055046 0.030000 5.098739 0.030000 1.662256 0.030000 5.047514 0.030000 6.561704 0.150000
3.054227 0.030000 5.397119 0.150000 1.671659 0.030000 5.042337 0.030000 6.535068 0.030000
3.059379 0.150000 5.563635 0.150000 1.770675 0.030000 5.036463 0.030000 6.519727 0.030000
4.321234 0.150000 5.154430 0.030000 1.729686 0.030000 5.029277 0.030000 6.605335 0.030000
3.019357 0.030000 5.156515 0.030000 1.781352 0.030000 5.068513 0.030000 6.590435 0.030000
2.950753 0.030000 5.229732 0.030000 1.828480 0.030000 4.985063 0.030000 6.570303 0.030000
2.893622 0.030000 5.218046 0.030000 2.052898 0.150000 5.064566 0.150000 6.597188 0.030000
2.939571 0.030000 5.215185 0.030000 1.847549 0.030000 4.968920 0.030000 6.642778 0.030000
2.890931 0.030000 5.310562 0.030000 1.945830 0.030000 4.975428 0.030000 6.616004 0.030000
2.865059 0.030000 5.269637 0.030000 1.906723 0.030000 5.355314 0.150000 6.654383 0.030000
2.909445 0.030000 5.318088 0.030000 1.877006 0.030000 5.254711 0.150000 6.669342 0.030000
2.852067 0.030000 5.348588 0.030000 1.928176 0.030000 5.210990 0.150000 7.044490 0.150000
3.422156 0.150000 5.408791 0.030000 1.926606 0.030000 4.927278 0.030000 6.715360 0.030000
2.833009 0.030000 5.351181 0.030000 1.994254 0.030000 4.972766 0.030000 6.692135 0.030000
2.847855 0.030000 5.396750 0.030000 1.945807 0.030000 4.878156 0.030000 6.706155 0.030000
2.841534 0.030000 5.411726 0.030000 1.902746 0.030000 4.917619 0.030000 6.796661 0.030000
2.818583 0.030000 5.424346 0.030000 1.979272 0.030000 4.916649 0.030000 6.787909 0.030000
2.869366 0.030000 5.429638 0.030000 2.040172 0.030000 4.924535 0.030000 6.791571 0.030000
2.821828 0.030000 5.434470 0.030000 2.072374 0.030000 4.909949 0.030000 7.494736 0.150000
2.855023 0.030000 5.670366 0.150000 2.017281 0.030000 4.903409 0.030000 6.826119 0.030000
2.879585 0.030000 5.482907 0.030000 2.070294 0.030000 4.869180 0.030000 6.812987 0.030000
2.854826 0.030000 5.521525 0.030000 2.101238 0.030000 4.844041 0.030000 6.840717 0.030000
2.822050 0.030000 5.517214 0.030000 2.136411 0.030000 4.884886 0.030000 6.803642 0.030000
3.026354 0.150000 5.564899 0.030000 2.061958 0.030000 4.924262 0.030000 6.865758 0.030000
3.648858 0.150000 5.568020 0.030000 2.110912 0.030000 5.010064 0.150000 6.902355 0.030000
2.733228 0.030000 5.518844 0.030000 2.158903 0.030000 4.915870 0.030000 6.866547 0.030000
2.805697 0.030000 5.577655 0.030000 2.134352 0.030000 4.911641 0.030000 6.851374 0.030000
2.761748 0.030000 5.899724 0.150000 2.220585 0.030000 4.850273 0.030000 6.863511 0.030000
2.790220 0.030000 5.657245 0.030000 2.136381 0.030000 4.914130 0.030000 6.856971 0.030000
2.791926 0.030000 5.611102 0.030000 2.177317 0.030000 5.270126 0.150000 6.888273 0.030000
2.785111 0.030000 5.613175 0.030000 2.204328 0.030000 4.888371 0.030000 6.909911 0.030000
2.696926 0.030000 5.638567 0.030000 1.989449 0.150000 4.870239 0.030000 6.896027 0.030000
2.799217 0.030000 5.604144 0.030000 2.223074 0.030000 4.911326 0.030000 7.225816 0.150000
4.156743 0.150000 5.647531 0.030000 2.244337 0.030000 4.855390 0.030000 6.909025 0.030000
2.814721 0.030000 6.500311 0.150000 2.216286 0.030000 4.920435 0.030000 7.307109 0.150000
2.684476 0.030000 5.678157 0.030000 2.246482 0.030000 4.889774 0.030000 6.962823 0.030000
2.800077 0.030000 5.674878 0.030000 2.247696 0.030000 4.823525 0.030000 6.931516 0.030000
3.713891 0.150000 5.639031 0.030000 2.291025 0.030000 4.867244 0.030000 6.952612 0.030000
2.735461 0.030000 5.646340 0.030000 2.218938 0.030000 4.836591 0.030000 6.955516 0.030000
2.757714 0.030000 5.714142 0.030000 2.283106 0.030000 4.844859 0.030000 6.962729 0.030000
2.766830 0.030000 5.719441 0.030000 2.332253 0.030000 5.394236 0.150000 6.933037 0.030000
2.789020 0.030000 5.679609 0.030000 2.459269 0.150000 4.949229 0.150000 6.970165 0.030000
2.831425 0.030000 5.684286 0.030000 2.285093 0.030000 4.823405 0.030000 6.938612 0.030000
2.772976 0.030000 5.845868 0.150000 2.322625 0.030000 4.830135 0.030000 7.029490 0.030000
2.779587 0.030000 5.739535 0.030000 2.262779 0.030000 4.814800 0.030000 6.976465 0.030000
2.787053 0.030000 5.805903 0.030000 2.303290 0.030000 4.821605 0.030000 6.983151 0.030000
2.779669 0.030000 5.799613 0.030000 2.309409 0.030000 4.834826 0.030000 6.941249 0.030000
2.800777 0.030000 5.789181 0.030000 2.326845 0.030000 4.807090 0.030000 6.919358 0.030000
2.769249 0.030000 5.813737 0.030000 2.326351 0.030000 4.735136 0.030000 6.960921 0.030000
2.756070 0.030000 5.804035 0.030000 2.335704 0.030000 4.763614 0.030000 6.937484 0.030000
2.851384 0.030000 6.665160 0.150000 2.512026 0.150000 4.699155 0.030000 6.907525 0.030000
3.052503 0.150000 5.823964 0.030000 2.315380 0.030000 4.697983 0.030000 6.940423 0.030000
2.867611 0.030000 5.887889 0.030000 2.332171 0.030000 4.641653 0.030000 6.945360 0.030000
2.889715 0.030000 5.863187 0.030000 2.368587 0.030000 4.916385 0.150000 6.936334 0.030000
2.875145 0.030000 5.926476 0.030000 2.333096 0.030000 4.588048 0.030000 6.950780 0.030000
2.923998 0.030000 5.964486 0.030000 2.357562 0.030000 4.604323 0.030000 6.932586 0.030000
2.970291 0.030000 5.964305 0.030000 2.334879 0.030000 4.533200 0.030000 6.893867 0.030000
3.021915 0.030000 5.913977 0.030000 2.326989 0.030000 5.427961 0.150000 6.936882 0.030000
3.019461 0.030000 6.005324 0.030000 2.333647 0.030000 4.482441 0.030000 6.864902 0.030000
3.069700 0.030000 6.038496 0.030000 2.322326 0.030000 4.445525 0.030000 6.835854 0.030000
3.048379 0.030000 6.092946 0.030000 2.320720 0.030000 4.464622 0.030000 6.853888 0.030000
3.108119 0.030000 6.050666 0.030000 2.332196 0.030000 4.399870 0.030000 6.824553 0.030000
3.144320 0.030000 6.153406 0.150000 2.263814 0.030000 4.382650 0.030000 6.782913 0.030000
3.157857 0.030000 5.974292 0.150000 2.788244 0.150000 4.385919 0.030000 6.785917 0.030000
3.180071 0.030000 6.141910 0.030000 2.242345 0.030000 4.274598 0.030000 6.720121 0.030000
3.247021 0.030000 6.089667 0.030000 2.286391 0.030000 4.288813 0.030000 6.748252 0.030000
3.228861 0.030000 6.124161 0.030000 2.306345 0.030000 4.296798 0.030000 6.669391 0.030000
3.254095 0.030000 6.102264 0.030000 2.868572 0.150000 4.181596 0.030000 6.694093 0.030000
3.302457 0.030000 6.117545 0.030000 2.237286 0.030000 4.188074 0.030000 6.665210 0.030000
3.360559 0.030000 6.126666 0.030000 2.271104 0.030000 4.170103 0.030000 6.641610 0.030000
3.326956 0.030000 6.175707 0.030000 3.745919 0.150000 4.110871 0.030000 6.608769 0.030000
3.432669 0.030000 6.211689 0.030000 2.251385 0.030000 4.109080 0.030000 6.605774 0.030000
3.379887 0.030000 6.184601 0.030000 2.245217 0.030000 4.115104 0.150000 6.563286 0.030000
3.398392 0.030000 6.248595 0.030000 2.297296 0.030000 4.055035 0.030000 6.592708 0.030000
3.486840 0.030000 6.233764 0.150000 2.287841 0.030000 4.009627 0.030000 6.541552 0.030000
3.504525 0.030000 6.319997 0.030000 2.251488 0.030000 4.017256 0.030000 6.580964 0.030000
3.541998 0.030000 6.269725 0.030000 2.682646 0.150000 4.009435 0.030000 6.536646 0.030000
3.577037 0.030000 6.297144 0.030000 2.262388 0.030000 3.921398 0.030000 6.488546 0.030000
3.572609 0.030000 6.338035 0.030000 2.251986 0.030000 3.925278 0.030000 6.468884 0.030000
3.618189 0.030000 6.345063 0.030000 2.250952 0.030000 3.893183 0.030000 6.489277 0.030000
3.636489 0.030000 6.590314 0.150000 2.281302 0.030000 3.859767 0.030000 6.493981 0.030000
3.666974 0.030000 6.356869 0.030000 2.301478 0.030000 3.861216 0.030000 6.440319 0.030000
3.970606 0.150000 6.387020 0.030000 2.338512 0.030000 3.798594 0.030000 6.469298 0.030000
3.718872 0.030000 6.399021 0.030000 2.233885 0.030000 3.797031 0.030000 6.358412 0.150000
3.822202 0.030000 6.450422 0.030000 2.335329 0.030000 3.737857 0.030000 6.397497 0.030000
3.813571 0.030000 6.388367 0.030000 2.235110 0.030000 3.700322 0.030000 6.390005 0.030000
3.819947 0.030000 6.450270 0.030000 2.287319 0.030000 3.659184 0.030000 6.305103 0.030000
3.834481 0.030000 6.622310 0.150000 2.332960 0.030000 3.601609 0.030000 6.371235 0.030000
3.858104 0.030000 6.441572 0.030000 2.274354 0.030000 3.599742 0.030000 6.315734 0.030000
3.885245 0.030000 6.499885 0.030000 2.269797 0.030000 4.552016 0.150000 6.404764 0.030000
4.196453 0.150000 6.527055 0.030000 2.281490 0.030000 3.580421 0.030000 6.330294 0.030000
3.734393 0.150000 6.522448 0.030000 2.345299 0.030000 3.542205 0.030000 6.358271 0.030000
3.946023 0.030000 6.486459 0.030000 2.478196 0.150000 3.586901 0.030000 6.277360 0.030000
3.959416 0.030000 6.547907 0.030000 2.279612 0.150000 3.550337 0.030000 6.263568 0.030000
3.968411 0.030000 6.546262 0.030000 2.316307 0.030000 3.498818 0.030000 6.318607 0.030000
3.997439 0.030000 6.562504 0.030000 2.284628 0.030000 3.482583 0.030000 6.354962 0.150000
4.037177 0.030000 6.570079 0.030000 2.303474 0.030000 4.022304 0.150000 6.268844 0.030000
4.310595 0.150000 6.582958 0.030000 2.308942 0.030000 3.460859 0.030000 6.304531 0.030000
4.061834 0.030000 6.586348 0.030000 2.338112 0.030000 3.391586 0.030000 6.203847 0.150000
4.095478 0.030000 6.590153 0.030000 2.640586 0.150000 3.444376 0.030000 6.258771 0.030000
4.136677 0.030000 6.605223 0.030000 2.370346 0.030000 3.411614 0.030000 6.246494 0.030000
4.091423 0.030000 6.582342 0.030000 2.330819 0.030000 3.364277 0.030000 6.214711 0.030000
4.104076 0.030000 6.634676 0.030000 2.316045 0.030000 3.362112 0.030000 6.220272 0.030000
4.150692 0.030000 6.625759 0.030000 2.398297 0.030000 3.166457 0.150000 6.209501 0.030000
5.308425 0.150000 6.636965 0.030000 3.118389 0.150000 3.355776 0.030000 6.209444 0.030000
4.225031 0.030000 6.672032 0.030000 2.323971 0.030000 3.345847 0.030000 6.446595 0.150000
4.175911 0.030000 6.672897 0.030000 2.336018 0.030000 3.266557 0.030000 6.177144 0.030000
4.204076 0.030000 6.681547 0.030000 2.398365 0.030000 3.281131 0.030000 6.189637 0.030000
4.253026 0.030000 6.738400 0.030000 2.405086 0.030000 3.264446 0.030000 6.151265 0.030000
4.195134 0.030000 6.718282 0.030000 2.373663 0.030000 3.298147 0.030000 6.844347 0.150000
4.235443 0.030000 7.583867 0.150000 2.348043 0.030000 3.274584 0.030000 6.212707 0.030000
4.253621 0.030000 6.691489 0.030000 2.455921 0.150000 3.230304 0.030000 6.156946 0.030000
4.268069 0.030000 6.738300 0.030000 2.400809 0.030000 3.246263 0.030000 6.082220 0.030000
4.330809 0.030000 6.745565 0.030000 2.386540 0.030000 3.246159 0.030000 6.161937 0.030000
4.311807 0.030000 6.718722 0.030000 2.423917 0.030000 3.176299 0.030000 6.103734 0.030000
4.330258 0.030000 6.780207 0.030000 2.373968 0.030000 3.204897 0.030000 6.085431 0.030000
4.315863 0.030000 6.759192 0.030000 3.385538 0.150000 3.190158 0.030000 6.096409 0.030000
4.382020 0.030000 6.814822 0.030000 2.408414 0.030000 3.155187 0.030000 6.161738 0.030000
4.328804 0.030000 6.803188 0.030000 2.449096 0.030000 3.140385 0.030000 6.077157 0.030000
4.362132 0.030000 6.757492 0.030000 2.444533 0.030000 3.149412 0.030000 6.103084 0.030000
4.403289 0.030000 6.761024 0.030000 2.398274 0.030000 3.114354 0.030000 6.073077 0.030000
4.403941 0.030000 6.709416 0.030000 2.408682 0.030000 3.483324 0.150000 6.099183 0.030000
4.396572 0.030000 7.220536 0.150000 2.442793 0.030000 3.137602 0.030000 6.024457 0.030000
4.433917 0.030000 6.747073 0.030000 2.830320 0.150000 3.166857 0.030000 6.079406 0.030000
4.356776 0.030000 6.934122 0.150000 2.397776 0.030000 3.084172 0.030000 6.050439 0.030000
4.400084 0.030000 6.767200 0.030000 2.394938 0.030000 3.089545 0.030000 6.091248 0.030000
4.594720 0.150000 6.786939 0.030000 2.418727 0.030000 3.107350 0.030000 6.049203 0.030000
4.428202 0.030000 6.776630 0.030000 3.160748 0.150000 3.074053 0.030000 6.000486 0.030000
4.451139 0.030000 6.752972 0.030000 2.392572 0.030000 3.168408 0.030000 6.062689 0.030000
4.385436 0.030000 6.764348 0.030000 2.361955 0.030000 3.065463 0.030000 5.997937 0.030000
4.392487 0.030000 6.759042 0.030000 2.406907 0.030000 3.132209 0.030000 5.980674 0.030000
4.472388 0.030000 6.761417 0.030000 2.362985 0.030000 3.152885 0.030000 5.981218 0.030000
4.427897 0.030000 6.769748 0.030000 2.401857 0.030000 3.078681 0.030000 5.907976 0.030000
4.361740 0.030000 6.742175 0.030000 2.314146 0.030000 3.060916 0.030000 5.932146 0.030000
4.421009 0.030000 6.696372 0.030000 2.293841 0.030000 3.070958 0.030000 5.922663 0.030000
4.569193 0.150000 6.712641 0.030000 2.339790 0.030000 3.048122 0.030000 5.940156 0.030000
4.484892 0.030000 6.798208 0.150000 2.309967 0.030000 3.093125 0.030000 5.848412 0.030000
4.532497 0.030000 6.700604 0.030000 2.274739 0.030000 3.053071 0.030000 5.839752 0.030000
4.560402 0.030000 6.688439 0.030000 2.180416 0.030000 3.114310 0.030000 5.825765 0.030000
4.544449 0.030000 6.637830 0.030000 2.170321 0.030000 3.091835 0.030000 5.800513 0.030000
4.522050 0.030000 6.628920 0.030000 2.217540 0.030000 3.099910 0.030000 7.474355 0.150000
4.521580 0.030000 7.118460 0.150000 2.127266 0.030000 3.179877 0.030000 5.808956 0.030000
4.558781 0.030000 6.573486 0.030000 2.128069 0.030000 3.442425 0.150000 5.682087 0.030000
4.536447 0.030000 6.570571 0.030000 2.092069 0.030000 3.161938 0.030000 5.679511 0.030000
4.625667 0.030000 6.502864 0.030000 2.060503 0.030000 3.177603 0.030000 5.681872 0.030000
4.597628 0.030000 6.555719 0.030000 2.047359 0.030000 3.113609 0.030000 5.630211 0.030000
4.620220 0.030000 6.482205 0.030000 2.025743 0.030000 3.176225 0.030000 6.640539 0.150000
4.612884 0.030000 7.077125 0.150000 1.982916 0.030000 3.177540 0.030000 5.549911 0.150000
4.592058 0.030000 6.464984 0.030000 1.976852 0.030000 3.218071 0.030000 5.572265 0.030000
4.589009 0.030000 6.441230 0.030000 1.944314 0.030000 3.239525 0.030000 5.515139 0.030000
4.607772 0.030000 6.398863 0.030000 1.954123 0.030000 3.491032 0.150000 5.849556 0.150000
4.933705 0.150000 6.368491 0.030000 1.885354 0.030000 3.303123 0.030000 5.528682 0.030000
4.620410 0.030000 6.321096 0.030000 1.856370 0.030000 3.204744 0.030000 5.470185 0.030000
4.659977 0.030000 6.643057 0.150000 1.846055 0.030000 3.312962 0.030000 5.440414 0.030000
4.819403 0.150000 6.304899 0.030000 1.834973 0.030000 3.321170 0.030000 5.406618 0.030000
4.679178 0.030000 6.500694 0.150000 1.819503 0.030000 3.315169 0.030000 5.361824 0.030000
4.641410 0.030000 6.279570 0.030000 2.148468 0.150000 3.311681 0.030000 5.313077 0.030000
4.687881 0.030000 6.259416 0.030000 1.694414 0.030000 3.307853 0.030000 5.316756 0.030000
4.718542 0.030000 6.254201 0.030000 1.717731 0.030000 3.321714 0.030000 5.262313 0.030000
4.723760 0.030000 6.153286 0.030000 1.707527 0.030000 3.391461 0.030000 5.306381 0.030000
4.722502 0.030000 6.177181 0.030000 1.692455 0.030000 3.381629 0.030000 5.284577 0.030000
4.735735 0.030000 6.175631 0.030000 1.594879 0.030000 3.384839 0.030000 5.218995 0.030000
4.780589 0.030000 6.190419 0.030000 1.580183 0.030000 3.440344 0.030000 5.422627 0.150000
4.710130 0.030000 6.089630 0.030000 1.652664 0.030000 3.959686 0.150000 5.559097 0.150000
4.718186 0.030000 6.146672 0.030000 1.573118 0.030000 3.437569 0.030000 5.158549 0.030000
5.290743 0.150000 6.109407 0.030000 1.549297 0.030000 3.382731 0.030000 5.368458 0.150000
4.902610 0.150000 6.013350 0.030000 1.488535 0.030000 3.455361 0.030000 5.401268 0.150000
4.761463 0.030000 6.064784 0.030000 1.500427 0.030000 3.469092 0.030000 5.161398 0.030000
4.820686 0.030000 6.044343 0.030000 1.475725 0.030000 3.473386 0.030000 5.113403 0.030000
4.878948 0.030000 6.035318 0.030000 2.097025 0.150000 3.499096 0.030000 5.029815 0.030000
4.829506 0.030000 6.028652 0.030000 1.432046 0.030000 3.509127 0.030000 4.998759 0.030000
4.819998 0.030000 5.996017 0.030000 1.398247 0.030000 3.561489 0.030000 4.989396 0.030000
4.884656 0.030000 5.935712 0.030000 1.347617 0.030000 3.519904 0.030000 4.960207 0.030000
4.812804 0.030000 5.919119 0.030000 1.336779 0.030000 3.619286 0.030000 4.961327 0.030000
4.882982 0.030000 5.949556 0.030000 1.348834 0.030000 3.584951 0.030000 5.385130 0.150000
4.901334 0.030000 5.864838 0.030000 1.290247 0.030000 3.611416 0.030000 4.876023 0.030000
4.860973 0.030000 5.838269 0.030000 1.286368 0.030000 3.573787 0.030000 4.888036 0.030000
4.895788 0.030000 5.897907 0.030000 1.370678 0.030000 3.671265 0.030000 4.850586 0.030000
4.909760 0.030000 6.078642 0.150000 1.264413 0.030000 3.646018 0.030000 4.946436 0.150000
4.930960 0.030000 5.776041 0.030000 1.193637 0.030000 3.694171 0.030000 4.774616 0.030000
4.955082 0.030000 5.793500 0.030000 1.245886 0.030000 3.762690 0.030000 4.745318 0.030000
4.959049 0.030000 5.763683 0.030000 1.441885 0.150000 3.713666 0.030000 4.730428 0.030000
4.990261 0.030000 5.765316 0.030000 1.228633 0.030000 3.752796 0.030000 4.738697 0.030000
5.002109 0.030000 5.692732 0.030000 1.202492 0.030000 3.754006 0.030000 4.702491 0.030000
4.984145 0.030000 5.729214 0.030000 1.103120 0.030000 3.951395 0.150000 4.687044 0.030000
5.014205 0.030000 5.684877 0.030000 1.165470 0.030000 3.806582 0.030000 4.670847 0.030000
5.043622 0.030000 5.637737 0.030000 1.113372 0.030000 3.782492 0.030000 4.637974 0.030000
5.025753 0.030000 5.630947 0.030000 1.089041 0.030000 3.812398 0.030000 4.586593 0.030000
5.025040 0.030000 5.607671 0.030000 1.101071 0.030000 3.842919 0.030000 4.555603 0.030000
5.080313 0.030000 5.812981 0.150000 1.065314 0.150000 3.978617 0.150000 4.572576 0.030000
5.113071 0.030000 5.585200 0.030000 1.043419 0.030000 3.931154 0.030000 4.542422 0.030000
5.119776 0.030000 5.548218 0.030000 1.024548 0.030000 3.903331 0.030000 4.495739 0.030000
5.098556 0.030000 5.599309 0.030000 1.069456 0.030000 3.923385 0.030000 4.466395 0.030000
5.099892 0.030000 5.528376 0.030000 1.038989 0.030000 3.956052 0.030000 4.486609 0.030000
5.120062 0.030000 5.512702 0.030000 1.027411 0.030000 3.976868 0.030000 4.453049 0.030000
5.177309 0.030000 5.556194 0.030000 0.983706 0.030000 3.959551 0.030000 4.427236 0.030000
5.192620 0.030000 5.515008 0.030000 1.021809 0.030000 4.452273 0.150000 4.408993 0.030000
5.212022 0.030000 5.443914 0.030000 0.984512 0.030000 4.551261 0.150000 4.367585 0.030000
5.216958 0.030000 5.439453 0.030000 0.958096 0.030000 3.973310 0.030000 4.314713 0.030000
5.255414 0.030000 5.408981 0.030000 0.918440 0.030000 4.279473 0.150000 4.299391 0.030000
5.238536 0.030000 5.422321 0.030000 0.988198 0.030000 4.043918 0.030000 4.274934 0.030000
5.295383 0.030000 5.407182 0.030000 0.949167 0.030000 4.358605 0.150000 4.280027 0.030000
5.295209 0.030000 5.380393 0.030000 0.969756 0.030000 4.095309 0.030000 4.250805 0.030000
5.278087 0.030000 5.398231 0.030000 0.909825 0.030000 4.125283 0.030000 4.244511 0.030000
5.370046 0.030000 5.335380 0.030000 0.890981 0.030000 4.144381 0.030000 4.155305 0.030000
5.337941 0.030000 5.287199 0.030000 0.975311 0.030000 5.046939 0.150000 4.238786 0.030000
5.349376 0.030000 5.288575 0.030000 0.920092 0.030000 4.215947 0.030000 4.146157 0.030000
5.350559 0.030000 5.315018 0.030000 0.894846 0.030000 4.190110 0.030000 4.151362 0.030000
6.212866 0.150000 5.257467 0.030000 0.882442 0.030000 4.290610 0.030000 4.989182 0.150000
5.461194 0.150000 5.213649 0.030000 0.943821 0.030000 4.235154 0.030000 4.071185 0.030000
5.423691 0.030000 5.249017 0.030000 0.991426 0.030000 4.295879 0.030000 4.114686 0.030000
5.447593 0.030000 5.241589 0.030000 0.994351 0.030000 4.273455 0.030000 4.038727 0.030000
6.366803 0.150000 6.111830 0.150000 0.987783 0.030000 4.382755 0.030000 4.051891 0.030000
5.472103 0.030000 5.224402 0.030000 0.919364 0.030000 4.380875 0.030000 4.016990 0.030000
5.446073 0.030000 5.138603 0.030000 0.979480 0.030000 4.398977 0.030000 3.957042 0.030000
5.577757 0.030000 5.149365 0.030000 1.006386 0.030000 4.417765 0.030000 3.666610 0.150000
5.612555 0.030000 5.162983 0.030000 0.961236 0.030000 4.413005 0.030000 3.963896 0.030000
5.589151 0.030000 5.157895 0.030000 1.007372 0.030000 4.398453 0.030000 3.919681 0.030000
5.595772 0.030000 5.129218 0.030000 1.061706 0.030000 4.445664 0.030000 4.119186 0.150000
5.604602 0.030000 5.104011 0.030000 1.349744 0.150000 5.018307 0.150000 3.922937 0.030000
5.645461 0.030000 5.099420 0.030000 1.065352 0.030000 4.567218 0.030000 3.890167 0.030000
5.603937 0.030000 5.085292 0.030000 1.051330 0.030000 4.542460 0.030000 3.900200 0.030000
5.640489 0.030000 5.245372 0.150000 1.059606 0.030000 4.591501 0.030000 3.849661 0.030000
5.650851 0.030000 4.990709 0.030000 1.058062 0.030000 4.567001 0.030000 3.801454 0.030000
5.715750 0.030000 5.048071 0.030000 1.144978 0.030000 4.632119 0.030000 3.821646 0.030000
5.713291 0.030000 4.975081 0.030000 1.464319 0.150000 4.588270 0.030000 3.765908 0.030000
5.764781 0.030000 4.998833 0.030000 1.152892 0.150000 5.324282 0.150000 3.736952 0.030000
5.779952 0.030000 5.006564 0.030000 1.119845 0.030000 4.706957 0.030000 3.807880 0.030000
5.752553 0.030000 4.939164 0.030000 1.101288 0.150000 4.717688 0.030000 3.716571 0.030000
5.890173 0.150000 4.994225 0.030000 1.184517 0.030000 4.738510 0.030000 3.672651 0.030000
5.828930 0.030000 4.942576 0.030000 1.168093 0.030000 4.790147 0.030000 3.654945 0.030000
5.757059 0.030000 4.818068 0.150000 1.391325 0.150000 4.789027 0.030000 3.647977 0.030000
5.841120 0.150000 5.290774 0.150000 1.208981 0.030000 4.828457 0.030000 3.607747 0.030000
7.003618 0.150000 4.908549 0.030000 1.270542 0.030000 4.824167 0.030000 3.601963 0.030000
5.952584 0.030000 4.825456 0.030000 1.274101 0.030000 4.855237 0.030000 3.619616 0.030000
5.861594 0.030000 4.891860 0.030000 1.328522 0.030000 4.867070 0.030000 3.616672 0.030000
5.882600 0.030000 4.876685 0.030000 1.306291 0.030000 4.864881 0.030000 3.584394 0.030000
5.940535 0.030000 4.886982 0.030000 1.732094 0.150000 4.934558 0.030000 4.239094 0.150000
5.916330 0.030000 4.895754 0.030000 1.709443 0.150000 5.427629 0.150000 3.503272 0.030000
5.977545 0.030000 4.956214 0.150000 1.370256 0.030000 4.898497 0.030000 3.502246 0.030000
6.022510 0.030000 4.801502 0.030000 1.366303 0.030000 4.938443 0.030000 3.530872 0.030000
6.020428 0.030000 4.853342 0.030000 1.460387 0.030000 4.998694 0.030000 3.465275 0.030000
6.047445 0.030000 5.473172 0.150000 1.538287 0.150000 5.043037 0.030000 3.512351 0.030000
6.070852 0.030000 4.772403 0.030000 2.489426 0.150000 5.029564 0.030000 3.463296 0.030000
6.178660 0.150000 4.812668 0.030000 1.513445 0.030000 5.111090 0.030000 3.405754 0.030000
6.121939 0.030000 4.740664 0.030000 1.515129 0.030000 5.129064 0.030000 3.365637 0.030000
6.357875 0.150000 4.719594 0.030000 1.509865 0.030000 5.160008 0.030000 3.435001 0.030000
6.114530 0.030000 4.744742 0.030000 1.549978 0.030000 5.295406 0.150000 3.342666 0.030000
6.464615 0.150000 4.737375 0.030000 1.585826 0.030000 5.156313 0.030000 3.385130 0.030000
6.184194 0.030000 4.746420 0.030000 1.602328 0.030000 5.219086 0.030000 3.333196 0.030000
6.186173 0.030000 4.709250 0.030000 1.602998 0.030000 5.243507 0.030000 3.286045 0.030000
6.264709 0.030000 5.307229 0.150000 1.643479 0.030000 5.294603 0.030000 3.288960 0.030000
6.238428 0.030000 4.641630 0.030000 1.720921 0.030000 5.278568 0.030000 3.543316 0.150000
6.291170 0.030000 4.637844 0.030000 1.671793 0.030000 5.316428 0.030000 3.344761 0.150000
6.363592 0.150000 4.661709 0.030000 1.680162 0.030000 5.476802 0.150000 3.270775 0.030000
6.356297 0.030000 4.664187 0.030000 1.788542 0.030000 5.383737 0.030000 3.213717 0.030000
6.298066 0.030000 4.649148 0.030000 1.781711 0.030000 5.344992 0.030000 3.284034 0.030000
6.376306 0.030000 4.629869 0.030000 1.810341 0.030000 5.402932 0.030000 3.878267 0.150000
6.363952 0.030000 4.638730 0.030000 1.822848 0.030000 5.392104 0.030000 3.209128 0.030000
6.379906 0.030000 4.644879 0.030000 2.082504 0.150000 5.400837 0.030000 3.214849 0.030000
6.425332 0.030000 4.630411 0.030000 2.080478 0.150000 5.463532 0.030000 3.193225 0.030000
6.453346 0.030000 4.599306 0.030000 1.884778 0.030000 5.453859 0.030000 3.192611 0.030000
6.390231 0.030000 4.627640 0.030000 1.870589 0.030000 5.541907 0.030000 3.174445 0.030000
6.413019 0.030000 4.577541 0.030000 1.927114 0.030000 5.552810 0.030000 4.263168 0.150000
6.491878 0.030000 4.570547 0.030000 1.956575 0.030000 5.542857 0.030000 3.164843 0.030000
6.519657 0.030000 4.612429 0.030000 1.974951 0.030000 5.534072 0.030000 3.161365 0.030000
6.473127 0.030000 4.596848 0.030000 1.990042 0.030000 5.640874 0.030000 3.124064 0.030000
6.515122 0.030000 4.584524 0.030000 2.042771 0.030000 5.611708 0.030000 3.115912 0.030000
6.516664 0.030000 4.580511 0.030000 2.061994 0.030000 5.654041 0.150000 3.171059 0.030000
6.542028 0.030000 4.548355 0.030000 3.175754 0.150000 5.631285 0.030000 3.120164 0.030000
6.544512 0.030000 4.529073 0.030000 2.062572 0.030000 5.654339 0.030000 3.095374 0.030000
6.567079 0.030000 4.531494 0.030000 2.028579 0.030000 5.701531 0.030000 3.131514 0.030000
6.593793 0.030000 4.576555 0.030000 2.047064 0.030000 5.648331 0.030000 3.091901 0.030000
6.602242 0.030000 4.567238 0.030000 2.135392 0.030000 5.641822 0.030000 3.103963 0.030000
6.537194 0.030000 4.514187 0.030000 2.113371 0.030000 5.663573 0.030000 3.049352 0.030000
6.568090 0.030000 4.569535 0.030000 2.154839 0.030000 5.717690 0.030000 3.070890 0.150000
6.591863 0.030000 4.560158 0.030000 2.153131 0.030000 5.902006 0.150000 3.112206 0.030000
6.642852 0.030000 4.538301 0.030000 2.194558 0.030000 5.748209 0.030000 3.005558 0.030000
6.985508 0.150000 4.534537 0.150000 2.148308 0.030000 5.750503 0.030000 3.045555 0.030000
6.728765 0.030000 4.481370 0.030000 2.214388 0.030000 5.747933 0.030000 3.054253 0.030000
6.658152 0.030000 4.536346 0.030000 2.166326 0.030000 5.752948 0.030000 2.996109 0.030000
6.657521 0.030000 4.516285 0.030000 2.162172 0.030000 5.781387 0.030000 3.013523 0.030000
6.723810 0.030000 4.537350 0.030000 2.195101 0.030000 5.772671 0.030000 3.099742 0.030000
6.747614 0.030000 4.497288 0.030000 2.232759 0.030000 6.230317 0.150000 3.016912 0.030000
6.733446 0.030000 4.545161 0.030000 2.238440 0.030000 5.810027 0.030000 3.317979 0.150000
6.699708 0.030000 4.528378 0.030000 2.293991 0.030000 5.783688 0.030000 3.036811 0.030000
6.697991 0.030000 4.548827 0.030000 2.236541 0.030000 5.857140 0.030000 3.013440 0.030000
6.718078 0.030000 4.504345 0.030000 2.268830 0.030000 5.793546 0.150000 3.023928 0.030000
6.668653 0.150000 4.512734 0.030000 2.250250 0.150000 5.817757 0.030000 3.058289 0.030000
6.750175 0.030000 4.541404 0.030000 2.263896 0.030000 5.853281 0.030000 3.088819 0.030000
6.791044 0.030000 4.509554 0.030000 2.313583 0.030000 5.851094 0.030000 3.076163 0.030000
6.787395 0.030000 4.546020 0.030000 2.311410 0.030000 5.845376 0.030000 3.011006 0.030000
6.775373 0.030000 4.567244 0.030000 2.321452 0.030000 5.847526 0.030000 2.941176 0.030000
6.769781 0.030000 4.530497 0.030000 2.655944 0.150000 5.883152 0.030000 3.010271 0.030000
6.815113 0.030000 4.540846 0.030000 2.289800 0.030000 5.880215 0.030000 2.959638 0.030000
6.829887 0.030000 4.536326 0.030000 2.330551 0.030000 5.864962 0.030000 2.964998 0.030000
6.814375 0.030000 4.492704 0.030000 2.334430 0.030000 5.892475 0.030000 2.953082 0.030000
6.788611 0.030000 4.497042 0.030000 2.347602 0.030000 5.882387 0.030000 2.943755 0.030000
6.894964 0.030000 4.598908 0.030000 2.358513 0.030000 5.898516 0.030000 2.983131 0.030000
7.155880 0.150000 4.575861 0.030000 2.375100 0.030000 5.884252 0.030000 2.911263 0.030000
6.852904 0.030000 4.411197 0.150000 2.317615 0.030000 5.924793 0.030000 2.969129 0.030000
6.836368 0.030000 4.638972 0.030000 2.346735 0.030000 5.853616 0.030000 2.896785 0.030000
6.936051 0.030000 4.583726 0.030000 2.365050 0.030000 5.938650 0.030000 2.892256 0.030000
6.901676 0.030000 4.552434 0.030000 2.460931 0.030000 5.861903 0.030000 2.908760 0.030000
6.913408 0.030000 4.605365 0.030000 2.516227 0.030000 5.890328 0.030000 2.849033 0.030000
7.492395 0.150000 4.665635 0.030000 2.463882 0.030000 5.915349 0.030000 2.791571 0.030000
7.063634 0.030000 4.669772 0.030000 2.508453 0.030000 5.883834 0.030000 2.785179 0.030000
7.011928 0.030000 4.660878 0.030000 2.512501 0.030000 5.882282 0.030000 2.757143 0.030000
7.023555 0.030000 4.690827 0.030000 2.575991 0.030000 5.835791 0.030000 2.704229 0.030000
7.052063 0.030000 4.759214 0.030000 2.579252 0.030000 5.960446 0.030000 2.680308 0.030000
7.031325 0.030000 4.779438 0.030000 2.519204 0.030000 5.912129 0.030000 2.733870 0.030000
7.124023 0.030000 4.799207 0.030000 2.602201 0.030000 6.076122 0.150000 2.675121 0.030000
7.143190 0.030000 4.840790 0.030000 2.604267 0.030000 5.834704 0.030000 2.649134 0.030000
7.139894 0.030000 4.861200 0.030000 2.661342 0.030000 5.771715 0.030000 2.608593 0.030000
7.134595 0.030000 4.845291 0.030000 2.978333 0.150000 5.835336 0.030000 2.586270 0.030000
7.203999 0.030000 4.919782 0.030000 2.668338 0.030000 5.798120 0.030000 2.583353 0.030000
7.145673 0.030000 4.961500 0.150000 2.658487 0.030000 5.797601 0.030000 2.527135 0.030000
7.230309 0.030000 4.898819 0.030000 2.711898 0.030000 6.176583 0.150000 2.482833 0.030000
7.167389 0.030000 4.924235 0.030000 2.741057 0.030000 5.754025 0.030000 2.767791 0.150000
7.262374 0.030000 5.078244 0.030000 2.907053 0.150000 5.765835 0.030000 2.146628 0.150000
7.286938 0.030000 5.038247 0.030000 2.776653 0.030000 5.972117 0.150000 2.404888 0.030000
7.254206 0.030000 6.014610 0.150000 2.753743 0.030000 5.743558 0.030000 2.344332 0.030000
7.310525 0.030000 5.152602 0.030000 2.760220 0.030000 5.699897 0.030000 2.316087 0.030000
7.346390 0.030000 5.131131 0.030000 2.755707 0.030000 5.779829 0.030000 2.327781 0.030000
7.385059 0.030000 5.219533 0.030000 2.803410 0.030000 5.672387 0.030000 2.611614 0.150000
7.355494 0.030000 5.196437 0.030000 2.861876 0.030000 5.660190 0.030000 2.279377 0.030000
7.384995 0.030000 5.196004 0.030000 2.843858 0.030000 5.646597 0.030000 2.221177 0.030000
7.460622 0.030000 5.267499 0.030000 2.865084 0.030000 5.720273 0.030000 2.218987 0.030000
7.464176 0.030000 5.315955 0.030000 2.881570 0.030000 5.629438 0.030000 2.148906 0.030000
7.446376 0.030000 5.395777 0.030000 2.899233 0.030000 5.640232 0.030000 2.119700 0.030000
7.403405 0.030000 5.437066 0.030000 2.902208 0.030000 5.615877 0.030000 2.094567 0.030000
7.479798 0.150000 5.396691 0.030000 2.952750 0.030000 5.623786 0.030000 2.063064 0.030000
7.547605 0.030000 5.375061 0.030000 3.004821 0.030000 5.650640 0.030000 2.041286 0.030000
7.591574 0.030000 5.412359 0.030000 3.994401 0.150000 5.622593 0.030000 1.998575 0.030000
7.569004 0.030000 5.492692 0.030000 3.004977 0.030000 5.582410 0.030000 2.066545 0.030000
7.649750 0.030000 5.485738 0.030000 3.006155 0.030000 5.651363 0.030000 1.946001 0.030000
7.609682 0.030000 5.563839 0.030000 3.060098 0.030000 5.620374 0.030000 1.931048 0.030000
7.633941 0.030000 5.597293 0.030000 3.103536 0.030000 5.627768 0.030000 1.916330 0.030000
7.706357 0.030000 5.584645 0.030000 3.048980 0.030000 5.517618 0.030000 1.900103 0.030000
7.721554 0.030000 5.610431 0.030000 3.086592 0.030000 5.548428 0.030000 1.870232 0.030000
7.729205 0.030000 5.614619 0.030000 3.149043 0.030000 5.578364 0.030000 1.839076 0.030000
7.720593 0.030000 5.741423 0.030000 3.131234 0.030000 5.575319 0.030000 1.856165 0.030000
7.754418 0.030000 5.646499 0.030000 3.105664 0.030000 5.516019 0.030000 1.797757 0.030000
7.762923 0.030000 5.703825 0.030000 3.184471 0.030000 5.528084 0.030000 1.811823 0.030000
7.745510 0.030000 5.742629 0.030000 3.911235 0.150000 5.528999 0.150000 1.761415 0.030000
7.986975 0.150000 5.767186 0.030000 3.224774 0.030000 5.493010 0.030000 1.736288 0.030000
7.727908 0.030000 5.719290 0.030000 3.201478 0.030000 5.555194 0.030000 1.728376 0.030000
7.814356 0.030000 5.776720 0.030000 3.733075 0.150000 5.480113 0.030000 1.664438 0.030000
7.798606 0.030000 5.768583 0.030000 3.233750 0.030000 5.536284 0.030000 1.637486 0.030000
7.874830 0.030000 5.816137 0.030000 3.255899 0.030000 5.513023 0.030000 1.633865 0.030000
7.855542 0.030000 5.789365 0.030000 3.283974 0.030000 5.481402 0.030000 1.714769 0.030000
7.901200 0.030000 5.883017 0.030000 3.224706 0.030000 5.532082 0.030000 1.659591 0.030000
7.875783 0.030000 5.855099 0.030000 3.268616 0.030000 5.430946 0.030000 1.615149 0.030000
7.965615 0.030000 5.920094 0.030000 3.276076 0.030000 5.434889 0.030000 1.647941 0.030000
7.903239 0.030000 5.940698 0.030000 3.296062 0.030000 5.496967 0.030000 1.556726 0.030000
7.943518 0.030000 5.872945 0.030000 3.345325 0.030000 5.451356 0.030000 1.596819 0.030000
7.893734 0.030000 5.914731 0.030000 3.331244 0.030000 5.492112 0.030000 1.580085 0.030000
7.946869 0.030000 5.964054 0.030000 3.322941 0.030000 5.360781 0.030000 1.591292 0.030000
7.988946 0.030000 5.958242 0.030000 3.358184 0.030000 5.508278 0.030000 1.539733 0.030000
8.036245 0.030000 5.972944 0.030000 3.342900 0.030000 5.402629 0.030000 1.507771 0.030000
7.966791 0.030000 6.015900 0.030000 3.419602 0.030000 5.465688 0.030000 1.510573 0.030000
8.011261 0.030000 6.003044 0.030000 3.409666 0.030000 5.440151 0.030000 1.517465 0.030000
7.972399 0.030000 6.712403 0.150000 3.380767 0.030000 5.454261 0.030000 1.548153 0.030000
8.033831 0.030000 5.994678 0.030000 3.426752 0.030000 5.498815 0.030000 1.440951 0.030000
8.093885 0.150000 6.016452 0.030000 3.431324 0.030000 5.431766 0.030000 1.453203 0.030000
7.985000 0.030000 6.050269 0.030000 3.410073 0.030000 5.434353 0.030000 1.496217 0.030000
8.080318 0.030000 6.100281 0.030000 3.409933 0.030000 5.443114 0.030000 1.462828 0.030000
8.027351 0.030000 6.085720 0.030000 3.381287 0.030000 5.392422 0.030000 1.439620 0.030000
8.115433 0.030000 6.079999 0.030000 3.431790 0.030000 5.429493 0.030000 1.491309 0.030000
8.015273 0.030000 6.100826 0.030000 3.442149 0.030000 5.405890 0.030000 1.449380 0.030000
8.063273 0.030000 6.693115 0.150000 3.445498 0.030000 5.444700 0.030000 1.471505 0.030000
8.047794 0.030000 6.528123 0.150000 3.467861 0.030000 5.766440 0.150000 1.500649 0.030000
8.071206 0.030000 6.414381 0.150000 3.478896 0.030000 5.478151 0.030000 1.417331 0.030000
8.057956 0.030000 6.115130 0.030000 4.009569 0.150000 5.967177 0.150000 1.414132 0.030000
8.352270 0.150000 6.118924 0.030000 3.411947 0.030000 5.364944 0.030000 1.435844 0.030000
8.082529 0.030000 6.129191 0.030000 3.470028 0.030000 5.421273 0.030000 1.450928 0.030000
8.033344 0.030000 6.157152 0.030000 3.471800 0.030000 5.350331 0.030000 1.367323 0.030000
8.103510 0.030000 6.202736 0.030000 3.446187 0.030000 5.343813 0.030000 1.449045 0.030000
8.075940 0.030000 6.129997 0.030000 3.460576 0.030000 5.391628 0.030000 1.445398 0.030000
8.110149 0.030000 6.154636 0.030000 3.446828 0.030000 5.396077 0.030000 1.446109 0.030000
8.060669 0.030000 6.205101 0.030000 3.387085 0.030000 5.353438 0.030000 1.403638 0.030000
8.026390 0.030000 6.200083 0.030000 3.427173 0.030000 5.386186 0.030000 1.459281 0.030000
8.103232 0.030000 6.196507 0.030000 3.445483 0.030000 5.353833 0.030000 1.440979 0.030000
8.125779 0.150000 6.133535 0.030000 3.410097 0.030000 5.293995 0.030000 1.414530 0.030000
8.510288 0.150000 6.192649 0.030000 3.451690 0.030000 5.237902 0.030000 1.778671 0.150000
8.065739 0.030000 6.630525 0.150000 3.411983 0.030000 5.249311 0.030000 1.383354 0.030000
8.065674 0.030000 6.253620 0.030000 3.451887 0.030000 5.293845 0.030000 1.778024 0.150000
8.011504 0.030000 6.221061 0.030000 3.466029 0.030000 5.268625 0.030000 1.803393 0.150000
8.053262 0.030000 6.247432 0.030000 3.386498 0.030000 5.240843 0.030000 1.474957 0.030000
7.997381 0.030000 6.403209 0.150000 3.392971 0.030000 5.154580 0.030000 1.472668 0.030000
8.004741 0.030000 7.032465 0.150000 3.383329 0.030000 5.488296 0.150000 1.486239 0.030000
7.972343 0.030000 6.270838 0.030000 3.580363 0.150000 5.106048 0.030000 1.539803 0.030000
7.973453 0.030000 6.355266 0.150000 3.336792 0.030000 5.080615 0.030000 1.549485 0.030000
7.922376 0.030000 6.273780 0.030000 3.295296 0.030000 5.056254 0.030000 1.621269 0.030000
7.912296 0.030000 6.292951 0.030000 3.351095 0.030000 4.980669 0.030000 1.559617 0.030000
7.863975 0.030000 6.280944 0.030000 3.296425 0.030000 4.992467 0.030000 1.616919 0.030000
7.897437 0.030000 6.258765 0.030000 3.249950 0.030000 4.956137 0.030000 1.630391 0.030000
7.815591 0.030000 6.292109 0.030000 3.214665 0.030000 4.940202 0.030000 1.650473 0.030000
7.803058 0.030000 6.316943 0.030000 3.214604 0.030000 4.944639 0.030000 1.725587 0.030000
7.776302 0.030000 6.274412 0.030000 3.275707 0.030000 4.919088 0.030000 1.746815 0.030000
7.738028 0.030000 6.575028 0.150000 3.230641 0.030000 4.839713 0.030000 1.771177 0.030000
7.774940 0.030000 6.390009 0.150000 3.199690 0.030000 4.784258 0.030000 1.752231 0.030000
7.735471 0.030000 6.309451 0.030000 3.191408 0.030000 4.836454 0.030000 1.771823 0.030000
7.742099 0.030000 6.357053 0.030000 3.126429 0.030000 4.772814 0.030000 1.795795 0.030000
7.709279 0.030000 6.321901 0.030000 3.183333 0.030000 4.751940 0.030000 1.872696 0.030000
7.723684 0.030000 6.335144 0.030000 3.140545 0.030000 4.738832 0.030000 1.865913 0.030000
7.674123 0.030000 6.294744 0.030000 3.069295 0.030000 4.723175 0.030000 1.872732 0.030000
7.570251 0.030000 6.326989 0.030000 3.089554 0.030000 4.698569 0.030000 1.908732 0.030000
7.890685 0.150000 6.398637 0.030000 3.047227 0.030000 4.614508 0.030000 1.910321 0.030000
7.569531 0.030000 6.362388 0.030000 3.124419 0.030000 4.953846 0.150000 1.986081 0.030000
7.612206 0.030000 6.384491 0.030000 2.994444 0.030000 4.579196 0.030000 2.000426 0.030000
7.605114 0.030000 6.366828 0.030000 3.026124 0.030000 4.532325 0.030000 2.047999 0.030000
7.544031 0.030000 6.379637 0.030000 2.948256 0.030000 4.469893 0.030000 2.053004 0.030000
7.948443 0.150000 6.350868 0.030000 2.975464 0.030000 4.499722 0.030000 2.046034 0.030000
7.543789 0.030000 6.297269 0.030000 2.929777 0.030000 4.451140 0.030000 2.088155 0.030000
7.556018 0.030000 6.351672 0.030000 2.940706 0.030000 4.417231 0.030000 2.356232 0.150000
7.478479 0.030000 6.392686 0.030000 2.904486 0.030000 4.930633 0.150000 2.093763 0.030000
7.478071 0.030000 6.428482 0.030000 2.946236 0.030000 4.324614 0.030000 2.176622 0.030000
7.426123 0.030000 6.399115 0.030000 2.851769 0.030000 4.329483 0.030000 2.237064 0.030000
7.518315 0.030000 6.490579 0.030000 2.916318 0.030000 4.290781 0.030000 2.205668 0.030000
7.397004 0.030000 6.408851 0.030000 2.882602 0.030000 4.422786 0.150000 2.187959 0.030000
7.396842 0.030000 6.400239 0.030000 2.911729 0.030000 5.317292 0.150000 2.284819 0.030000
7.361428 0.030000 6.437250 0.030000 2.867202 0.030000 4.198772 0.030000 2.474666 0.150000
7.585305 0.150000 6.437128 0.030000 2.902716 0.030000 4.156090 0.030000 2.311547 0.030000
7.294670 0.030000 6.467437 0.030000 2.877587 0.150000 4.175295 0.030000 2.351623 0.030000
7.314383 0.030000 6.424948 0.030000 2.820676 0.030000 4.167313 0.030000 2.390308 0.030000
7.274683 0.030000 6.479905 0.030000 2.776747 0.030000 4.121709 0.030000 2.404659 0.030000
7.283138 0.030000 6.519592 0.030000 2.690406 0.150000 4.064376 0.030000 2.451854 0.030000
7.223393 0.030000 6.506941 0.030000 2.810341 0.030000 4.061105 0.030000 2.448995 0.030000
7.288292 0.030000 6.517628 0.030000 2.773243 0.030000 3.975893 0.030000 2.525464 0.030000
7.203949 0.150000 6.485665 0.030000 2.799511 0.030000 3.936572 0.030000 2.502368 0.030000
7.258587 0.030000 6.492426 0.030000 3.162605 0.150000 3.949809 0.030000 2.574241 0.030000
8.425556 0.150000 6.480957 0.030000 2.741951 0.030000 3.965080 0.030000 2.577575 0.030000
7.186675 0.030000 6.572183 0.030000 2.766065 0.030000 3.880443 0.030000 2.615111 0.030000
7.182025 0.030000 6.570233 0.030000 2.743176 0.030000 3.913148 0.030000 2.615990 0.030000
7.189876 0.030000 6.591387 0.030000 2.782036 0.030000 3.810024 0.030000 2.660548 0.030000
7.136118 0.030000 6.556302 0.030000 2.749996 0.030000 3.831484 0.030000 2.660828 0.030000
7.137527 0.030000 6.537398 0.030000 2.744318 0.030000 3.728729 0.030000 2.705052 0.030000
7.090131 0.030000 6.592018 0.030000 2.601724 0.150000 3.752674 0.030000 2.776197 0.030000
7.083485 0.030000 6.605750 0.030000 2.722648 0.030000 3.708644 0.030000 2.736555 0.030000
7.071540 0.030000 6.620749 0.030000 2.719671 0.030000 4.125213 0.150000 2.734379 0.030000
7.068712 0.030000 6.672886 0.150000 2.729032 0.030000 3.688331 0.030000 2.798545 0.030000
7.012589 0.030000 6.613045 0.030000 2.731106 0.030000 3.683763 0.030000 2.818376 0.030000
7.099188 0.030000 6.632783 0.030000 2.720783 0.030000 3.666602 0.030000 2.850730 0.030000
7.056349 0.030000 6.657646 0.030000 2.697588 0.030000 3.567536 0.030000 2.757488 0.150000
6.984966 0.030000 6.698245 0.030000 2.756779 0.030000 3.830118 0.150000 2.938080 0.030000
6.888938 0.030000 6.690242 0.030000 2.688125 0.030000 3.570215 0.030000 2.954756 0.030000
6.967434 0.030000 6.708015 0.030000 2.695213 0.030000 3.517823 0.030000 3.008670 0.030000
6.994464 0.030000 6.733292 0.030000 2.710637 0.030000 3.510559 0.030000 3.027747 0.030000
6.953509 0.030000 6.695482 0.030000 2.718420 0.030000 3.498660 0.030000 3.050453 0.030000
6.875707 0.030000 6.751710 0.030000 2.702819 0.030000 3.416074 0.030000 3.083421 0.030000
6.997310 0.030000 6.746471 0.030000 3.658243 0.150000 3.413648 0.030000 3.129800 0.030000
7.010550 0.150000 6.782089 0.030000 2.639939 0.030000 3.365370 0.030000 3.096451 0.030000
6.883720 0.030000 6.786626 0.030000 2.705264 0.150000 3.285709 0.030000 3.143813 0.030000
6.876211 0.030000 6.711100 0.030000 2.700143 0.030000 3.646740 0.150000 3.174211 0.030000
6.877017 0.030000 6.796952 0.030000 2.659573 0.030000 3.459748 0.150000 3.207601 0.030000
6.858848 0.030000 6.795804 0.030000 2.685571 0.030000 3.284811 0.030000 3.232182 0.030000
6.833590 0.030000 6.808457 0.030000 2.720354 0.030000 3.259963 0.030000 3.231963 0.030000
6.877922 0.030000 6.829949 0.030000 2.700231 0.030000 3.162155 0.030000 3.258087 0.030000
6.811724 0.030000 6.874459 0.030000 2.678285 0.030000 3.217794 0.030000 3.344961 0.030000
6.781072 0.030000 6.819915 0.030000 3.128767 0.150000 3.146769 0.030000 3.349678 0.030000
6.786915 0.030000 6.886324 0.030000 3.313226 0.150000 3.126965 0.030000 3.376993 0.030000
6.777139 0.030000 6.892736 0.030000 2.730429 0.030000 3.059816 0.030000 3.401737 0.030000
6.781817 0.030000 6.882218 0.030000 2.663581 0.030000 3.077972 0.030000 3.398504 0.030000
6.755773 0.030000 6.899759 0.030000 2.663646 0.150000 3.048840 0.030000 3.469559 0.030000
6.722686 0.030000 6.930898 0.030000 2.636991 0.030000 3.060592 0.030000 3.476095 0.030000
6.698540 0.030000 6.933143 0.030000 2.633218 0.030000 2.992147 0.030000 3.507131 0.030000
6.633080 0.030000 6.962381 0.030000 2.709103 0.030000 2.950715 0.030000 3.552214 0.030000
6.641826 0.030000 6.987627 0.030000 2.723582 0.030000 2.925234 0.030000 3.606809 0.150000
6.669735 0.030000 6.971063 0.030000 2.690588 0.030000 3.505248 0.150000 3.637291 0.030000
7.001181 0.150000 7.447811 0.150000 2.698620 0.030000 2.889032 0.030000 3.618165 0.030000
7.078561 0.150000 6.995349 0.030000 2.715903 0.030000 2.875264 0.030000 3.662971 0.030000
6.660203 0.030000 7.553320 0.150000 2.720832 0.030000 2.797205 0.030000 3.682211 0.030000
6.676163 0.030000 7.000156 0.030000 2.656279 0.030000 2.807778 0.030000 3.732701 0.030000
6.581200 0.030000 7.031604 0.030000 2.682551 0.030000 2.924648 0.150000 3.752885 0.030000
6.598920 0.030000 7.071926 0.030000 2.735537 0.030000 2.794710 0.030000 4.537675 0.150000
6.574072 0.030000 7.061202 0.030000 2.673756 0.030000 2.671659 0.030000 3.782473 0.030000
6.584300 0.030000 7.090183 0.030000 2.743351 0.030000 2.646540 0.030000 4.333096 0.150000
6.565467 0.030000 7.106507 0.030000 2.705252 0.030000 2.713331 0.030000 3.849318 0.030000
6.536564 0.030000 7.121865 0.030000 2.783499 0.030000 2.692987 0.030000 3.867255 0.030000
6.530728 0.030000 7.125825 0.030000 2.742525 0.030000 2.639565 0.030000 3.876811 0.030000
6.505319 0.030000 7.122073 0.030000 2.688022 0.150000 2.595576 0.030000 3.944907 0.030000
6.539551 0.030000 7.121796 0.030000 2.755070 0.030000 2.520922 0.030000 4.249296 0.150000
6.498983 0.030000 7.201971 0.030000 2.784076 0.030000 2.542319 0.030000 4.003962 0.030000
6.488850 0.030000 7.190341 0.030000 2.804183 0.030000 2.451322 0.030000 4.043423 0.030000
6.466793 0.030000 7.240536 0.030000 2.751416 0.030000 2.580169 0.150000 4.059045 0.030000
6.500903 0.030000 7.250954 0.030000 2.776590 0.030000 2.446855 0.030000 4.080906 0.030000
6.498936 0.030000 7.292791 0.030000 2.832224 0.030000 2.447209 0.030000 4.136527 0.030000
6.521439 0.030000 7.251524 0.030000 2.809901 0.030000 2.354016 0.030000 4.129109 0.030000
6.480734 0.030000 7.264692 0.030000 2.811067 0.030000 2.359148 0.030000 4.285584 0.150000
6.438364 0.030000 7.260770 0.030000 2.817375 0.030000 2.308195 0.030000 4.208623 0.030000
6.431653 0.030000 7.270439 0.030000 2.839587 0.030000 2.284725 0.030000 4.152784 0.150000
6.866184 0.150000 7.551534 0.150000 2.854438 0.030000 2.264067 0.030000 4.260400 0.030000
6.423000 0.030000 7.764661 0.150000 2.898971 0.030000 2.355066 0.030000 4.348044 0.030000
6.398792 0.030000 7.358026 0.030000 2.835682 0.030000 2.232369 0.030000 4.279390 0.030000
6.369380 0.030000 7.366160 0.030000 2.890456 0.030000 2.235134 0.030000 4.334929 0.030000
6.608048 0.150000 7.376761 0.030000 2.911023 0.030000 2.249215 0.030000 4.385880 0.030000
6.401835 0.030000 7.377559 0.030000 2.907665 0.030000 2.188435 0.030000 4.402015 0.030000
6.392197 0.150000 7.411079 0.030000 2.999888 0.030000 2.228209 0.030000 4.476703 0.030000
6.418174 0.030000 7.437107 0.030000 2.950922 0.030000 2.280821 0.150000 4.457363 0.030000
6.401927 0.030000 7.458269 0.030000 2.977604 0.030000 2.129464 0.030000 4.469747 0.030000
6.342920 0.030000 7.464574 0.030000 2.962705 0.030000 2.086791 0.030000 4.493117 0.030000
6.346169 0.030000 7.446033 0.030000 2.976344 0.030000 2.469103 0.150000 4.497838 0.030000
6.928843 0.150000 7.464106 0.030000 2.967413 0.030000 2.040145 0.030000 4.623947 0.030000
6.341384 0.030000 7.499959 0.030000 2.981215 0.030000 1.988790 0.030000 4.623906 0.030000
6.343475 0.030000 7.561615 0.030000 3.057268 0.030000 1.938204 0.030000 4.648944 0.030000
6.331732 0.030000 7.567879 0.030000 3.016529 0.030000 1.980339 0.030000 4.647631 0.030000
6.279417 0.030000 7.597943 0.030000 3.038588 0.030000 1.967075 0.030000 4.662998 0.030000
6.313806 0.030000 7.574558 0.030000 3.055580 0.030000 1.890439 0.030000 4.692020 0.030000
6.441015 0.150000 7.956629 0.150000 3.034967 0.030000 1.942456 0.030000 4.714085 0.030000
6.275922 0.030000 7.617769 0.030000 3.072776 0.030000 1.865659 0.030000 4.780616 0.030000
6.228135 0.030000 7.588294 0.030000 3.099068 0.030000 1.891646 0.030000 4.786231 0.030000
6.201405 0.030000 7.690685 0.030000 3.130298 0.030000 1.900868 0.030000 4.766901 0.030000
6.313489 0.030000 7.705793 0.030000 3.105064 0.030000 1.826965 0.030000 4.812501 0.030000
6.265138 0.030000 7.670521 0.030000 3.171497 0.030000 1.822438 0.030000 4.856173 0.030000
6.274322 0.030000 7.644392 0.030000 3.101807 0.030000 1.753567 0.150000 4.888174 0.030000
6.281864 0.030000 7.904643 0.150000 3.095840 0.030000 1.825345 0.030000 4.912386 0.030000
6.281662 0.030000 7.702142 0.030000 3.204953 0.030000 1.788117 0.030000 4.924130 0.030000
6.236821 0.030000 7.728711 0.030000 3.211557 0.030000 1.759632 0.030000 4.947531 0.030000
6.197873 0.030000 7.779084 0.030000 3.134361 0.030000 1.743026 0.030000 4.952377 0.030000
6.216389 0.030000 7.763695 0.030000 3.455888 0.150000 1.674964 0.030000 4.959732 0.030000
6.240201 0.030000 7.772141 0.030000 3.192940 0.030000 1.767115 0.030000 5.833392 0.150000
6.291017 0.030000 7.754925 0.030000 3.191515 0.030000 1.708528 0.030000 5.340341 0.150000
6.196934 0.030000 7.720825 0.030000 3.221983 0.030000 1.688458 0.030000 5.010260 0.030000
6.217477 0.030000 7.769470 0.030000 3.207011 0.030000 1.687099 0.030000 5.050674 0.030000
6.230293 0.030000 7.831408 0.030000 3.247789 0.030000 1.812123 0.150000 5.070818 0.030000
6.217547 0.030000 7.752871 0.030000 3.307181 0.030000 1.678788 0.030000 5.087106 0.030000
6.188978 0.030000 7.845581 0.030000 3.275689 0.030000 1.663443 0.030000 5.044823 0.030000
6.207575 0.030000 7.795710 0.030000 3.308695 0.030000 1.644025 0.030000 5.077573 0.030000
6.664165 0.150000 7.830626 0.030000 3.273360 0.030000 1.980616 0.150000 5.102509 0.030000
6.207144 0.030000 7.845490 0.030000 3.225694 0.030000 1.658023 0.030000 5.063084 0.030000
6.185518 0.030000 7.865675 0.030000 3.272752 0.030000 1.636520 0.030000 5.518949 0.150000
6.158584 0.030000 7.873654 0.030000 3.265384 0.030000 1.646479 0.030000 5.080821 0.030000
6.157019 0.030000 7.904402 0.030000 3.288691 0.030000 1.475012 0.150000 5.179351 0.030000
6.224697 0.030000 7.853239 0.030000 3.284664 0.030000 1.571333 0.030000 5.188282 0.030000
6.235245 0.030000 7.887159 0.030000 3.274545 0.030000 1.589539 0.030000 5.397289 0.150000
6.042152 0.150000 7.879872 0.030000 3.294795 0.030000 1.628521 0.030000 5.142527 0.030000
6.212916 0.030000 7.830712 0.030000 3.330081 0.030000 1.557861 0.030000 5.170321 0.030000
6.141835 0.030000 7.861249 0.030000 3.260150 0.030000 2.118628 0.150000 5.129016 0.030000
