1.264299 0.030000 8.070066 0.030000 11.860304 0.030000 9.596927 0.150000
1.289871 0.030000 8.034436 0.030000 11.836072 0.030000 8.835264 0.030000
1.202754 0.030000 8.076250 0.030000 11.724718 0.030000 8.710834 0.030000
1.211508 0.030000 8.060842 0.030000 11.586235 0.150000 8.548466 0.030000
1.353871 0.030000 8.062552 0.030000 11.548583 0.030000 8.502834 0.030000
1.366739 0.030000 8.109708 0.030000 11.473380 0.030000 8.303393 0.030000
1.365937 0.030000 8.123261 0.030000 11.370728 0.030000 8.181199 0.030000
1.400107 0.030000 8.091088 0.030000 11.273837 0.030000 8.097147 0.030000
1.404532 0.030000 8.118946 0.030000 11.141213 0.030000 7.914442 0.030000
1.497200 0.030000 8.102091 0.030000 11.098600 0.030000 7.827058 0.030000
1.561520 0.030000 8.156024 0.030000 11.041580 0.030000 7.729552 0.030000
1.658417 0.030000 8.217754 0.030000 10.914615 0.030000 7.634033 0.030000
1.712917 0.030000 8.223284 0.030000 10.790956 0.030000 7.458290 0.030000
1.821119 0.030000 8.248535 0.030000 10.725722 0.030000 7.338429 0.030000
1.952330 0.030000 8.234727 0.030000 10.813886 0.150000 7.185895 0.030000
1.979833 0.030000 8.315664 0.030000 10.577502 0.030000 7.080179 0.030000
2.109179 0.030000 8.353941 0.030000 10.452476 0.030000 6.935508 0.030000
2.216758 0.030000 8.385137 0.030000 10.416902 0.030000 6.828946 0.030000
2.217022 0.030000 8.762695 0.150000 10.350794 0.030000 6.728050 0.030000
2.327233 0.150000 8.429138 0.030000 10.269981 0.030000 6.570569 0.030000
2.510158 0.030000 8.474589 0.030000 10.147012 0.030000 6.456186 0.030000
2.653925 0.030000 8.565471 0.030000 10.061910 0.030000 6.343839 0.030000
2.731537 0.030000 8.575540 0.030000 10.017128 0.030000 6.233469 0.030000
2.838425 0.030000 8.569871 0.150000 9.942411 0.030000 6.408708 0.150000
2.953779 0.030000 8.604036 0.030000 9.845039 0.030000 6.011041 0.030000
3.063565 0.030000 8.700473 0.030000 9.779113 0.030000 5.856962 0.030000
3.129472 0.030000 8.769432 0.030000 9.680579 0.030000 5.699978 0.030000
3.283556 0.030000 8.781407 0.030000 9.605880 0.030000 5.565424 0.030000
3.431814 0.030000 8.799417 0.030000 9.582061 0.030000 5.492246 0.030000
3.489793 0.030000 8.884321 0.030000 9.458964 0.030000 5.314912 0.030000
3.620444 0.030000 8.966344 0.030000 9.430964 0.030000 5.183376 0.030000
3.726682 0.030000 9.027752 0.030000 9.355745 0.030000 5.099958 0.030000
3.838280 0.030000 9.048449 0.030000 9.259979 0.030000 4.984780 0.030000
4.014576 0.030000 9.115933 0.030000 9.236599 0.030000 4.843101 0.030000
4.095051 0.030000 9.201207 0.030000 9.140256 0.030000 4.695615 0.030000
4.232562 0.030000 9.257198 0.030000 10.561675 0.150000 4.695515 0.030000
4.347938 0.030000 9.306000 0.030000 9.035763 0.030000 4.537670 0.030000
4.445901 0.030000 9.348846 0.030000 8.982200 0.030000 4.400069 0.030000
4.560484 0.030000 9.448545 0.030000 8.981509 0.150000 4.286795 0.030000
4.706625 0.030000 9.513283 0.030000 8.800961 0.030000 4.164254 0.030000
4.806239 0.030000 9.602795 0.030000 8.814794 0.030000 3.974645 0.030000
4.909497 0.030000 9.623138 0.030000 8.682593 0.030000 3.888707 0.030000
5.075553 0.030000 9.738278 0.030000 8.631357 0.150000 3.735487 0.030000
5.197238 0.030000 10.492960 0.150000 8.608998 0.030000 3.653846 0.030000
5.282573 0.030000 9.858708 0.030000 8.801699 0.150000 3.374538 0.150000
5.410058 0.030000 9.960034 0.030000 8.540905 0.030000 3.356391 0.030000
5.488455 0.030000 9.970200 0.030000 8.500901 0.030000 3.270448 0.030000
5.670877 0.030000 10.028583 0.030000 8.465732 0.030000 3.175488 0.030000
5.813979 0.030000 10.166894 0.030000 8.346611 0.030000 3.038925 0.030000
5.930312 0.030000 10.198184 0.030000 8.285772 0.030000 2.888131 0.030000
5.990675 0.150000 10.315748 0.030000 8.276589 0.030000 2.840919 0.030000
6.134556 0.030000 10.409354 0.030000 8.190652 0.030000 2.657983 0.030000
6.309506 0.030000 10.469038 0.030000 8.217818 0.030000 2.576179 0.030000
6.388704 0.030000 10.582632 0.030000 8.183268 0.030000 2.406870 0.030000
6.521826 0.030000 10.648130 0.030000 8.084720 0.030000 2.294137 0.030000
6.557612 0.030000 10.694340 0.030000 8.101661 0.030000 2.292147 0.150000
6.926582 0.150000 11.010101 0.150000 8.135344 0.030000 2.142170 0.030000
6.938251 0.030000 10.874362 0.030000 8.005071 0.030000 1.988396 0.030000
7.008150 0.030000 10.960577 0.030000 8.027997 0.030000 1.967868 0.030000
7.128887 0.030000 11.090225 0.030000 7.959521 0.030000 1.727195 0.030000
7.274697 0.030000 11.150270 0.030000 7.970813 0.030000 1.637019 0.030000
7.345840 0.030000 11.203528 0.030000 7.993109 0.030000 1.594577 0.030000
7.498500 0.030000 11.304847 0.030000 8.193157 0.150000 1.473830 0.030000
7.640104 0.030000 11.379589 0.150000 7.892952 0.030000 1.369261 0.030000
7.772639 0.030000 11.507126 0.030000 7.849668 0.030000 1.283381 0.030000
8.554925 0.150000 11.591122 0.030000 7.808045 0.030000 1.182877 0.030000
8.027707 0.030000 11.703373 0.030000 8.081901 0.150000 1.115152 0.030000
8.068698 0.030000 11.761193 0.030000 7.779921 0.030000 1.082234 0.030000
8.231588 0.030000 11.841654 0.030000 7.829901 0.030000 1.029616 0.150000
8.393406 0.030000 11.892069 0.030000 7.795955 0.030000 1.734096 0.150000
8.493707 0.030000 12.298442 0.150000 7.866591 0.030000 1.014485 0.030000
8.600213 0.030000 12.115414 0.030000 7.766274 0.030000 0.971981 0.030000
8.775873 0.030000 12.154518 0.030000 7.842243 0.030000 0.944369 0.030000
8.863512 0.030000 12.283834 0.030000 7.834930 0.150000 1.203081 0.150000
9.007869 0.030000 12.324662 0.030000 7.783583 0.030000 1.318195 0.150000
9.050645 0.030000 12.459991 0.030000 7.855280 0.030000 1.066847 0.030000
9.138772 0.030000 12.489768 0.030000 7.806332 0.030000 1.041932 0.030000
9.208240 0.030000 12.534620 0.030000 7.848398 0.030000 1.122030 0.030000
9.219223 0.030000 12.620168 0.030000 7.826198 0.030000 1.126596 0.030000
9.304477 0.030000 12.608020 0.030000 7.830848 0.030000 1.162983 0.030000
9.374470 0.030000 12.612191 0.030000 7.845116 0.030000 1.227258 0.030000
9.367699 0.030000 12.687325 0.030000 7.803817 0.030000 1.187550 0.030000
9.469637 0.030000 12.716077 0.030000 7.883106 0.030000 1.228432 0.030000
9.448746 0.150000 12.831099 0.030000 8.018104 0.150000 1.234366 0.030000
9.512062 0.030000 12.864234 0.030000 7.845515 0.030000 1.301531 0.030000
9.586576 0.030000 12.818963 0.030000 7.783519 0.030000 1.323334 0.030000
9.680628 0.030000 12.800839 0.030000 7.719623 0.030000 1.334297 0.030000
9.924049 0.150000 12.814764 0.030000 7.615141 0.030000 1.246805 0.030000
9.656997 0.030000 12.679348 0.030000 7.478367 0.030000 1.228869 0.030000
9.680061 0.030000 12.643153 0.030000 7.316038 0.030000 1.146546 0.030000
9.670900 0.030000 12.768646 0.150000 7.239331 0.030000 1.172915 0.030000
9.622576 0.030000 12.512623 0.030000 7.123465 0.030000 1.505344 0.150000
9.610314 0.030000 12.312414 0.150000 6.993450 0.030000 1.121086 0.030000
9.604826 0.030000 12.323357 0.030000 6.792315 0.030000 1.129573 0.030000
9.630853 0.030000 12.336360 0.030000 6.710012 0.030000 1.111582 0.030000
9.651353 0.030000 12.215198 0.030000 6.590394 0.030000 1.202227 0.030000
9.665093 0.030000 12.141730 0.030000 6.477056 0.030000 1.143989 0.030000
9.679356 0.030000 12.024476 0.030000 6.411935 0.030000 1.256759 0.030000
9.623242 0.030000 12.009551 0.030000 6.238829 0.030000 1.860607 0.150000
9.670062 0.030000 11.964805 0.030000 6.118596 0.030000 1.412395 0.030000
9.657937 0.030000 11.912315 0.030000 5.950543 0.030000 1.493152 0.030000
9.657030 0.030000 11.814620 0.030000 6.805052 0.150000 1.560352 0.030000
9.760952 0.030000 11.777898 0.030000 5.717784 0.030000 1.691889 0.030000
9.647001 0.030000 11.688261 0.030000 5.588282 0.030000 1.774595 0.030000
9.734147 0.030000 11.627076 0.030000 5.448392 0.030000 1.820824 0.030000
9.792846 0.030000 11.517582 0.030000 5.368595 0.030000 1.926366 0.030000
9.756225 0.030000 11.520181 0.030000 5.285184 0.030000 2.035592 0.030000
9.755296 0.030000 11.500468 0.030000 5.163877 0.030000 2.160737 0.030000
10.562465 0.150000 11.437138 0.030000 5.006095 0.030000 2.326991 0.030000
9.910288 0.030000 11.357352 0.030000 4.862350 0.030000 2.362999 0.030000
9.925863 0.150000 11.310161 0.030000 4.759718 0.030000 2.469114 0.030000
9.915935 0.030000 11.297209 0.030000 4.623984 0.030000 2.699594 0.030000
9.862453 0.030000 11.228313 0.030000 4.557794 0.030000 2.780437 0.030000
9.957597 0.030000 11.194282 0.030000 4.360872 0.150000 2.834302 0.030000
9.955981 0.030000 11.109148 0.030000 4.235502 0.150000 2.901028 0.030000
9.976911 0.030000 11.093864 0.030000 4.195472 0.030000 3.061802 0.030000
10.088527 0.030000 11.083072 0.030000 4.082835 0.030000 3.181034 0.030000
10.085362 0.030000 11.009508 0.030000 4.726459 0.150000 3.312493 0.030000
10.128664 0.030000 10.946570 0.030000 3.789069 0.030000 3.414116 0.030000
10.206264 0.030000 10.930929 0.030000 3.676799 0.030000 3.482851 0.030000
10.260018 0.030000 10.866734 0.030000 3.528242 0.030000 3.660980 0.030000
10.238495 0.030000 10.856987 0.030000 3.475488 0.030000 3.762793 0.030000
10.269519 0.030000 10.797316 0.030000 3.341160 0.030000 3.891228 0.030000
10.313046 0.030000 10.727496 0.030000 3.126926 0.030000 3.987847 0.030000
10.315588 0.030000 11.123985 0.150000 3.059026 0.030000 4.133947 0.030000
10.413950 0.030000 10.719137 0.030000 3.087125 0.150000 4.248912 0.030000
10.481106 0.030000 10.637300 0.030000 2.776855 0.030000 4.395056 0.030000
10.572524 0.030000 10.662755 0.030000 2.741315 0.030000 4.486028 0.030000
11.023047 0.150000 10.590096 0.030000 2.721449 0.150000 4.589934 0.030000
10.582711 0.030000 10.575738 0.030000 2.489560 0.030000 4.727168 0.030000
10.634645 0.030000 10.492969 0.030000 2.519099 0.150000 4.864623 0.030000
10.788348 0.030000 10.525500 0.030000 2.289485 0.030000 5.147206 0.150000
10.761614 0.030000 10.491841 0.030000 1.982419 0.150000 5.126725 0.030000
10.841311 0.030000 10.451942 0.030000 2.063401 0.030000 5.235072 0.030000
10.933038 0.030000 10.407659 0.030000 1.941728 0.030000 5.385280 0.030000
11.189239 0.150000 10.421227 0.030000 1.841129 0.030000 5.481219 0.030000
11.059579 0.030000 10.404301 0.030000 1.737966 0.030000 5.587263 0.030000
11.745309 0.150000 10.384500 0.030000 1.653805 0.030000 5.744692 0.030000
11.112556 0.030000 10.331092 0.030000 1.589723 0.030000 5.846372 0.030000
11.201419 0.030000 10.360273 0.030000 1.504441 0.030000 5.990939 0.030000
11.282693 0.030000 10.382754 0.030000 1.443684 0.030000 6.083154 0.030000
11.380243 0.030000 10.316614 0.030000 1.380111 0.030000 6.187472 0.030000
11.367695 0.030000 10.317358 0.030000 1.181087 0.030000 6.314271 0.030000
11.441294 0.030000 10.343645 0.030000 1.215883 0.030000 6.467291 0.030000
11.510105 0.030000 10.259816 0.030000 1.099884 0.030000 6.542141 0.030000
11.598527 0.030000 10.278484 0.030000 1.189964 0.030000 6.685254 0.030000
11.663157 0.030000 10.306530 0.030000 1.117666 0.030000 6.844439 0.030000
11.709106 0.030000 10.292654 0.030000 1.096503 0.030000 6.928747 0.030000
11.831884 0.030000 10.316220 0.030000 1.144992 0.030000 7.083350 0.030000
11.919395 0.030000 10.759911 0.150000 1.108432 0.030000 7.157431 0.030000
11.870097 0.150000 10.308029 0.030000 1.206762 0.030000 7.290122 0.030000
11.984592 0.030000 10.601063 0.150000 1.247851 0.030000 7.273780 0.150000
12.084674 0.030000 10.381384 0.030000 1.228912 0.030000 7.501828 0.030000
12.090767 0.030000 10.315267 0.030000 1.271602 0.030000 7.516467 0.030000
12.130991 0.030000 10.310362 0.030000 1.990249 0.150000 7.582056 0.030000
12.143472 0.030000 10.287251 0.030000 1.338037 0.030000 7.628705 0.030000
12.171294 0.030000 10.269529 0.030000 1.358942 0.030000 7.687848 0.030000
12.204597 0.030000 10.372395 0.030000 1.338961 0.030000 7.746981 0.030000
12.255038 0.030000 10.337926 0.030000 1.741006 0.150000 7.963140 0.150000
12.268672 0.030000 10.358161 0.030000 1.442802 0.030000 7.807427 0.030000
12.481591 0.150000 10.643623 0.150000 1.484736 0.030000 7.855179 0.030000
12.365432 0.030000 10.280824 0.030000 1.426031 0.030000 7.933984 0.030000
12.241582 0.030000 10.197858 0.030000 1.396132 0.030000 8.014687 0.030000
12.141219 0.030000 10.087893 0.030000 1.477167 0.150000 7.999014 0.030000
12.023711 0.150000 9.926224 0.030000 1.270012 0.030000 7.947368 0.030000
11.983292 0.030000 9.844176 0.030000 1.217912 0.030000 7.969556 0.030000
11.895933 0.030000 9.664211 0.030000 1.145152 0.030000 7.940832 0.030000
11.821051 0.030000 9.583813 0.030000 1.167957 0.030000 7.947491 0.030000
11.657602 0.030000 9.421409 0.030000 1.088192 0.030000 7.937259 0.030000
11.634019 0.030000 9.795808 0.150000 1.057915 0.030000 7.974145 0.030000
11.475523 0.030000 9.186422 0.030000 1.083064 0.030000 7.992651 0.030000
11.403589 0.030000 9.127437 0.030000 1.067926 0.030000 7.903213 0.030000
11.222836 0.030000 8.908687 0.030000 1.123690 0.030000 7.894236 0.030000
11.234257 0.030000 8.778914 0.030000 1.151890 0.030000 8.030484 0.030000
11.160388 0.030000 8.654103 0.030000 1.193476 0.030000 7.940315 0.030000
10.983648 0.030000 8.614909 0.030000 2.661550 0.150000 7.969458 0.030000
10.917604 0.030000 8.455680 0.030000 1.342441 0.030000 7.939719 0.030000
10.880480 0.030000 8.354832 0.030000 1.377230 0.030000 7.981406 0.030000
10.760624 0.030000 8.206446 0.030000 1.440370 0.030000 8.028120 0.030000
10.667623 0.030000 8.099087 0.030000 1.534375 0.030000 8.006019 0.030000
10.614949 0.030000 7.919061 0.030000 1.589205 0.030000 7.953847 0.030000
10.461494 0.030000 7.873983 0.030000 1.817041 0.030000 8.017867 0.030000
10.420942 0.030000 7.692371 0.030000 1.838515 0.030000 8.062535 0.030000
10.289949 0.030000 7.547336 0.030000 1.962970 0.030000 8.057319 0.030000
10.258556 0.030000 7.407137 0.030000 2.080360 0.030000 8.116154 0.030000
10.164016 0.030000 7.332675 0.030000 2.179810 0.030000 8.115471 0.030000
10.077515 0.030000 7.220658 0.030000 2.274023 0.030000 9.131006 0.150000
9.984715 0.030000 7.075141 0.030000 2.444086 0.150000 8.195536 0.030000
9.905164 0.030000 6.962900 0.030000 2.588109 0.150000 8.216895 0.030000
9.793366 0.030000 6.789686 0.030000 2.650876 0.030000 9.116960 0.150000
9.747902 0.030000 6.735827 0.030000 2.761289 0.030000 8.297697 0.030000
9.656652 0.030000 6.588489 0.030000 2.854195 0.030000 8.308103 0.030000
9.589993 0.030000 6.459237 0.030000 2.966042 0.030000 8.357506 0.030000
9.513476 0.030000 6.358995 0.030000 3.071206 0.030000 8.413156 0.030000
9.455088 0.030000 6.197616 0.030000 3.234617 0.030000 8.507330 0.030000
9.359810 0.030000 6.061573 0.030000 3.304710 0.030000 8.472121 0.030000
9.303888 0.030000 5.982259 0.030000 3.454097 0.030000 8.511877 0.030000
9.248383 0.030000 5.854168 0.030000 3.568817 0.030000 8.574587 0.030000
9.116268 0.030000 5.742692 0.030000 3.688192 0.030000 9.202951 0.150000
9.073460 0.030000 5.586134 0.030000 3.812775 0.030000 8.686866 0.030000
9.002499 0.030000 5.466877 0.030000 3.893322 0.030000 8.673456 0.030000
8.973903 0.030000 5.342241 0.030000 4.053469 0.030000 8.799868 0.030000
8.879497 0.030000 5.215031 0.030000 4.231004 0.030000 8.849467 0.030000
8.817943 0.030000 5.088485 0.030000 4.282317 0.030000 8.908550 0.030000
8.751597 0.030000 4.987465 0.030000 4.427713 0.030000 8.896088 0.030000
8.683203 0.030000 4.812412 0.150000 4.524310 0.030000 9.021863 0.030000
8.684062 0.030000 4.675190 0.030000 4.653737 0.030000 9.150818 0.030000
8.568058 0.030000 4.814711 0.150000 4.745741 0.030000 9.160425 0.030000
8.532935 0.030000 4.469643 0.030000 4.937935 0.030000 9.184452 0.030000
8.482783 0.030000 4.377757 0.030000 5.031896 0.030000 9.279629 0.030000
8.235431 0.150000 4.168415 0.030000 5.120688 0.030000 9.328753 0.030000
8.342827 0.030000 4.093036 0.030000 5.304668 0.030000 9.378160 0.030000
8.308139 0.030000 3.972282 0.030000 5.328367 0.030000 10.474481 0.150000
8.269973 0.030000 3.840684 0.030000 5.497786 0.030000 9.712273 0.150000
8.144768 0.030000 3.735722 0.030000 5.512603 0.150000 9.847994 0.150000
8.120597 0.030000 3.579932 0.030000 5.753823 0.030000 9.688800 0.030000
8.076365 0.030000 3.501470 0.030000 5.867723 0.030000 9.740328 0.030000
8.070113 0.030000 3.353179 0.030000 6.013593 0.030000 9.827259 0.030000
8.003386 0.030000 3.353460 0.150000 6.101610 0.030000 9.806098 0.030000
7.953343 0.030000 3.155432 0.030000 6.246657 0.030000 9.841696 0.150000
7.926415 0.030000 2.960622 0.030000 6.354354 0.030000 10.519490 0.150000
7.870957 0.030000 2.836793 0.030000 6.517474 0.030000 10.790025 0.150000
7.879711 0.030000 2.785829 0.030000 6.607911 0.030000 10.200854 0.030000
7.839416 0.030000 2.610814 0.030000 6.729105 0.030000 10.283232 0.030000
8.136386 0.150000 2.616580 0.150000 6.796497 0.030000 10.325844 0.030000
7.753073 0.030000 2.423987 0.030000 7.025453 0.030000 10.422009 0.030000
7.775031 0.030000 2.265801 0.030000 7.092802 0.030000 10.532331 0.030000
7.717242 0.030000 2.162599 0.030000 7.223377 0.030000 10.579585 0.030000
7.693754 0.030000 2.051057 0.030000 7.410334 0.030000 10.659821 0.030000
7.680947 0.030000 1.950438 0.030000 7.492658 0.030000 10.766317 0.150000
7.693596 0.030000 1.831578 0.030000 7.573678 0.030000 10.852499 0.030000
7.641569 0.030000 2.146631 0.150000 7.739630 0.030000 10.912101 0.030000
7.581190 0.030000 1.538782 0.030000 7.899062 0.030000 10.992416 0.030000
7.595828 0.030000 1.466542 0.030000 8.003555 0.030000 11.062611 0.030000
7.569915 0.030000 1.436291 0.030000 8.065405 0.030000 11.162669 0.030000
7.579240 0.030000 1.343848 0.030000 8.100710 0.030000 11.228366 0.030000
7.546646 0.030000 1.319979 0.030000 8.254006 0.030000 11.316347 0.030000
7.545077 0.030000 1.626632 0.150000 8.206625 0.030000 11.552577 0.150000
7.509254 0.030000 1.143463 0.030000 8.373803 0.030000 11.361537 0.030000
7.566591 0.030000 1.115863 0.030000 8.187036 0.150000 11.420723 0.030000
7.548719 0.030000 1.131322 0.030000 9.072980 0.150000 11.457848 0.030000
