1.743954 0.075000 1.863083 0.075000 7.387988 0.075000 7.344845 0.075000 10.188146 0.375000 10.272165 0.075000 6.975609 0.075000 7.581299 0.375000
2.004497 0.075000 2.017491 0.375000 7.486475 0.075000 7.169380 0.075000 9.845205 0.075000 10.052322 0.075000 7.103383 0.075000 7.196898 0.075000
2.064356 0.075000 1.938435 0.075000 7.216789 0.075000 7.335103 0.075000 9.728187 0.075000 10.142303 0.075000 6.915281 0.075000 7.246576 0.075000
2.202139 0.075000 1.930912 0.075000 7.508073 0.075000 7.548285 0.075000 9.678331 0.075000 9.869610 0.075000 6.978635 0.375000 7.266594 0.075000
2.105780 0.075000 2.389023 0.075000 7.573110 0.075000 7.513576 0.075000 9.796251 0.075000 9.742290 0.075000 6.591720 0.075000 6.741160 0.075000
2.474529 0.075000 2.049406 0.075000 7.437626 0.075000 7.551045 0.075000 9.507717 0.075000 9.634505 0.075000 6.561467 0.075000 6.669116 0.075000
2.591976 0.375000 2.309868 0.075000 7.658154 0.075000 7.554562 0.075000 9.312686 0.075000 9.797593 0.075000 6.377617 0.075000 6.656511 0.075000
2.563837 0.075000 2.434578 0.075000 7.492824 0.075000 7.487672 0.075000 9.359544 0.075000 9.583996 0.075000 6.362454 0.075000 6.444827 0.075000
2.727725 0.075000 2.475164 0.075000 7.609943 0.075000 7.469653 0.075000 9.626946 0.375000 9.548425 0.075000 6.049374 0.075000 6.349239 0.075000
2.768142 0.075000 2.395877 0.075000 7.559151 0.075000 7.633215 0.075000 9.254201 0.075000 9.308216 0.075000 6.416282 0.375000 6.766887 0.375000
3.049735 0.375000 2.593451 0.075000 7.693972 0.075000 7.715509 0.075000 9.486066 0.075000 9.319840 0.075000 5.836825 0.075000 6.265737 0.075000
3.477339 0.375000 2.727682 0.075000 7.857652 0.075000 7.545865 0.075000 9.060166 0.075000 9.296409 0.375000 5.894367 0.075000 5.979376 0.075000
3.373782 0.075000 3.105278 0.075000 7.657464 0.075000 7.789574 0.075000 8.894472 0.075000 9.313892 0.075000 5.750135 0.075000 5.747140 0.075000
3.303745 0.075000 3.191382 0.075000 7.868804 0.075000 7.660851 0.075000 9.002762 0.075000 9.367128 0.375000 5.624769 0.075000 5.749546 0.075000
3.479556 0.075000 3.349243 0.075000 8.126011 0.075000 7.743770 0.075000 9.042371 0.075000 8.868431 0.075000 5.413782 0.075000 5.509788 0.075000
3.465345 0.075000 3.316049 0.075000 7.992443 0.075000 7.971890 0.075000 8.825265 0.075000 8.907413 0.075000 5.563540 0.075000 5.364738 0.075000
3.654103 0.075000 3.577162 0.075000 8.204411 0.075000 7.865199 0.075000 8.596581 0.075000 8.918187 0.075000 5.167383 0.075000 5.327865 0.075000
3.790520 0.075000 3.553093 0.075000 7.983616 0.075000 7.890147 0.075000 8.817761 0.075000 8.883457 0.075000 5.054702 0.075000 5.095396 0.075000
3.801326 0.075000 3.685189 0.075000 8.148400 0.075000 7.896435 0.075000 8.683647 0.075000 8.759322 0.075000 4.897980 0.075000 5.012405 0.075000
4.104472 0.375000 4.061641 0.075000 8.480802 0.375000 7.976906 0.075000 8.515214 0.075000 8.737006 0.075000 4.859692 0.075000 5.128115 0.075000
4.251429 0.075000 3.969661 0.075000 8.139910 0.075000 8.115905 0.075000 8.361458 0.075000 8.591861 0.075000 4.712592 0.075000 4.849531 0.075000
4.396207 0.075000 4.102264 0.075000 8.299254 0.075000 8.013993 0.075000 8.508593 0.075000 8.598901 0.075000 4.664920 0.075000 4.671113 0.075000
4.287524 0.075000 4.301476 0.375000 8.297761 0.075000 8.096319 0.075000 9.022840 0.375000 8.492181 0.075000 4.429837 0.075000 4.549936 0.075000
4.563599 0.075000 4.160687 0.075000 8.365087 0.075000 8.217596 0.075000 8.199000 0.075000 8.346377 0.075000 4.444366 0.075000 4.591701 0.075000
4.589268 0.075000 4.513495 0.075000 8.331180 0.075000 8.435701 0.075000 8.440518 0.075000 8.256766 0.075000 4.226310 0.075000 4.296626 0.075000
4.805650 0.075000 6.281470 0.375000 8.697178 0.075000 8.339187 0.075000 8.382524 0.375000 8.263652 0.075000 4.080351 0.075000 4.437058 0.375000
4.744368 0.075000 4.759895 0.075000 8.478525 0.075000 8.472629 0.375000 8.242520 0.075000 8.102074 0.075000 4.275348 0.375000 4.567028 0.375000
5.103542 0.075000 4.680561 0.075000 8.644721 0.075000 8.488567 0.075000 8.095537 0.075000 8.191088 0.075000 3.912232 0.075000 3.988479 0.075000
4.993860 0.075000 4.948755 0.075000 8.669266 0.075000 8.714599 0.075000 8.185842 0.075000 8.094991 0.075000 3.710069 0.375000 4.003692 0.075000
5.231306 0.075000 5.202392 0.075000 8.681680 0.075000 8.799598 0.075000 8.162864 0.075000 8.018432 0.075000 3.398672 0.075000 3.762763 0.075000
5.242117 0.075000 4.942658 0.075000 8.787223 0.375000 8.804387 0.075000 8.057983 0.075000 7.799244 0.075000 3.571143 0.375000 3.719081 0.075000
5.526890 0.075000 5.223841 0.075000 8.965028 0.075000 8.784581 0.075000 8.273875 0.375000 7.984784 0.075000 3.251169 0.075000 3.574269 0.075000
5.402828 0.075000 5.461722 0.075000 9.033539 0.075000 8.999007 0.075000 7.595049 0.075000 8.029171 0.075000 3.274175 0.075000 3.546078 0.075000
5.751667 0.075000 5.411957 0.075000 9.199322 0.075000 9.132964 0.075000 7.816809 0.075000 7.829859 0.075000 3.061123 0.075000 3.230158 0.075000
5.772163 0.075000 5.773669 0.075000 9.199654 0.075000 9.155660 0.075000 7.785182 0.075000 7.788932 0.075000 3.034489 0.075000 2.988973 0.075000
6.040883 0.075000 5.756353 0.075000 9.359694 0.075000 9.270550 0.075000 7.721279 0.075000 7.636084 0.075000 3.170450 0.375000 2.928661 0.075000
6.039236 0.075000 6.040817 0.075000 9.352971 0.075000 9.414211 0.075000 7.605247 0.075000 7.835170 0.075000 2.855114 0.075000 2.980547 0.075000
6.086051 0.075000 5.960885 0.075000 9.437231 0.075000 9.227683 0.075000 7.677947 0.075000 7.719244 0.075000 2.878639 0.075000 2.898300 0.075000
6.172939 0.075000 6.090814 0.075000 9.282766 0.075000 9.536702 0.075000 7.701441 0.075000 7.816626 0.075000 2.691267 0.075000 2.612382 0.075000
6.475544 0.075000 6.206854 0.075000 9.447272 0.075000 9.662109 0.075000 7.688287 0.075000 7.654040 0.075000 2.460700 0.075000 2.699790 0.075000
6.769964 0.075000 6.429875 0.075000 9.713817 0.375000 9.762894 0.075000 7.507256 0.075000 7.530877 0.375000 2.333384 0.075000 2.478743 0.075000
6.688921 0.075000 6.391071 0.075000 10.205385 0.375000 9.534806 0.075000 7.694816 0.075000 7.403601 0.075000 2.181438 0.075000 2.509569 0.075000
7.091794 0.375000 6.474650 0.375000 9.803028 0.075000 9.569695 0.075000 7.575214 0.075000 7.672505 0.075000 2.178000 0.075000 2.394387 0.075000
6.728369 0.075000 6.663820 0.075000 10.466578 0.375000 9.612003 0.075000 7.436900 0.075000 7.577956 0.075000 2.364336 0.375000 2.345610 0.075000
7.437549 0.375000 6.771712 0.375000 9.917986 0.075000 9.849703 0.075000 7.427030 0.075000 7.683464 0.075000 1.879490 0.075000 2.264922 0.075000
6.809659 0.075000 6.535518 0.075000 9.933568 0.075000 9.659437 0.075000 7.568751 0.075000 7.450758 0.075000 2.215966 0.375000 2.178837 0.075000
7.091397 0.375000 6.704110 0.075000 9.945019 0.075000 9.775764 0.075000 7.211754 0.075000 7.488988 0.075000 2.024177 0.075000 1.930155 0.375000
7.147063 0.075000 6.770394 0.075000 9.881064 0.075000 9.679505 0.075000 7.389363 0.075000 7.580205 0.075000 1.835469 0.075000 1.983924 0.075000
7.218904 0.075000 6.995403 0.075000 9.899207 0.075000 10.086227 0.075000 7.354067 0.075000 7.324424 0.075000 1.907461 0.075000 2.080283 0.075000
7.229773 0.075000 7.006709 0.075000 9.963417 0.075000 9.929860 0.075000 8.485574 0.375000 7.928443 0.375000 2.024726 0.075000 2.066382 0.075000
7.234591 0.075000 7.006742 0.075000 10.183754 0.075000 10.202328 0.075000 7.365777 0.075000 7.445068 0.075000 1.816581 0.075000 1.897760 0.075000
7.119896 0.075000 7.230497 0.075000 10.155958 0.075000 9.900184 0.075000 7.242404 0.075000 7.476466 0.075000 1.919963 0.075000 1.851989 0.075000
7.385295 0.075000 7.274519 0.075000 10.036551 0.375000 9.940333 0.075000 7.143569 0.075000 7.246184 0.075000 1.983559 0.075000 1.765168 0.075000
7.197743 0.075000 7.285577 0.075000 9.928493 0.075000 10.067155 0.075000 7.132657 0.075000 7.188668 0.075000 1.952165 0.075000 2.033130 0.375000
7.432208 0.075000 7.332628 0.075000 9.799988 0.075000 10.016038 0.075000 6.957145 0.075000 7.058854 0.075000 2.314340 0.075000 2.038070 0.075000
7.412483 0.075000 7.317011 0.075000 9.948343 0.075000 9.816332 0.075000 6.867065 0.075000 6.886043 0.075000 2.257676 0.075000 2.176765 0.075000
7.554355 0.075000 7.423454 0.075000 9.669611 0.075000 9.856260 0.075000 6.719251 0.075000 6.927518 0.075000 2.235845 0.075000 3.039672 0.375000
7.462661 0.075000 7.409478 0.075000 9.372478 0.075000 9.694627 0.075000 6.691300 0.075000 6.630904 0.075000 2.397611 0.075000 2.153427 0.375000
7.434282 0.075000 7.428484 0.075000 9.575925 0.075000 9.586372 0.075000 6.333249 0.075000 6.408657 0.075000 2.607781 0.075000 2.356588 0.075000
7.518652 0.075000 7.379752 0.075000 9.561023 0.075000 9.527407 0.075000 6.328349 0.075000 6.536368 0.075000 2.835722 0.375000 2.472428 0.075000
7.729134 0.075000 7.531458 0.075000 9.230501 0.075000 9.445807 0.075000 6.071410 0.075000 6.256029 0.075000 2.782023 0.075000 2.497977 0.075000
7.478162 0.075000 7.376562 0.075000 9.332986 0.075000 9.495356 0.375000 6.085074 0.075000 6.261195 0.075000 2.935447 0.075000 3.218929 0.375000
7.671505 0.075000 7.806086 0.375000 9.271645 0.075000 9.395122 0.075000 6.180755 0.075000 6.163359 0.075000 2.857513 0.075000 2.762557 0.075000
7.639712 0.075000 7.566094 0.075000 9.321899 0.075000 9.321266 0.075000 5.896792 0.075000 5.947622 0.075000 3.058630 0.075000 2.859017 0.075000
7.897877 0.375000 7.684577 0.075000 9.203871 0.075000 9.072592 0.075000 5.781674 0.075000 6.065870 0.075000 3.230246 0.075000 3.222929 0.075000
7.750527 0.075000 7.695035 0.075000 9.991932 0.375000 9.148793 0.075000 5.699713 0.075000 5.904163 0.075000 3.279439 0.075000 3.153227 0.375000
7.863724 0.075000 7.736892 0.075000 8.960792 0.075000 9.113721 0.075000 5.648912 0.075000 5.826194 0.075000 3.247769 0.075000 2.989839 0.075000
7.879618 0.375000 7.700530 0.075000 8.992012 0.075000 9.003894 0.075000 5.682696 0.075000 5.746881 0.075000 3.232947 0.075000 3.135363 0.075000
7.918142 0.075000 7.785085 0.075000 9.064853 0.075000 9.279822 0.075000 5.921097 0.375000 5.852468 0.075000 3.418883 0.075000 3.055631 0.075000
7.747825 0.075000 7.758044 0.075000 9.032603 0.075000 9.203314 0.075000 5.576599 0.075000 5.689256 0.075000 3.260303 0.075000 3.079096 0.075000
7.768961 0.075000 7.663641 0.075000 8.909987 0.075000 9.130389 0.075000 5.585902 0.075000 5.774596 0.075000 3.342895 0.075000 3.079076 0.075000
7.786700 0.075000 7.766886 0.075000 8.901128 0.075000 9.146826 0.075000 5.549921 0.075000 5.738970 0.075000 3.394176 0.075000 3.310323 0.075000
7.649289 0.075000 7.767457 0.075000 8.789823 0.075000 8.702573 0.375000 5.721461 0.075000 5.595060 0.075000 3.421240 0.075000 3.603183 0.375000
7.472738 0.075000 7.819732 0.075000 8.626437 0.075000 8.828318 0.075000 5.590046 0.075000 5.351291 0.075000 3.492030 0.075000 3.338839 0.075000
8.087015 0.375000 7.617499 0.075000 8.514104 0.075000 8.773640 0.075000 5.709814 0.075000 5.723879 0.075000 3.671726 0.075000 3.441289 0.075000
7.179246 0.075000 7.569637 0.075000 8.514140 0.075000 8.831929 0.075000 5.723687 0.075000 5.660339 0.075000 3.733501 0.075000 3.726409 0.075000
7.272344 0.075000 7.357398 0.075000 8.231600 0.075000 8.462774 0.075000 5.482335 0.375000 5.668556 0.375000 4.376853 0.375000 3.453285 0.075000
7.189088 0.075000 7.196257 0.075000 8.511266 0.075000 8.463770 0.075000 5.751012 0.075000 5.561811 0.075000 3.745970 0.075000 3.571594 0.075000
6.871701 0.075000 7.290702 0.075000 8.253701 0.075000 8.277987 0.075000 5.703482 0.075000 5.559827 0.075000 3.883325 0.075000 3.833827 0.075000
6.871111 0.075000 7.074490 0.075000 7.987511 0.075000 8.970732 0.375000 5.587982 0.075000 5.719132 0.075000 4.038442 0.075000 3.882892 0.075000
6.868943 0.075000 6.945895 0.075000 7.974334 0.075000 8.271164 0.075000 5.947679 0.075000 5.687963 0.075000 4.035968 0.075000 3.922330 0.075000
6.905405 0.075000 6.760338 0.075000 7.778656 0.075000 7.929610 0.075000 5.734645 0.075000 5.627902 0.075000 4.009231 0.075000 3.857345 0.075000
6.718156 0.075000 6.840268 0.075000 7.747289 0.075000 8.109505 0.075000 5.915420 0.075000 5.722847 0.075000 4.080689 0.075000 4.041512 0.075000
6.629081 0.075000 6.441100 0.075000 7.924630 0.075000 8.060254 0.075000 5.934154 0.075000 5.977385 0.075000 4.355045 0.075000 4.094293 0.075000
6.200162 0.075000 6.496181 0.075000 7.732014 0.075000 7.695671 0.075000 6.009616 0.075000 5.653880 0.075000 4.315096 0.075000 4.267679 0.075000
6.220698 0.075000 6.411169 0.075000 7.479972 0.075000 7.684939 0.075000 5.895214 0.075000 5.957722 0.075000 4.416298 0.075000 4.301719 0.075000
6.196089 0.075000 6.289248 0.075000 7.515890 0.075000 7.529425 0.075000 6.154827 0.075000 5.948438 0.075000 4.293643 0.075000 4.814361 0.375000
6.036458 0.075000 6.174225 0.075000 7.276186 0.075000 7.563465 0.075000 6.179424 0.075000 6.106512 0.075000 4.550897 0.075000 4.477315 0.075000
6.041774 0.075000 6.198888 0.075000 7.274971 0.075000 7.615318 0.375000 6.307625 0.075000 6.000421 0.075000 4.745911 0.075000 4.425845 0.075000
5.834525 0.075000 6.146999 0.375000 7.256376 0.075000 7.392659 0.075000 6.336411 0.075000 6.109450 0.075000 4.994288 0.375000 4.527038 0.075000
5.682249 0.075000 5.961837 0.075000 7.205919 0.075000 7.390104 0.075000 6.483715 0.075000 6.139587 0.075000 4.656637 0.075000 4.528097 0.075000
5.601709 0.075000 5.999171 0.075000 6.964380 0.075000 7.089080 0.075000 6.634325 0.075000 6.249629 0.075000 4.998081 0.075000 4.746716 0.075000
5.373316 0.075000 5.665900 0.375000 7.051142 0.075000 6.892621 0.075000 6.544313 0.075000 6.620612 0.075000 5.214517 0.375000 4.714882 0.075000
5.371759 0.075000 5.678328 0.075000 6.797961 0.075000 6.983067 0.075000 6.659456 0.075000 6.455196 0.075000 5.079276 0.075000 4.951644 0.075000
5.230569 0.075000 5.474736 0.075000 6.817128 0.075000 6.744124 0.075000 6.759561 0.075000 6.584782 0.075000 5.408489 0.075000 5.090626 0.075000
5.248575 0.075000 5.379885 0.075000 6.820500 0.075000 6.840421 0.075000 6.714531 0.075000 6.790282 0.375000 5.268226 0.075000 5.223710 0.075000
5.175625 0.075000 5.298765 0.075000 6.698632 0.075000 6.777062 0.075000 6.897484 0.075000 6.808682 0.075000 5.376657 0.075000 5.442826 0.375000
5.136464 0.075000 5.098774 0.075000 6.510753 0.075000 6.786217 0.075000 7.204805 0.075000 6.989352 0.375000 5.470802 0.075000 5.188390 0.075000
4.765600 0.075000 4.819758 0.075000 6.435030 0.075000 6.479636 0.075000 6.898587 0.075000 6.880794 0.075000 5.734442 0.075000 5.475329 0.075000
5.307374 0.375000 5.022363 0.075000 6.334911 0.075000 6.534127 0.075000 7.240138 0.075000 6.935253 0.075000 5.844288 0.075000 5.393657 0.075000
4.963928 0.375000 4.883616 0.075000 6.210327 0.075000 6.432859 0.075000 7.043389 0.075000 6.832272 0.375000 5.893713 0.075000 5.586499 0.075000
4.605899 0.075000 4.719818 0.075000 6.183465 0.075000 6.268627 0.375000 7.262175 0.075000 6.963667 0.075000 5.902300 0.075000 5.712439 0.075000
4.738045 0.075000 4.973006 0.375000 6.006613 0.075000 6.320842 0.075000 7.206515 0.075000 7.244725 0.075000 6.004742 0.075000 5.882312 0.075000
4.526504 0.075000 4.641019 0.075000 6.152752 0.075000 6.434611 0.075000 7.307954 0.075000 7.691074 0.375000 6.504969 0.375000 6.103093 0.075000
4.420053 0.075000 4.610773 0.075000 6.061288 0.075000 6.208454 0.075000 7.511117 0.075000 7.475480 0.375000 6.258753 0.075000 6.282749 0.375000
4.355545 0.075000 4.494416 0.075000 6.003930 0.075000 6.043859 0.075000 7.552871 0.075000 7.480255 0.075000 6.431996 0.075000 6.138342 0.075000
4.203446 0.075000 4.224278 0.075000 5.971801 0.375000 6.049116 0.075000 7.794639 0.075000 7.670903 0.075000 6.515442 0.075000 6.422321 0.075000
4.042577 0.075000 4.246464 0.075000 5.686736 0.075000 6.006722 0.075000 8.015067 0.075000 7.573119 0.075000 6.808967 0.075000 6.581811 0.075000
4.415805 0.375000 4.181232 0.075000 5.908360 0.075000 5.952943 0.075000 7.846798 0.075000 7.724880 0.075000 6.792715 0.375000 6.631021 0.075000
3.983669 0.075000 4.109790 0.075000 5.819258 0.075000 5.944801 0.075000 7.797811 0.075000 7.797625 0.075000 6.931120 0.075000 6.449948 0.075000
3.865863 0.075000 4.186811 0.075000 5.621335 0.075000 5.723874 0.075000 8.175439 0.075000 7.880806 0.075000 6.962901 0.075000 6.816482 0.075000
3.932775 0.075000 3.880712 0.075000 5.530029 0.075000 5.734247 0.075000 8.103286 0.375000 7.844744 0.075000 7.041056 0.075000 6.902907 0.075000
3.925421 0.075000 3.654652 0.075000 5.604669 0.075000 5.740108 0.075000 8.387008 0.075000 8.019377 0.075000 7.214987 0.075000 6.908419 0.075000
3.745437 0.075000 3.885476 0.075000 5.661140 0.075000 5.598611 0.075000 8.329772 0.075000 8.284651 0.075000 7.303695 0.075000 7.103317 0.075000
3.589304 0.075000 3.749531 0.075000 5.565670 0.075000 5.541043 0.075000 8.478173 0.075000 8.056724 0.075000 7.311444 0.075000 7.204230 0.075000
3.583989 0.075000 3.870643 0.075000 5.580820 0.075000 5.972628 0.375000 8.757075 0.375000 8.514929 0.075000 7.508408 0.075000 7.423290 0.375000
3.860361 0.375000 3.691862 0.075000 5.715674 0.075000 5.619112 0.075000 8.474517 0.075000 8.349107 0.075000 7.507095 0.075000 7.546081 0.375000
3.562314 0.075000 3.575981 0.075000 5.384541 0.075000 5.481129 0.075000 8.470975 0.075000 8.282209 0.075000 7.735214 0.075000 7.259331 0.075000
3.726267 0.075000 3.591147 0.075000 5.493905 0.075000 5.756493 0.075000 8.551273 0.075000 8.558923 0.075000 7.727591 0.075000 7.517875 0.075000
3.588808 0.075000 3.527956 0.075000 5.528435 0.075000 5.423567 0.075000 8.691874 0.075000 8.640369 0.075000 7.847708 0.375000 7.287979 0.375000
3.406767 0.075000 3.591725 0.075000 5.880204 0.375000 5.241645 0.075000 8.407058 0.375000 8.775980 0.075000 7.777100 0.075000 7.539082 0.375000
3.677727 0.075000 3.631586 0.075000 5.762790 0.375000 5.623116 0.075000 8.712116 0.375000 8.510948 0.075000 7.599180 0.075000 7.718996 0.075000
3.449220 0.075000 3.691690 0.075000 5.396516 0.075000 5.598117 0.075000 8.615687 0.075000 8.600571 0.075000 7.904032 0.075000 7.663412 0.075000
3.606348 0.075000 3.595233 0.075000 5.397238 0.075000 5.440616 0.075000 8.760544 0.075000 8.711406 0.075000 7.903920 0.075000 7.803005 0.075000
3.860827 0.075000 3.796547 0.075000 5.288293 0.375000 5.239076 0.075000 8.786339 0.075000 8.739529 0.075000 7.823079 0.075000 7.761656 0.075000
3.761337 0.075000 3.504018 0.075000 5.084215 0.075000 5.412394 0.075000 8.516842 0.075000 8.643303 0.375000 8.161412 0.075000 8.081584 0.375000
3.904036 0.075000 3.779793 0.075000 4.950452 0.075000 5.254205 0.075000 8.593736 0.075000 8.760270 0.075000 8.056493 0.075000 8.277447 0.075000
3.953916 0.075000 3.939787 0.375000 4.729552 0.075000 4.933261 0.075000 8.499406 0.075000 8.596961 0.075000 8.125252 0.375000 7.930506 0.075000
4.258955 0.075000 3.903960 0.075000 4.632229 0.075000 4.786017 0.375000 8.291348 0.075000 8.475097 0.075000 7.973519 0.075000 8.454741 0.375000
4.443562 0.075000 4.001285 0.075000 5.294086 0.375000 4.798435 0.075000 8.291825 0.075000 9.011783 0.375000 8.317434 0.075000 8.329287 0.375000
4.149987 0.075000 4.228419 0.075000 4.408305 0.075000 4.731015 0.075000 8.433319 0.075000 8.398440 0.075000 8.393006 0.075000 8.197406 0.075000
4.295061 0.075000 4.615333 0.075000 4.325570 0.075000 4.790972 0.075000 8.250473 0.075000 8.583252 0.075000 8.332375 0.075000 8.364597 0.075000
4.726524 0.075000 4.486574 0.075000 4.218217 0.075000 4.338111 0.075000 8.223813 0.075000 8.224018 0.075000 8.343826 0.075000 8.298923 0.075000
4.725161 0.075000 4.312918 0.075000 4.086148 0.075000 4.372394 0.075000 8.106001 0.075000 8.444605 0.075000 8.696202 0.075000 8.456924 0.075000
4.730636 0.075000 4.590946 0.075000 4.016248 0.075000 4.186271 0.075000 7.932960 0.075000 8.339842 0.075000 8.598780 0.075000 8.469318 0.075000
4.830416 0.075000 4.836505 0.075000 4.117097 0.075000 4.153650 0.075000 8.324153 0.075000 8.019315 0.075000 9.070090 0.375000 8.412676 0.075000
5.003224 0.075000 4.870608 0.375000 3.936107 0.075000 4.066816 0.075000 8.048557 0.075000 8.142619 0.075000 8.708167 0.075000 8.541117 0.075000
5.034291 0.075000 4.766928 0.075000 4.021398 0.075000 3.843972 0.075000 7.918292 0.075000 8.102390 0.075000 8.677231 0.075000 8.673678 0.075000
4.967480 0.075000 4.807193 0.075000 3.674777 0.075000 3.924234 0.075000 8.658151 0.375000 8.038018 0.075000 8.811938 0.075000 8.483679 0.375000
5.280294 0.075000 5.081468 0.075000 3.813604 0.075000 3.660092 0.075000 8.015126 0.075000 8.015339 0.075000 8.820166 0.075000 8.698660 0.075000
5.083157 0.075000 5.187498 0.075000 3.886590 0.075000 4.101045 0.075000 8.289599 0.075000 8.088242 0.075000 8.711975 0.075000 8.793499 0.075000
5.115990 0.075000 4.953807 0.075000 3.502497 0.075000 3.825131 0.075000 8.107023 0.075000 8.055401 0.075000 8.532316 0.075000 8.826243 0.075000
5.193615 0.075000 5.077173 0.075000 3.666816 0.075000 3.826081 0.075000 7.988984 0.075000 8.228664 0.075000 8.689827 0.075000 9.638674 0.375000
5.234225 0.075000 5.083145 0.075000 3.551047 0.075000 3.688481 0.075000 8.112167 0.075000 8.215233 0.075000 8.620181 0.075000 8.701900 0.075000
5.422123 0.075000 5.278167 0.075000 3.560596 0.075000 3.562540 0.075000 7.530333 0.075000 8.947305 0.375000 8.826730 0.375000 8.860130 0.075000
5.473100 0.075000 5.500795 0.075000 3.651335 0.075000 3.480467 0.075000 7.684185 0.075000 7.864356 0.075000 8.702979 0.075000 8.729552 0.075000
5.524961 0.075000 5.409652 0.075000 3.773632 0.075000 3.777826 0.075000 8.434730 0.375000 7.646672 0.075000 8.265222 0.375000 8.619353 0.375000
5.352353 0.075000 5.701953 0.375000 3.764830 0.075000 3.405727 0.375000 7.285000 0.075000 7.672697 0.075000 8.236724 0.075000 8.700397 0.075000
5.366740 0.075000 5.644586 0.075000 4.022343 0.075000 3.592564 0.075000 7.256748 0.075000 7.312634 0.075000 8.456825 0.075000 8.448843 0.075000
5.529753 0.075000 5.467584 0.075000 4.133327 0.075000 3.662343 0.075000 7.232627 0.075000 7.386759 0.075000 8.283918 0.075000 8.320989 0.075000
5.578948 0.075000 5.577580 0.075000 4.471439 0.375000 3.852144 0.075000 7.006933 0.075000 7.344634 0.075000 8.071922 0.075000 8.651703 0.375000
5.489724 0.075000 5.587862 0.075000 4.083612 0.075000 3.792845 0.075000 7.086273 0.375000 7.281394 0.075000 7.711801 0.075000 8.222844 0.075000
5.755518 0.075000 5.607831 0.075000 4.043654 0.075000 4.118129 0.375000 7.562054 0.375000 7.073284 0.075000 7.989408 0.075000 7.959639 0.075000
6.040669 0.075000 5.794916 0.075000 4.125081 0.075000 4.118375 0.075000 6.825818 0.075000 6.725824 0.075000 7.785914 0.075000 8.068715 0.075000
5.847284 0.075000 5.862148 0.075000 4.305230 0.075000 4.033722 0.075000 6.557240 0.075000 6.805024 0.075000 7.685692 0.075000 7.926625 0.075000
6.544158 0.375000 5.867700 0.075000 4.215058 0.075000 4.433419 0.075000 6.555828 0.075000 6.772617 0.075000 7.433000 0.075000 8.166124 0.375000
5.777017 0.075000 5.664273 0.075000 4.429587 0.075000 4.302411 0.075000 6.259372 0.075000 7.099357 0.375000 7.424379 0.075000 7.943785 0.375000
6.017668 0.075000 5.932879 0.075000 4.455737 0.075000 4.473976 0.075000 6.384321 0.075000 6.601322 0.075000 7.476628 0.075000 7.533838 0.075000
6.096805 0.075000 5.873724 0.075000 4.476532 0.075000 5.172112 0.375000 6.329389 0.075000 6.283143 0.075000 7.270905 0.075000 7.700030 0.375000
5.967831 0.075000 5.973731 0.075000 4.668043 0.075000 4.559893 0.075000 6.105319 0.075000 6.275649 0.075000 7.275879 0.075000 7.403347 0.075000
6.828912 0.375000 6.016921 0.075000 5.287125 0.375000 4.699034 0.075000 5.854900 0.075000 6.191722 0.075000 7.460579 0.075000 7.365395 0.075000
6.260517 0.075000 6.011028 0.075000 4.579856 0.075000 4.576791 0.075000 6.057323 0.375000 6.124177 0.075000 6.816264 0.075000 7.129458 0.075000
6.388388 0.075000 6.168196 0.075000 4.994738 0.075000 4.823536 0.075000 5.726279 0.075000 6.145981 0.075000 7.146396 0.075000 7.075872 0.075000
6.536443 0.075000 6.304698 0.075000 5.166324 0.075000 4.945176 0.075000 5.461564 0.075000 5.847664 0.075000 6.906829 0.075000 7.011841 0.075000
6.648566 0.075000 6.160003 0.075000 5.173614 0.075000 4.839841 0.075000 5.681959 0.075000 5.739178 0.075000 6.894096 0.075000 6.647210 0.075000
6.547212 0.075000 6.459861 0.075000 5.260488 0.075000 5.172891 0.075000 5.518188 0.075000 6.113104 0.375000 7.119615 0.375000 6.891696 0.075000
6.687768 0.075000 6.504174 0.075000 5.317483 0.075000 5.194155 0.075000 5.433871 0.075000 5.477578 0.075000 6.742293 0.075000 6.753945 0.075000
6.795992 0.075000 6.548579 0.075000 5.397357 0.075000 5.315748 0.075000 5.291002 0.075000 5.580683 0.075000 6.532221 0.075000 6.595465 0.075000
7.045387 0.375000 6.968033 0.375000 5.488918 0.075000 5.352284 0.075000 5.242955 0.075000 5.063649 0.075000 6.468625 0.075000 6.616327 0.075000
6.828855 0.075000 6.672730 0.075000 5.559364 0.075000 5.338634 0.075000 4.865341 0.075000 5.282970 0.075000 6.633361 0.075000 6.436111 0.075000
6.889370 0.075000 7.315809 0.375000 5.747186 0.375000 5.447216 0.075000 4.961324 0.075000 5.226623 0.075000 6.335185 0.075000 6.637611 0.075000
7.380286 0.075000 7.039378 0.075000 5.836469 0.075000 5.609084 0.075000 5.087295 0.075000 5.038995 0.075000 6.490415 0.075000 6.189952 0.075000
7.036798 0.075000 7.117524 0.075000 5.912277 0.075000 5.878227 0.075000 4.767710 0.075000 4.925088 0.075000 6.295007 0.075000 6.435183 0.075000
7.166445 0.075000 7.801013 0.375000 6.088612 0.075000 5.853493 0.075000 4.696767 0.075000 4.742902 0.075000 6.497641 0.375000 6.308301 0.075000
7.400673 0.075000 7.219580 0.075000 6.062300 0.075000 5.957303 0.075000 4.535023 0.075000 4.687164 0.075000 6.322240 0.075000 6.323959 0.075000
7.309788 0.075000 7.255220 0.075000 6.364918 0.075000 6.131737 0.075000 4.740165 0.375000 4.731676 0.075000 6.206147 0.075000 6.147852 0.075000
7.512436 0.075000 7.436290 0.075000 6.309392 0.075000 6.313083 0.075000 4.347919 0.075000 4.746605 0.075000 5.897495 0.075000 6.083712 0.075000
7.722162 0.075000 7.208428 0.075000 6.559549 0.075000 6.393256 0.075000 4.307487 0.075000 4.457655 0.075000 5.925906 0.075000 6.047459 0.075000
8.255049 0.375000 7.589517 0.075000 6.583412 0.075000 6.310272 0.075000 4.459222 0.075000 4.182488 0.075000 6.037350 0.075000 5.972029 0.075000
7.740098 0.075000 7.603020 0.075000 6.827007 0.075000 6.401721 0.075000 4.041875 0.075000 4.331991 0.075000 5.911451 0.075000 5.807564 0.075000
7.931582 0.075000 7.907752 0.375000 6.750288 0.075000 7.881951 0.375000 4.551025 0.375000 4.284751 0.075000 5.903544 0.075000 5.769633 0.075000
8.018660 0.075000 7.802334 0.075000 7.028886 0.375000 6.861133 0.075000 3.946485 0.075000 4.072726 0.075000 5.778437 0.075000 5.841251 0.075000
8.323603 0.075000 7.848542 0.075000 6.885686 0.075000 6.707998 0.075000 3.801575 0.075000 4.111248 0.075000 5.757687 0.075000 5.892058 0.075000
8.132228 0.075000 7.973935 0.075000 7.138663 0.075000 7.047591 0.075000 4.007579 0.075000 3.925958 0.075000 5.918864 0.075000 5.678839 0.075000
8.266860 0.075000 8.092187 0.375000 7.191434 0.075000 6.962590 0.075000 3.801227 0.075000 3.713671 0.075000 5.764398 0.075000 5.699509 0.075000
8.332763 0.075000 8.220502 0.075000 7.141572 0.075000 7.159935 0.075000 3.695581 0.075000 3.611955 0.375000 5.530090 0.075000 5.502436 0.075000
8.346078 0.075000 8.347503 0.075000 7.395387 0.075000 7.260706 0.075000 3.797650 0.075000 3.859440 0.075000 5.688914 0.075000 5.613628 0.075000
8.505772 0.075000 8.433809 0.075000 7.485790 0.075000 7.007613 0.075000 3.834480 0.375000 3.817631 0.375000 5.419224 0.075000 5.692533 0.075000
8.402906 0.075000 8.369048 0.075000 7.365425 0.075000 7.278385 0.075000 3.888493 0.375000 3.802694 0.075000 5.506542 0.075000 5.511111 0.075000
8.540630 0.075000 8.434819 0.075000 7.537864 0.075000 7.317463 0.075000 3.554432 0.075000 3.808154 0.075000 5.428675 0.075000 6.053850 0.375000
8.702951 0.375000 8.371748 0.075000 7.591839 0.075000 7.512855 0.075000 3.652800 0.075000 3.838226 0.075000 5.404993 0.075000 5.568815 0.075000
8.561361 0.075000 8.510088 0.075000 7.694870 0.075000 7.369013 0.075000 3.610387 0.075000 3.582291 0.075000 5.601638 0.075000 5.463376 0.075000
8.674174 0.075000 8.566406 0.075000 7.837000 0.075000 7.554811 0.075000 3.352935 0.075000 3.631744 0.075000 5.452361 0.075000 5.648839 0.075000
8.981679 0.375000 8.490711 0.075000 8.127423 0.375000 7.546170 0.075000 3.410900 0.075000 3.795642 0.075000 5.373772 0.075000 5.413693 0.075000
8.802008 0.075000 8.719749 0.075000 7.791855 0.075000 7.518010 0.075000 3.885215 0.375000 3.563561 0.075000 5.553702 0.075000 5.436269 0.075000
9.055361 0.075000 8.766650 0.075000 7.624260 0.075000 7.649845 0.075000 3.293137 0.075000 3.886407 0.375000 5.720354 0.075000 5.439982 0.075000
8.965826 0.075000 8.832424 0.075000 7.742655 0.075000 7.707410 0.075000 3.070849 0.075000 3.424730 0.075000 5.555172 0.075000 5.645960 0.075000
9.193108 0.075000 8.867157 0.075000 7.581575 0.075000 7.864257 0.075000 3.015268 0.075000 3.373018 0.075000 5.879869 0.075000 5.712902 0.075000
10.490030 0.375000 9.047499 0.075000 7.715563 0.075000 7.918453 0.075000 2.901238 0.075000 3.098484 0.075000 5.980516 0.075000 5.684596 0.075000
9.406552 0.075000 9.146107 0.075000 7.588803 0.075000 7.642979 0.075000 2.861820 0.075000 3.333217 0.375000 6.097423 0.075000 5.906448 0.075000
9.310281 0.075000 9.250118 0.075000 7.504297 0.075000 8.230466 0.375000 2.875411 0.075000 2.957805 0.075000 6.161739 0.075000 5.930843 0.075000
9.190895 0.375000 9.301103 0.075000 7.600324 0.075000 7.587034 0.075000 2.720688 0.075000 2.960501 0.075000 6.327885 0.075000 5.990056 0.075000
9.580026 0.075000 9.394731 0.075000 7.866929 0.375000 7.604143 0.075000 2.787043 0.075000 2.769970 0.075000 6.315753 0.075000 6.267760 0.075000
9.489005 0.075000 9.545393 0.075000 7.471814 0.075000 7.639322 0.075000 2.308407 0.075000 2.415461 0.075000 6.395907 0.075000 6.438715 0.075000
9.652324 0.075000 9.550246 0.075000 7.579126 0.075000 7.504853 0.075000 2.375855 0.075000 2.435561 0.075000 6.741583 0.075000 8.555087 0.375000
9.917137 0.075000 9.693309 0.075000 7.356117 0.075000 7.542448 0.075000 2.225225 0.075000 2.417376 0.075000 6.743456 0.075000 6.680965 0.375000
9.842621 0.075000 9.639524 0.075000 7.613937 0.075000 7.585433 0.075000 2.178849 0.075000 2.364657 0.075000 6.793916 0.075000 6.748510 0.075000
10.060782 0.375000 9.620244 0.075000 7.508931 0.075000 7.435083 0.075000 2.204898 0.075000 2.342104 0.075000 6.789559 0.375000 6.624221 0.075000
9.993104 0.075000 9.832043 0.075000 7.290916 0.075000 7.339825 0.075000 2.060235 0.075000 2.352972 0.075000 6.952777 0.075000 6.734963 0.075000
9.737225 0.075000 9.831318 0.075000 7.404446 0.075000 7.628113 0.075000 1.907126 0.075000 2.105993 0.075000 7.284584 0.375000 6.760566 0.075000
9.912469 0.075000 9.836285 0.075000 7.521624 0.075000 7.562959 0.075000 1.993761 0.075000 2.095475 0.075000 7.077918 0.075000 6.818848 0.075000
9.969580 0.075000 10.024768 0.075000 7.297421 0.075000 7.395997 0.075000 1.990473 0.075000 2.169426 0.075000 7.223055 0.075000 7.077034 0.075000
9.981237 0.075000 9.921926 0.075000 7.259227 0.075000 7.492928 0.075000 1.876971 0.075000 1.815039 0.075000 7.179535 0.075000 7.162839 0.375000
10.055128 0.075000 9.858330 0.075000 7.511278 0.075000 7.517042 0.375000 1.856268 0.075000 1.907743 0.075000 7.236655 0.075000 6.902927 0.075000
9.868576 0.075000 10.062233 0.075000 7.334371 0.075000 7.373710 0.075000 1.837236 0.075000 1.938882 0.075000 7.070631 0.075000 6.967394 0.075000
10.045364 0.075000 9.898366 0.075000 7.141713 0.075000 7.559783 0.075000 1.775398 0.075000 1.965624 0.075000 7.302528 0.375000 7.207575 0.075000
9.928425 0.075000 10.449893 0.375000 7.054488 0.075000 8.239042 0.375000 1.967321 0.075000 1.866037 0.075000 7.418550 0.075000 7.113696 0.075000
9.892404 0.075000 9.777549 0.375000 7.249176 0.375000 7.379359 0.075000 1.896203 0.075000 1.907779 0.075000 7.242289 0.075000 7.263405 0.075000
9.660569 0.075000 9.906163 0.075000 6.756437 0.075000 7.323181 0.375000 2.097492 0.075000 2.098897 0.075000 7.363232 0.375000 7.191807 0.075000
9.654004 0.075000 9.794552 0.075000 6.875000 0.075000 6.902553 0.075000 2.214531 0.075000 2.161934 0.075000 7.485467 0.075000 8.083661 0.375000
9.718873 0.375000 9.741438 0.075000 6.866860 0.075000 6.911496 0.075000 2.252991 0.075000 2.162106 0.075000 7.545370 0.075000 7.501263 0.375000
9.564728 0.375000 9.543856 0.075000 6.598877 0.075000 6.696938 0.075000 2.313200 0.075000 2.402684 0.075000 7.508526 0.075000 7.238073 0.075000
10.090667 0.375000 9.518660 0.075000 6.437388 0.375000 6.652432 0.075000 2.473487 0.075000 2.410618 0.075000 7.534479 0.075000 7.216076 0.075000
9.507885 0.075000 9.676027 0.075000 6.663392 0.075000 6.292553 0.075000 2.568071 0.075000 2.535254 0.075000 7.582248 0.075000 7.488007 0.075000
9.305842 0.375000 9.316662 0.075000 6.093635 0.075000 6.441988 0.075000 2.880626 0.075000 2.627689 0.075000 7.706386 0.075000 7.398885 0.075000
9.318146 0.075000 9.445727 0.075000 6.121068 0.075000 6.418315 0.075000 3.038066 0.375000 2.750348 0.075000 7.581631 0.075000 7.492690 0.075000
9.546904 0.375000 9.318382 0.075000 5.937508 0.075000 5.937123 0.075000 2.870847 0.075000 2.960323 0.075000 7.708195 0.075000 7.672785 0.075000
9.099191 0.075000 9.092828 0.075000 5.629640 0.075000 6.019557 0.075000 3.070139 0.075000 2.939522 0.075000 7.767350 0.075000 7.736860 0.075000
9.060044 0.075000 9.112835 0.075000 5.595557 0.075000 6.030466 0.075000 3.292209 0.075000 3.092474 0.075000 7.606999 0.075000 7.757343 0.075000
8.856639 0.075000 9.025048 0.075000 5.500436 0.075000 5.704916 0.075000 3.240226 0.075000 2.984348 0.075000 7.908992 0.075000 7.828475 0.075000
8.865342 0.075000 8.939335 0.075000 5.340757 0.075000 5.653074 0.075000 3.674872 0.075000 3.292208 0.075000 7.998343 0.075000 7.760449 0.075000
8.676242 0.075000 8.779600 0.075000 5.409283 0.075000 5.568980 0.375000 3.575506 0.075000 3.269193 0.075000 7.858856 0.075000 7.947747 0.075000
8.765893 0.075000 8.698722 0.075000 5.224272 0.075000 5.532578 0.075000 3.604042 0.075000 3.374025 0.075000 7.975673 0.075000 7.724484 0.075000
8.764287 0.075000 8.685670 0.075000 5.100180 0.075000 5.413975 0.075000 3.840544 0.075000 3.621533 0.075000 7.977093 0.075000 8.077412 0.075000
8.525129 0.075000 8.638352 0.075000 4.963762 0.075000 5.151552 0.075000 4.054862 0.375000 3.756540 0.075000 8.406889 0.375000 8.077846 0.075000
8.480380 0.075000 8.738305 0.075000 4.773396 0.075000 5.208403 0.075000 3.882544 0.075000 3.813068 0.075000 8.062609 0.075000 7.914847 0.075000
8.267451 0.075000 8.553345 0.075000 4.741673 0.075000 4.958071 0.075000 4.261691 0.075000 4.018980 0.075000 8.250616 0.075000 8.134260 0.075000
8.329411 0.075000 8.570683 0.075000 4.459677 0.075000 4.507398 0.375000 4.381548 0.075000 4.134043 0.075000 8.374736 0.075000 8.126721 0.075000
8.209722 0.075000 8.363004 0.075000 4.518063 0.075000 4.684195 0.075000 4.473995 0.075000 4.026972 0.075000 8.385689 0.075000 8.202191 0.075000
8.174211 0.075000 8.457995 0.375000 4.313171 0.075000 4.665489 0.075000 4.531635 0.075000 4.402111 0.075000 8.434593 0.075000 8.322792 0.075000
8.290591 0.075000 8.372341 0.075000 4.132509 0.075000 4.537987 0.075000 4.646120 0.075000 4.152356 0.075000 8.499342 0.075000 8.348016 0.075000
8.000267 0.075000 9.211507 0.375000 4.029455 0.075000 4.371949 0.075000 4.904851 0.075000 4.521818 0.075000 8.573384 0.375000 8.339373 0.075000
8.167021 0.075000 7.996810 0.075000 3.884257 0.075000 4.016526 0.075000 5.256722 0.375000 5.748381 0.375000 9.201423 0.375000 8.515063 0.075000
8.194863 0.075000 8.053632 0.075000 3.884912 0.075000 3.786540 0.075000 4.889441 0.075000 4.732990 0.075000 8.557197 0.075000 8.557608 0.075000
7.963782 0.075000 8.093313 0.075000 3.823356 0.075000 3.708921 0.075000 5.106084 0.075000 4.358036 0.375000 9.178479 0.375000 8.554299 0.075000
7.804662 0.075000 8.123871 0.075000 3.717662 0.375000 3.738710 0.075000 5.232865 0.075000 4.938262 0.375000 8.774284 0.075000 8.609725 0.075000
8.005306 0.075000 7.879623 0.075000 3.308137 0.075000 3.902420 0.075000 5.411902 0.075000 5.331376 0.075000 9.004675 0.075000 9.218704 0.375000
7.936698 0.075000 7.996506 0.075000 3.392718 0.075000 3.681005 0.075000 5.544242 0.075000 5.348601 0.075000 8.953793 0.075000 8.770681 0.075000
7.894928 0.075000 7.621796 0.075000 3.247453 0.075000 3.242113 0.375000 5.830035 0.075000 5.429784 0.075000 9.016296 0.075000 8.968914 0.075000
7.799088 0.075000 7.867783 0.075000 3.104020 0.075000 3.163080 0.075000 5.690641 0.075000 5.693819 0.075000 9.026407 0.075000 9.160967 0.075000
7.626718 0.075000 7.834572 0.075000 2.891808 0.075000 3.196661 0.075000 5.709230 0.075000 5.707116 0.075000 9.140595 0.075000 9.059904 0.075000
7.753964 0.075000 7.919805 0.075000 2.984500 0.075000 3.114480 0.075000 5.956916 0.075000 5.719188 0.075000 9.431807 0.075000 8.781675 0.075000
7.422574 0.075000 8.101377 0.375000 3.147566 0.375000 2.740666 0.075000 6.112644 0.075000 5.990344 0.075000 9.400372 0.075000 9.183763 0.075000
7.458926 0.075000 7.558930 0.075000 2.702083 0.075000 2.797183 0.075000 6.227605 0.075000 6.028727 0.075000 9.687006 0.075000 9.122554 0.075000
7.554936 0.075000 7.758131 0.075000 2.617195 0.075000 2.651108 0.075000 6.283649 0.075000 6.066446 0.075000 9.488361 0.075000 9.475741 0.075000
7.319837 0.075000 7.860768 0.075000 2.438037 0.075000 2.495198 0.075000 6.557715 0.075000 6.226825 0.075000 9.525272 0.075000 9.637129 0.075000
7.425736 0.075000 7.609514 0.075000 2.363239 0.075000 2.843688 0.375000 6.478618 0.075000 6.283552 0.075000 9.582736 0.075000 9.741152 0.375000
7.435395 0.075000 7.623338 0.075000 2.143808 0.075000 2.465368 0.075000 6.736451 0.075000 6.664818 0.075000 9.748615 0.075000 9.606667 0.075000
8.330415 0.375000 7.591630 0.075000 2.223434 0.075000 2.466060 0.075000 6.867423 0.075000 6.473978 0.075000 9.641573 0.075000 9.669105 0.075000
7.462814 0.075000 7.481741 0.075000 2.036544 0.075000 2.334146 0.075000 6.932675 0.075000 6.750025 0.075000 9.797714 0.075000 9.707826 0.075000
7.490856 0.075000 7.916834 0.375000 1.959003 0.075000 2.132948 0.075000 6.893664 0.075000 6.859444 0.075000 9.994718 0.075000 9.701674 0.075000
7.403772 0.075000 7.387982 0.075000 2.142307 0.075000 2.053322 0.075000 7.260563 0.375000 6.620610 0.075000 9.948994 0.075000 9.804427 0.075000
7.399658 0.075000 7.464843 0.075000 1.849510 0.075000 2.107142 0.075000 7.542280 0.375000 7.006102 0.075000 10.078950 0.075000 9.757733 0.075000
7.418483 0.075000 7.537748 0.075000 1.749039 0.075000 2.161052 0.075000 7.129435 0.075000 6.911401 0.075000 10.217309 0.075000 10.352887 0.375000
