1.500723 0.030000 1.383541 0.030000 7.063402 0.030000 6.994613 0.030000 9.810942 0.030000 9.920873 0.030000 6.980284 0.030000 7.167409 0.030000 4.170688 0.030000 4.304725 0.030000 3.306246 0.150000 3.116553 0.030000 7.487970 0.030000 7.671700 0.030000 3.608621 0.150000 3.229117 0.030000 7.640790 0.030000 7.634683 0.030000
1.573193 0.030000 1.454052 0.030000 7.055302 0.030000 7.045342 0.030000 9.769416 0.030000 9.851768 0.030000 6.880699 0.030000 7.101247 0.030000 4.132185 0.030000 4.230787 0.030000 3.194538 0.030000 3.156649 0.030000 7.394076 0.030000 7.632437 0.030000 2.990337 0.030000 3.097116 0.030000 7.545851 0.030000 7.526773 0.030000
1.666878 0.030000 1.527766 0.030000 7.108244 0.030000 7.144950 0.030000 9.648364 0.030000 9.771210 0.030000 6.745408 0.030000 6.947978 0.030000 4.051772 0.030000 4.207003 0.030000 3.237747 0.030000 3.161821 0.030000 7.327712 0.030000 7.422445 0.030000 2.840598 0.150000 3.109069 0.030000 7.487863 0.030000 7.578813 0.030000
2.412264 0.150000 1.627657 0.030000 7.161076 0.030000 7.106233 0.030000 9.626971 0.030000 9.698030 0.030000 6.636120 0.030000 6.762448 0.030000 3.940962 0.030000 4.081173 0.030000 3.725655 0.150000 3.255405 0.030000 7.179112 0.030000 7.352226 0.030000 2.792976 0.030000 2.915239 0.030000 7.412970 0.030000 7.523546 0.030000
1.885991 0.030000 1.647655 0.030000 7.110729 0.030000 7.138503 0.030000 9.460214 0.030000 9.624323 0.030000 6.491114 0.030000 7.267327 0.150000 4.398300 0.150000 4.016622 0.030000 3.418881 0.030000 3.260579 0.030000 7.094437 0.030000 7.268920 0.030000 2.657881 0.030000 2.844588 0.030000 7.407117 0.030000 7.419443 0.030000
1.941818 0.030000 1.819821 0.030000 7.173091 0.030000 7.082953 0.030000 9.395018 0.030000 9.544311 0.030000 6.400066 0.030000 6.565707 0.030000 3.930518 0.150000 3.893295 0.030000 3.390269 0.030000 3.389900 0.030000 6.972402 0.030000 7.138769 0.030000 2.562100 0.030000 2.704657 0.030000 7.425734 0.030000 7.447896 0.030000
2.037001 0.030000 1.860283 0.030000 7.183124 0.030000 7.201303 0.030000 9.368228 0.030000 9.446470 0.030000 6.249854 0.030000 6.430146 0.030000 3.721322 0.030000 3.841773 0.030000 3.530211 0.030000 3.332600 0.030000 6.919800 0.030000 6.995874 0.030000 2.349964 0.030000 2.584561 0.030000 7.325892 0.030000 7.403236 0.030000
2.185622 0.030000 2.014212 0.030000 7.239070 0.030000 7.191534 0.030000 9.244103 0.030000 9.366863 0.030000 6.111949 0.030000 6.354897 0.030000 3.644215 0.030000 3.805588 0.030000 3.562925 0.030000 3.461944 0.030000 6.689703 0.030000 6.890755 0.030000 2.270340 0.030000 2.439906 0.030000 7.239253 0.030000 7.346136 0.030000
2.281393 0.030000 2.160298 0.030000 7.278603 0.030000 7.281174 0.030000 9.109314 0.030000 9.284620 0.030000 6.028163 0.030000 6.149809 0.030000 3.569763 0.030000 3.696961 0.030000 3.654553 0.030000 3.544391 0.030000 6.877446 0.150000 6.838226 0.030000 2.224132 0.030000 3.072159 0.150000 7.277644 0.030000 7.299444 0.030000
2.412601 0.030000 2.218379 0.030000 7.309128 0.030000 7.246039 0.030000 9.059051 0.030000 9.196313 0.030000 5.858300 0.030000 6.417666 0.150000 3.502712 0.030000 4.599657 0.150000 3.781631 0.030000 3.551226 0.030000 6.478004 0.030000 6.710518 0.030000 2.071539 0.030000 2.950939 0.150000 7.260560 0.030000 7.281375 0.030000
2.492926 0.030000 2.381017 0.030000 7.396365 0.030000 7.286753 0.030000 9.038907 0.030000 9.090449 0.030000 5.714253 0.030000 5.936295 0.030000 3.465735 0.030000 3.563200 0.030000 3.778813 0.030000 3.667451 0.030000 6.404377 0.030000 6.566012 0.030000 1.955965 0.030000 2.115564 0.030000 7.218452 0.030000 7.283159 0.030000
2.642795 0.030000 2.508493 0.030000 7.435561 0.030000 7.358200 0.030000 8.944680 0.030000 9.170972 0.150000 5.656625 0.030000 5.857832 0.030000 3.405004 0.030000 3.456485 0.030000 3.889468 0.030000 3.754335 0.030000 6.280301 0.030000 6.481112 0.030000 1.847124 0.030000 2.052363 0.030000 7.176028 0.030000 7.193487 0.030000
2.747395 0.030000 2.551937 0.030000 7.453170 0.030000 7.438934 0.030000 8.867258 0.030000 8.879904 0.030000 5.493206 0.030000 5.703426 0.030000 3.356342 0.030000 3.686205 0.150000 3.971719 0.030000 3.803202 0.030000 6.162047 0.030000 6.406553 0.030000 1.774986 0.030000 1.861028 0.030000 7.191770 0.030000 7.140314 0.030000
2.897562 0.030000 2.715992 0.030000 7.501076 0.030000 7.431022 0.030000 8.770306 0.030000 8.865835 0.030000 5.399892 0.030000 5.650236 0.030000 3.267956 0.030000 3.323524 0.030000 4.032271 0.030000 3.889873 0.030000 6.047162 0.030000 6.236202 0.030000 1.645705 0.030000 1.812828 0.030000 7.185703 0.030000 7.217231 0.030000
2.998158 0.030000 2.777477 0.030000 7.512188 0.030000 7.477591 0.030000 8.707916 0.030000 8.843037 0.030000 5.206083 0.030000 5.487090 0.030000 3.246028 0.030000 3.327949 0.030000 4.102992 0.030000 4.007935 0.030000 5.990418 0.030000 6.143819 0.030000 1.497918 0.030000 1.684638 0.030000 7.077504 0.030000 7.171900 0.030000
3.119330 0.030000 2.941009 0.030000 7.639349 0.030000 7.537998 0.030000 8.630976 0.030000 8.708671 0.030000 5.123498 0.030000 5.350109 0.030000 3.271870 0.030000 3.300064 0.030000 4.195836 0.030000 4.038755 0.030000 5.688480 0.150000 6.056037 0.030000 1.507985 0.030000 1.585541 0.030000 7.143874 0.030000 7.149374 0.030000
3.252409 0.030000 3.055313 0.030000 7.647077 0.030000 7.599439 0.030000 8.574235 0.030000 8.653911 0.030000 5.022957 0.030000 5.211463 0.030000 3.226566 0.150000 3.230527 0.030000 4.269529 0.030000 4.210623 0.030000 5.842783 0.030000 5.923632 0.030000 1.425443 0.030000 2.817394 0.150000 7.026723 0.030000 7.105795 0.030000
3.286507 0.030000 3.146468 0.030000 7.705511 0.030000 7.622110 0.030000 8.506290 0.030000 8.543406 0.030000 5.012710 0.150000 5.079884 0.030000 3.023632 0.150000 3.178725 0.030000 4.339714 0.030000 4.275442 0.030000 5.647696 0.030000 5.847150 0.030000 1.301079 0.030000 1.457468 0.030000 7.059793 0.030000 7.070054 0.030000
3.447264 0.030000 3.278216 0.030000 8.366055 0.150000 8.022708 0.150000 8.450491 0.150000 8.518382 0.030000 4.792695 0.030000 4.978931 0.030000 3.075169 0.030000 3.124536 0.030000 4.478825 0.030000 4.332599 0.030000 5.559715 0.030000 5.668441 0.030000 1.206303 0.030000 1.386817 0.030000 7.050218 0.030000 7.082137 0.030000
3.573549 0.030000 3.324391 0.030000 7.800186 0.030000 7.713540 0.030000 8.332014 0.030000 8.386351 0.030000 4.657238 0.030000 4.876614 0.030000 3.093058 0.030000 4.156951 0.150000 4.598062 0.030000 4.413523 0.030000 5.392494 0.150000 5.550353 0.030000 1.183139 0.030000 1.289239 0.030000 7.025031 0.030000 7.007765 0.030000
4.073603 0.150000 3.481951 0.030000 7.829989 0.030000 8.097078 0.150000 8.306907 0.030000 8.364143 0.030000 4.468225 0.030000 4.738006 0.030000 3.047593 0.030000 3.087218 0.030000 4.679940 0.030000 4.505847 0.030000 5.324032 0.030000 5.477237 0.030000 1.110569 0.030000 1.183037 0.030000 7.022008 0.030000 7.022222 0.030000
3.799167 0.030000 3.617342 0.030000 7.946826 0.030000 7.830148 0.030000 8.195538 0.030000 8.354116 0.030000 4.376505 0.030000 4.569635 0.030000 3.029782 0.030000 3.012704 0.030000 4.776182 0.030000 4.640804 0.030000 5.254291 0.030000 5.395886 0.030000 1.047452 0.030000 1.128394 0.030000 7.031844 0.030000 7.041788 0.030000
3.941150 0.030000 3.767964 0.030000 7.902722 0.030000 7.885051 0.030000 8.133253 0.030000 8.221350 0.030000 4.234407 0.030000 4.461875 0.030000 2.970944 0.030000 3.011027 0.030000 4.900772 0.150000 4.707697 0.030000 5.113058 0.030000 5.290637 0.030000 2.592881 0.150000 1.035571 0.030000 7.008733 0.030000 7.050603 0.030000
4.053796 0.030000 3.906722 0.030000 8.039530 0.030000 7.955929 0.030000 8.088311 0.030000 8.131691 0.030000 4.163853 0.030000 4.387885 0.030000 3.012617 0.030000 2.985681 0.030000 4.950672 0.030000 4.927999 0.150000 5.019190 0.030000 5.222031 0.030000 1.063041 0.030000 1.015864 0.030000 7.007705 0.030000 7.066202 0.030000
4.155925 0.030000 3.998634 0.030000 8.028908 0.030000 7.971535 0.150000 8.006729 0.030000 8.082906 0.030000 4.023830 0.030000 4.268787 0.030000 3.080269 0.030000 3.015175 0.030000 5.098580 0.030000 4.892866 0.030000 4.928109 0.030000 5.113282 0.030000 0.998695 0.150000 1.044662 0.030000 7.064787 0.030000 7.050597 0.030000
4.471660 0.150000 4.080414 0.030000 8.126715 0.030000 8.003272 0.030000 7.999428 0.030000 8.054869 0.030000 4.631113 0.150000 4.108885 0.030000 3.009105 0.030000 3.453638 0.150000 5.150603 0.030000 5.008147 0.030000 4.820292 0.030000 5.005591 0.030000 1.036209 0.030000 0.992079 0.030000 6.996171 0.030000 6.958838 0.030000
4.377199 0.030000 4.234943 0.030000 8.209742 0.030000 8.082130 0.030000 7.934252 0.030000 8.029230 0.030000 3.797658 0.030000 4.025996 0.030000 3.089261 0.030000 3.031315 0.030000 5.264404 0.030000 5.146621 0.030000 4.799419 0.030000 4.950628 0.030000 1.125060 0.030000 1.021944 0.030000 7.045663 0.030000 7.014570 0.030000
4.491620 0.030000 4.341274 0.030000 8.251091 0.030000 8.250401 0.030000 7.869324 0.030000 7.892907 0.030000 3.691071 0.030000 3.902989 0.030000 3.070275 0.030000 3.085853 0.030000 5.357386 0.030000 5.215218 0.030000 4.767785 0.150000 4.792172 0.030000 1.089509 0.030000 1.045582 0.030000 7.037042 0.030000 7.026158 0.030000
4.670368 0.030000 4.663340 0.150000 8.299980 0.030000 8.291747 0.030000 7.779892 0.030000 7.892955 0.030000 3.615615 0.030000 3.913425 0.150000 3.045355 0.030000 3.919518 0.150000 5.420745 0.030000 5.266077 0.030000 4.499811 0.030000 4.698553 0.030000 1.141036 0.030000 1.057412 0.030000 7.083764 0.030000 7.023617 0.030000
4.790562 0.030000 4.473571 0.150000 8.413255 0.030000 8.323411 0.030000 7.701480 0.030000 7.900874 0.150000 3.402367 0.030000 3.673954 0.030000 3.049018 0.030000 3.050440 0.150000 5.527665 0.030000 5.420082 0.030000 4.452404 0.030000 4.571139 0.030000 1.206391 0.030000 1.109032 0.030000 7.049247 0.030000 7.035798 0.030000
5.215098 0.150000 4.935484 0.150000 8.555451 0.030000 8.372474 0.030000 7.715789 0.030000 7.816792 0.030000 3.359361 0.030000 3.500793 0.030000 3.120776 0.030000 3.109665 0.030000 5.736954 0.030000 5.512036 0.030000 4.558656 0.150000 4.512572 0.030000 1.297600 0.030000 1.208606 0.030000 7.061414 0.030000 7.027236 0.030000
5.064043 0.030000 4.798819 0.030000 8.546200 0.030000 8.486552 0.030000 7.598877 0.030000 7.735989 0.030000 3.162560 0.030000 3.430847 0.030000 3.189673 0.030000 3.103690 0.030000 5.880784 0.030000 5.629399 0.030000 4.287614 0.030000 4.431520 0.030000 1.378440 0.030000 1.210571 0.030000 7.097972 0.030000 7.061262 0.030000
5.159869 0.030000 4.959274 0.030000 8.670334 0.030000 8.551060 0.030000 7.597374 0.030000 7.690042 0.030000 3.089791 0.030000 3.366111 0.150000 3.182606 0.030000 3.157094 0.030000 5.856270 0.030000 5.725443 0.030000 4.225038 0.030000 4.346514 0.030000 1.458583 0.030000 1.303246 0.030000 7.078270 0.030000 7.083927 0.030000
5.441423 0.150000 5.048877 0.030000 8.734831 0.030000 8.578540 0.030000 7.566463 0.030000 7.582905 0.030000 2.960777 0.030000 3.183327 0.030000 3.243371 0.030000 3.184721 0.030000 5.956573 0.030000 5.845803 0.030000 4.135098 0.030000 4.245051 0.030000 1.519097 0.030000 1.388964 0.030000 7.137660 0.030000 7.525073 0.150000
5.392548 0.030000 5.185039 0.030000 8.845558 0.150000 8.655710 0.030000 7.546302 0.030000 8.163016 0.150000 2.959354 0.150000 3.038327 0.030000 3.326949 0.030000 3.262688 0.030000 6.463327 0.150000 5.901696 0.030000 3.999084 0.030000 4.179903 0.030000 1.661024 0.030000 1.538945 0.030000 7.145422 0.030000 7.172171 0.030000
5.481573 0.030000 5.293372 0.030000 8.891431 0.030000 8.789415 0.150000 7.429300 0.030000 7.527948 0.030000 2.733925 0.030000 2.965001 0.030000 3.298865 0.030000 3.242509 0.030000 6.494007 0.150000 6.078717 0.030000 3.936323 0.030000 3.999098 0.030000 1.756017 0.030000 2.021360 0.150000 7.142851 0.030000 7.141906 0.030000
5.627145 0.030000 5.472970 0.030000 8.970809 0.030000 8.801271 0.030000 7.422159 0.030000 7.474602 0.030000 2.622440 0.030000 2.814440 0.030000 3.409154 0.030000 3.345524 0.030000 6.350877 0.030000 6.149851 0.030000 3.851767 0.030000 4.014498 0.030000 1.852441 0.030000 1.689947 0.030000 7.188130 0.030000 7.185398 0.030000
5.783488 0.030000 5.609496 0.030000 9.068049 0.030000 8.898185 0.030000 7.441382 0.030000 7.576699 0.150000 2.551920 0.030000 2.675325 0.030000 3.402916 0.150000 3.421123 0.030000 6.439276 0.030000 6.312020 0.030000 3.778046 0.030000 3.871859 0.030000 1.965054 0.030000 2.623276 0.150000 7.287011 0.030000 7.230891 0.030000
5.889520 0.030000 5.730216 0.030000 9.102748 0.030000 8.964813 0.030000 7.355609 0.030000 7.376383 0.030000 2.375584 0.030000 2.603821 0.030000 3.561365 0.030000 3.454447 0.030000 6.562267 0.030000 6.387386 0.030000 3.729117 0.030000 3.819014 0.030000 2.197912 0.150000 1.924112 0.030000 7.261064 0.030000 7.213814 0.030000
6.010546 0.030000 5.816687 0.030000 9.178526 0.030000 9.043126 0.030000 7.497698 0.150000 7.323386 0.030000 2.276373 0.030000 2.618571 0.150000 3.636706 0.030000 3.471133 0.030000 6.684253 0.030000 6.515613 0.030000 3.646329 0.030000 3.742790 0.030000 2.199261 0.030000 2.067452 0.030000 7.293624 0.030000 7.252291 0.030000
6.177424 0.030000 5.940462 0.030000 9.315837 0.030000 9.134527 0.030000 7.299841 0.030000 7.329589 0.030000 2.112834 0.030000 2.391283 0.030000 3.767235 0.150000 3.545447 0.030000 6.761634 0.030000 6.623136 0.030000 3.540439 0.030000 3.675646 0.030000 2.343729 0.030000 2.084747 0.030000 7.309391 0.030000 7.266147 0.030000
6.276261 0.030000 6.904673 0.150000 9.354787 0.030000 9.247976 0.030000 7.195841 0.030000 7.324587 0.030000 2.091844 0.030000 2.231770 0.030000 3.740766 0.030000 3.590503 0.030000 6.953926 0.030000 6.717086 0.030000 3.503231 0.030000 3.649011 0.030000 2.457871 0.030000 2.240098 0.030000 7.335984 0.030000 7.307036 0.030000
6.386108 0.030000 6.188841 0.030000 9.845324 0.150000 9.268380 0.030000 7.217944 0.030000 7.248049 0.030000 1.951133 0.030000 2.558976 0.150000 3.846400 0.030000 3.721157 0.030000 6.973316 0.030000 6.761324 0.030000 3.385713 0.030000 3.552854 0.030000 2.536128 0.030000 2.370634 0.150000 7.530086 0.150000 7.304934 0.030000
6.471862 0.030000 6.258748 0.030000 9.506638 0.030000 9.366614 0.030000 7.196338 0.030000 7.238804 0.030000 1.624200 0.150000 2.066851 0.030000 3.854544 0.030000 3.760150 0.030000 7.073987 0.030000 6.903867 0.030000 3.385983 0.030000 3.557159 0.030000 2.606740 0.030000 2.404652 0.030000 7.440561 0.030000 7.261655 0.150000
7.086732 0.150000 6.338577 0.030000 9.532552 0.030000 9.422322 0.030000 7.127119 0.030000 7.188674 0.030000 1.822839 0.030000 1.951636 0.030000 3.873936 0.030000 3.758941 0.030000 7.159985 0.030000 7.050727 0.030000 3.376899 0.030000 3.481861 0.030000 2.718182 0.030000 2.536846 0.030000 7.490278 0.030000 7.387732 0.030000
6.577709 0.030000 6.392957 0.030000 9.647014 0.030000 9.441631 0.030000 7.194928 0.030000 7.188837 0.030000 1.701446 0.030000 1.902417 0.030000 3.936995 0.030000 3.837924 0.030000 7.191916 0.030000 7.102657 0.030000 3.584506 0.150000 3.449100 0.030000 2.732701 0.030000 2.512573 0.030000 7.500282 0.030000 7.450163 0.030000
6.689715 0.030000 6.456625 0.030000 9.636905 0.030000 9.927082 0.150000 7.113254 0.030000 7.142190 0.030000 1.683237 0.030000 1.807340 0.030000 3.983414 0.030000 3.825699 0.030000 7.345429 0.030000 7.058932 0.030000 3.283190 0.030000 3.397864 0.030000 2.803763 0.030000 2.622409 0.030000 7.523234 0.030000 7.450137 0.030000
6.734103 0.030000 7.074065 0.150000 9.691050 0.030000 9.548151 0.030000 7.189195 0.030000 7.274993 0.150000 1.685311 0.030000 1.858687 0.030000 4.053289 0.030000 3.881599 0.030000 7.356782 0.030000 7.186815 0.030000 3.268231 0.030000 3.350800 0.030000 2.873454 0.030000 2.658387 0.030000 7.578068 0.030000 7.496577 0.030000
6.772495 0.030000 6.564600 0.030000 9.756398 0.030000 9.611802 0.030000 7.141537 0.030000 7.156484 0.030000 1.549578 0.030000 1.752888 0.030000 4.055994 0.030000 4.181537 0.150000 7.357041 0.030000 7.222957 0.030000 3.317957 0.030000 3.330597 0.030000 2.856550 0.030000 2.735219 0.030000 7.559580 0.030000 7.489157 0.030000
6.832334 0.030000 6.639637 0.030000 9.690092 0.030000 9.643419 0.030000 7.679515 0.150000 7.124313 0.030000 1.572304 0.030000 1.669556 0.030000 4.130752 0.030000 3.956080 0.030000 7.448393 0.030000 7.205018 0.030000 3.227778 0.030000 3.322721 0.030000 2.929105 0.030000 2.763920 0.030000 7.588364 0.030000 7.459998 0.030000
6.888614 0.030000 6.681323 0.030000 9.770206 0.030000 9.634582 0.030000 7.119040 0.030000 7.143826 0.030000 1.815867 0.150000 1.687852 0.030000 4.123974 0.030000 4.002203 0.150000 7.397645 0.030000 7.319560 0.030000 3.249537 0.030000 3.333277 0.030000 2.972675 0.030000 2.791210 0.030000 7.630489 0.030000 7.478565 0.030000
6.819844 0.030000 6.639600 0.030000 9.757619 0.030000 9.722874 0.030000 7.090045 0.030000 7.152070 0.030000 1.515066 0.030000 1.693155 0.030000 4.079341 0.030000 4.027937 0.030000 7.460802 0.030000 7.294883 0.030000 3.176652 0.030000 3.328133 0.030000 2.998715 0.030000 2.829546 0.030000 7.573426 0.030000 7.546764 0.030000
6.918483 0.030000 6.785059 0.030000 9.705774 0.030000 9.695191 0.030000 6.986858 0.030000 7.141049 0.030000 1.625430 0.030000 1.604603 0.030000 4.139151 0.030000 4.027909 0.030000 7.524318 0.030000 7.650229 0.150000 3.105148 0.030000 3.255696 0.030000 3.051148 0.030000 2.874898 0.030000 7.549213 0.030000 7.575726 0.030000
6.938439 0.030000 6.872578 0.030000 9.689142 0.030000 9.738837 0.030000 6.957433 0.030000 7.143811 0.030000 1.637778 0.030000 1.777711 0.150000 4.070483 0.030000 4.061611 0.030000 7.461241 0.030000 7.457185 0.030000 3.053409 0.030000 3.215757 0.030000 3.199354 0.030000 2.946775 0.030000 7.439173 0.030000 7.654412 0.030000
7.021151 0.030000 6.915313 0.030000 9.646164 0.030000 9.756679 0.030000 6.781751 0.030000 7.002272 0.030000 1.671662 0.030000 1.548473 0.030000 4.009507 0.030000 4.049552 0.030000 7.425762 0.030000 7.511999 0.030000 2.663811 0.150000 3.094634 0.030000 3.201428 0.030000 3.064087 0.030000 7.369273 0.030000 7.467820 0.030000
7.005347 0.030000 6.967938 0.030000 9.585495 0.030000 9.700415 0.030000 6.742874 0.030000 6.897774 0.030000 1.804516 0.030000 1.646195 0.030000 3.932834 0.030000 4.004557 0.030000 7.413814 0.030000 7.403513 0.030000 2.796650 0.030000 3.021924 0.030000 3.226993 0.030000 3.370051 0.150000 7.288745 0.030000 7.411120 0.030000
7.044452 0.030000 7.033681 0.030000 9.490698 0.030000 9.604306 0.030000 6.537821 0.030000 7.051920 0.150000 1.861069 0.030000 1.723815 0.030000 3.838813 0.030000 3.982758 0.030000 7.395280 0.030000 7.739049 0.150000 2.681840 0.030000 2.869201 0.030000 3.302346 0.030000 3.260470 0.030000 7.049113 0.030000 7.337403 0.030000
7.114518 0.030000 7.088685 0.030000 9.456692 0.030000 9.559575 0.030000 6.410355 0.030000 6.580883 0.030000 1.964335 0.030000 1.934059 0.150000 3.762994 0.030000 3.906399 0.030000 7.374818 0.030000 8.072166 0.150000 2.545196 0.030000 2.698370 0.030000 3.402661 0.030000 3.323621 0.030000 7.001124 0.030000 7.145301 0.030000
7.160913 0.030000 7.092557 0.030000 9.318623 0.030000 9.447014 0.030000 6.307134 0.030000 6.487947 0.030000 2.111492 0.030000 1.881900 0.030000 3.705135 0.030000 3.811690 0.030000 7.345860 0.030000 7.366957 0.030000 2.430861 0.030000 2.615143 0.030000 3.505106 0.030000 3.382838 0.030000 6.964140 0.030000 7.041644 0.030000
7.156325 0.030000 7.149206 0.030000 9.293241 0.030000 9.310914 0.030000 6.190801 0.030000 6.459857 0.030000 2.205071 0.030000 2.097737 0.150000 3.602261 0.030000 3.836466 0.030000 7.276212 0.030000 7.422566 0.030000 2.301983 0.030000 2.515562 0.030000 3.511836 0.030000 3.408157 0.030000 6.910802 0.150000 6.967114 0.030000
7.246674 0.030000 8.267712 0.150000 9.195846 0.030000 9.325223 0.030000 6.079367 0.030000 6.270198 0.030000 2.303769 0.030000 2.136675 0.030000 3.571114 0.030000 3.671151 0.030000 8.062214 0.150000 7.328056 0.030000 2.190674 0.030000 2.361405 0.030000 3.587446 0.030000 3.477246 0.030000 6.701873 0.030000 7.343138 0.150000
7.307356 0.030000 7.185294 0.030000 9.078997 0.030000 9.205905 0.030000 5.920033 0.030000 6.081134 0.030000 2.367719 0.030000 2.247346 0.030000 3.472959 0.030000 3.640356 0.030000 7.205839 0.030000 7.297462 0.030000 2.087200 0.030000 2.248496 0.030000 3.722531 0.030000 3.865047 0.150000 6.550455 0.030000 6.771057 0.030000
7.333284 0.030000 7.240510 0.030000 9.024129 0.030000 9.166742 0.030000 5.844657 0.030000 6.047562 0.030000 2.518199 0.030000 2.022775 0.150000 3.388535 0.030000 3.525430 0.030000 7.179149 0.030000 7.256375 0.030000 2.014280 0.030000 2.049112 0.150000 3.775838 0.030000 3.637016 0.030000 6.483346 0.030000 6.714690 0.030000
7.273686 0.030000 7.300368 0.030000 8.988958 0.030000 9.069403 0.030000 5.736435 0.030000 5.931524 0.030000 2.615310 0.030000 2.399456 0.030000 3.351965 0.030000 3.482628 0.030000 7.188629 0.030000 7.211532 0.030000 1.874977 0.030000 2.047331 0.030000 3.813356 0.030000 3.725783 0.030000 6.401729 0.030000 6.606192 0.150000
7.367881 0.030000 7.335092 0.030000 8.907505 0.030000 9.030021 0.030000 5.620841 0.030000 5.893194 0.030000 2.685460 0.030000 2.507378 0.030000 3.376551 0.030000 3.463715 0.030000 7.098931 0.030000 7.242170 0.030000 2.193126 0.150000 1.974426 0.030000 3.888227 0.030000 3.774456 0.030000 6.335364 0.030000 6.447069 0.030000
7.368776 0.030000 7.309556 0.030000 8.859637 0.030000 8.942342 0.030000 5.609162 0.030000 5.774362 0.030000 2.755815 0.030000 2.722965 0.150000 3.329948 0.030000 3.442648 0.030000 7.198935 0.030000 7.184168 0.030000 1.764834 0.030000 1.988726 0.030000 3.984471 0.030000 3.794997 0.030000 6.338987 0.030000 6.405049 0.030000
7.478146 0.030000 7.335046 0.030000 8.864680 0.030000 8.937415 0.030000 5.464833 0.030000 5.708190 0.030000 2.802740 0.030000 2.603390 0.030000 3.223712 0.030000 3.363012 0.030000 7.098502 0.030000 7.126187 0.030000 1.743027 0.030000 1.945920 0.150000 3.968564 0.030000 3.874490 0.030000 6.152459 0.030000 6.358610 0.030000
7.471155 0.030000 7.380310 0.030000 8.775209 0.030000 8.940247 0.030000 5.761277 0.150000 5.612698 0.030000 2.845726 0.030000 2.721938 0.030000 3.236604 0.030000 3.325566 0.030000 7.133445 0.030000 7.155081 0.030000 1.659604 0.030000 1.880698 0.030000 4.683387 0.150000 3.842930 0.030000 6.144356 0.030000 6.347636 0.030000
7.444111 0.030000 7.398965 0.030000 8.756079 0.030000 8.879893 0.030000 5.353062 0.030000 5.589124 0.030000 2.900219 0.030000 2.714413 0.030000 3.274077 0.030000 3.361282 0.030000 7.143124 0.030000 7.165400 0.030000 1.602043 0.030000 2.107639 0.150000 4.072197 0.030000 3.881763 0.030000 6.108459 0.030000 6.260611 0.030000
7.476363 0.030000 7.421216 0.030000 8.779460 0.030000 8.878512 0.030000 5.329221 0.030000 5.653255 0.150000 2.966936 0.030000 2.739914 0.030000 3.177663 0.030000 3.305588 0.030000 7.148155 0.030000 7.167348 0.030000 1.588544 0.030000 1.696982 0.030000 4.124114 0.030000 3.936037 0.030000 6.084006 0.030000 6.207099 0.030000
7.540976 0.030000 7.449451 0.030000 8.666687 0.030000 8.825197 0.030000 5.356476 0.030000 5.498229 0.030000 3.750312 0.150000 3.704739 0.150000 3.236945 0.030000 3.644171 0.150000 7.044128 0.030000 7.119608 0.030000 1.590938 0.030000 1.736600 0.030000 4.063618 0.030000 3.947352 0.030000 5.990925 0.030000 6.209929 0.030000
7.543159 0.030000 7.493024 0.030000 8.663331 0.030000 8.778661 0.030000 5.305731 0.030000 5.460057 0.030000 3.246289 0.150000 2.831098 0.030000 3.151730 0.030000 3.334060 0.030000 7.084748 0.030000 7.142703 0.030000 1.596364 0.030000 1.673113 0.030000 4.066435 0.030000 4.011984 0.030000 6.010237 0.030000 6.221026 0.030000
7.468032 0.030000 7.570627 0.030000 8.626896 0.030000 8.831944 0.030000 5.275985 0.030000 5.341632 0.030000 3.089594 0.030000 2.833583 0.030000 3.099512 0.030000 3.276878 0.030000 7.534342 0.150000 8.533261 0.150000 1.577085 0.030000 1.593865 0.030000 4.100028 0.030000 4.049624 0.030000 5.905598 0.030000 6.156108 0.030000
7.435214 0.030000 7.526828 0.030000 8.513734 0.030000 8.672638 0.030000 5.263937 0.030000 5.318240 0.030000 3.432102 0.150000 2.952578 0.030000 3.053595 0.030000 3.200052 0.030000 6.907115 0.030000 7.105619 0.030000 1.630930 0.030000 1.579813 0.030000 4.070331 0.030000 4.105038 0.030000 5.923670 0.030000 6.066724 0.030000
7.304239 0.030000 7.458342 0.030000 8.684998 0.150000 8.602705 0.030000 5.246553 0.030000 5.865159 0.150000 3.246320 0.030000 3.083601 0.030000 2.892757 0.030000 3.134445 0.030000 6.828780 0.030000 6.988429 0.030000 1.662308 0.030000 1.580949 0.030000 4.027260 0.030000 4.238666 0.150000 5.837836 0.030000 5.917909 0.030000
7.167551 0.030000 7.364734 0.030000 8.313928 0.030000 8.469630 0.030000 5.296659 0.030000 5.217819 0.030000 3.195984 0.030000 3.157558 0.030000 2.777798 0.030000 2.943466 0.030000 6.674923 0.030000 6.966383 0.030000 1.751021 0.030000 1.634928 0.030000 3.893718 0.030000 4.028898 0.030000 5.719672 0.030000 5.818888 0.030000
7.031157 0.030000 7.272539 0.030000 8.237008 0.030000 8.372375 0.030000 5.329185 0.030000 5.289661 0.030000 3.297303 0.030000 4.037289 0.150000 2.635380 0.030000 2.868151 0.030000 6.871992 0.150000 6.676398 0.030000 1.854441 0.030000 1.967631 0.150000 3.785341 0.030000 3.930227 0.030000 5.656789 0.030000 5.773319 0.030000
6.952681 0.030000 7.112959 0.030000 8.106314 0.030000 8.346553 0.150000 5.390666 0.030000 5.733739 0.150000 3.729468 0.150000 3.333882 0.030000 2.524787 0.030000 2.767237 0.030000 6.499279 0.030000 6.980979 0.150000 2.457975 0.150000 1.791919 0.030000 3.786948 0.030000 3.835571 0.030000 5.801796 0.150000 5.708672 0.030000
8.086290 0.150000 6.966073 0.030000 8.056647 0.030000 8.148342 0.030000 5.362310 0.030000 5.315421 0.030000 3.480465 0.030000 3.361903 0.030000 2.428049 0.030000 2.629800 0.030000 6.329667 0.030000 6.476032 0.030000 2.057334 0.030000 1.907914 0.030000 3.607919 0.030000 4.008608 0.150000 5.553935 0.030000 5.624190 0.030000
6.716217 0.030000 6.944444 0.030000 7.947280 0.030000 8.084435 0.030000 5.418985 0.030000 5.353089 0.150000 3.567414 0.030000 3.401305 0.030000 2.330779 0.030000 2.541160 0.030000 6.162932 0.030000 6.435022 0.030000 2.163157 0.030000 1.964613 0.030000 3.556272 0.030000 3.647796 0.030000 5.468663 0.030000 5.644918 0.030000
6.645095 0.030000 6.837453 0.030000 7.845962 0.030000 7.978654 0.030000 5.485189 0.030000 5.369889 0.030000 3.559990 0.030000 3.415301 0.030000 2.215421 0.030000 2.748794 0.150000 6.593487 0.150000 6.221858 0.030000 2.263096 0.030000 2.128221 0.030000 3.460913 0.030000 3.655945 0.030000 5.424707 0.030000 5.524710 0.030000
6.495513 0.030000 6.729012 0.030000 7.735790 0.030000 7.920424 0.030000 5.532362 0.030000 5.430801 0.030000 5.230174 0.150000 3.539008 0.030000 2.092046 0.030000 2.263509 0.030000 5.924460 0.030000 6.095535 0.030000 2.337086 0.030000 2.279073 0.030000 3.430980 0.030000 3.513656 0.030000 5.456720 0.030000 5.456988 0.030000
6.410735 0.030000 6.586197 0.030000 7.630801 0.030000 7.782681 0.030000 5.552838 0.030000 5.487930 0.030000 3.703835 0.030000 3.661633 0.030000 2.043160 0.030000 2.286629 0.150000 5.951498 0.150000 6.008682 0.030000 2.480267 0.030000 2.370360 0.150000 3.403003 0.030000 3.774649 0.150000 5.373807 0.030000 5.477794 0.030000
6.317976 0.030000 6.417842 0.030000 7.546791 0.030000 7.653039 0.030000 5.563673 0.030000 5.513080 0.030000 3.833031 0.030000 4.092888 0.150000 1.882384 0.030000 2.078103 0.030000 5.645350 0.030000 5.896106 0.030000 2.684348 0.030000 2.489482 0.030000 3.352666 0.030000 3.408718 0.030000 5.310224 0.030000 5.390964 0.030000
6.196536 0.030000 6.689449 0.150000 7.473927 0.030000 7.644664 0.030000 5.659329 0.030000 5.594924 0.030000 3.886913 0.030000 3.790691 0.030000 1.810495 0.030000 2.136380 0.150000 5.572858 0.030000 5.755805 0.030000 2.750887 0.030000 2.567777 0.030000 3.335552 0.030000 3.408072 0.030000 5.306487 0.030000 5.380645 0.030000
5.991719 0.030000 6.214598 0.030000 7.344904 0.030000 7.504162 0.030000 5.695562 0.030000 5.646605 0.030000 3.985260 0.030000 4.101786 0.150000 2.716482 0.150000 1.862764 0.030000 5.460649 0.030000 5.621684 0.030000 2.886302 0.030000 2.694615 0.030000 3.236153 0.030000 3.318025 0.030000 5.245230 0.030000 5.313205 0.030000
5.948913 0.030000 6.128441 0.030000 7.237627 0.030000 7.406533 0.030000 5.747802 0.030000 5.636431 0.030000 4.101003 0.030000 3.919812 0.030000 1.564753 0.030000 1.762807 0.030000 5.336787 0.030000 5.536159 0.030000 2.999132 0.030000 2.778248 0.030000 3.145468 0.030000 3.265156 0.030000 5.264594 0.030000 5.292871 0.030000
5.840020 0.030000 6.054235 0.030000 7.217493 0.030000 7.305946 0.030000 5.848076 0.030000 5.714634 0.030000 4.173465 0.030000 4.016706 0.030000 1.530075 0.030000 1.617798 0.030000 5.193605 0.030000 5.389580 0.030000 3.109038 0.030000 2.941340 0.030000 3.169404 0.030000 3.190131 0.030000 5.178772 0.030000 5.245149 0.030000
5.794935 0.030000 5.904664 0.030000 7.111914 0.030000 7.242839 0.030000 5.893369 0.030000 6.029019 0.150000 4.261521 0.030000 4.116244 0.030000 1.419002 0.030000 1.563450 0.030000 5.032731 0.030000 5.258883 0.030000 3.246679 0.030000 2.969621 0.030000 3.078556 0.030000 3.106940 0.030000 5.143283 0.030000 5.246721 0.030000
5.626159 0.030000 5.815935 0.030000 6.985600 0.030000 7.134656 0.030000 6.120626 0.150000 5.831864 0.030000 4.337131 0.030000 4.173964 0.030000 1.338880 0.030000 1.449643 0.030000 4.997119 0.030000 5.161662 0.030000 3.360512 0.030000 3.154830 0.030000 3.020608 0.030000 3.118772 0.030000 5.199943 0.030000 5.174923 0.030000
5.553897 0.030000 5.712963 0.030000 7.784355 0.150000 6.998921 0.030000 6.075477 0.030000 5.952425 0.030000 4.451096 0.030000 4.328799 0.030000 1.276380 0.030000 1.400964 0.030000 4.851235 0.030000 5.042753 0.150000 3.409699 0.030000 3.232282 0.030000 3.042300 0.030000 3.035479 0.030000 5.103388 0.030000 5.147547 0.030000
5.394615 0.030000 5.581868 0.030000 6.761349 0.030000 6.931278 0.150000 6.155560 0.030000 5.949182 0.030000 4.531945 0.030000 4.314742 0.030000 1.250926 0.030000 1.301488 0.030000 4.758196 0.030000 4.929624 0.030000 3.586710 0.030000 3.370834 0.030000 3.034775 0.030000 3.016008 0.030000 5.106458 0.030000 5.169121 0.030000
5.334911 0.030000 5.509309 0.030000 6.693540 0.030000 6.867501 0.030000 6.141051 0.030000 6.018166 0.030000 4.624967 0.030000 4.553301 0.030000 1.149606 0.030000 1.194612 0.030000 4.604248 0.030000 4.822664 0.030000 3.683723 0.030000 3.542039 0.150000 3.048689 0.030000 3.042382 0.030000 5.108855 0.030000 5.122477 0.030000
5.239507 0.030000 5.386231 0.030000 6.657269 0.030000 6.744518 0.030000 6.214324 0.030000 6.136453 0.030000 4.701706 0.030000 4.929758 0.150000 1.629200 0.150000 1.176189 0.030000 4.493969 0.030000 4.650528 0.030000 3.804157 0.030000 3.572437 0.030000 2.951253 0.150000 2.995618 0.030000 5.019673 0.030000 5.106706 0.030000
5.123810 0.030000 5.263465 0.030000 6.544978 0.030000 6.704521 0.030000 6.278611 0.030000 6.153816 0.030000 4.819792 0.030000 4.641382 0.030000 1.063274 0.030000 1.136256 0.030000 4.314634 0.030000 4.612647 0.030000 3.906920 0.030000 3.765673 0.030000 2.991657 0.030000 3.036024 0.030000 5.096051 0.030000 5.066164 0.030000
5.018540 0.030000 5.235165 0.030000 6.504904 0.030000 6.613200 0.030000 6.399912 0.030000 6.247571 0.030000 4.938397 0.030000 4.725553 0.030000 1.040354 0.030000 1.123308 0.030000 4.260370 0.030000 4.370853 0.030000 4.027949 0.030000 3.868898 0.030000 2.993747 0.030000 3.001026 0.030000 5.134927 0.030000 5.070083 0.030000
4.949860 0.030000 5.040885 0.030000 6.432782 0.030000 6.506415 0.030000 6.728600 0.150000 6.338455 0.030000 5.011999 0.030000 4.833082 0.030000 1.032309 0.030000 1.064602 0.030000 4.147572 0.030000 4.286356 0.030000 4.201741 0.030000 3.982307 0.030000 3.030489 0.030000 2.975167 0.030000 5.021650 0.030000 5.106941 0.030000
4.850276 0.030000 4.992966 0.030000 6.345730 0.030000 6.429964 0.030000 6.499569 0.030000 6.394005 0.030000 5.132162 0.030000 4.943744 0.030000 1.035195 0.030000 1.315214 0.150000 4.007808 0.030000 4.208762 0.030000 4.248486 0.150000 4.042762 0.030000 3.386233 0.150000 2.935014 0.030000 5.080347 0.030000 5.081853 0.030000
4.749985 0.030000 4.892642 0.030000 6.231188 0.030000 6.331078 0.030000 6.634500 0.030000 6.389258 0.150000 5.218053 0.030000 5.038365 0.030000 1.109306 0.030000 1.062726 0.030000 3.820852 0.030000 4.011780 0.030000 4.379638 0.030000 4.215244 0.030000 2.977022 0.030000 2.991435 0.030000 5.098241 0.030000 5.817171 0.150000
4.618738 0.030000 4.790677 0.030000 6.164135 0.030000 6.413758 0.150000 6.622826 0.030000 6.600791 0.030000 5.325347 0.030000 5.248488 0.030000 1.122253 0.030000 1.095775 0.030000 3.720571 0.030000 3.885622 0.030000 4.506054 0.030000 4.363568 0.030000 2.735251 0.150000 2.996183 0.030000 5.104635 0.030000 5.065315 0.030000
4.573079 0.030000 4.734069 0.030000 6.131158 0.030000 6.210847 0.030000 7.144776 0.150000 6.645185 0.030000 5.270812 0.150000 5.312162 0.030000 1.200276 0.030000 1.083102 0.030000 3.693231 0.030000 3.807270 0.030000 4.653632 0.030000 4.465542 0.030000 3.019680 0.030000 2.992034 0.030000 5.107888 0.030000 5.083444 0.030000
4.449610 0.030000 4.612143 0.030000 6.043491 0.030000 6.124463 0.030000 6.853951 0.030000 6.700028 0.030000 5.592925 0.030000 5.374727 0.030000 1.256935 0.030000 1.147148 0.030000 3.530246 0.030000 3.686587 0.030000 4.754046 0.030000 4.604713 0.030000 3.037034 0.030000 2.954126 0.030000 5.115006 0.030000 5.082261 0.030000
4.270540 0.150000 4.591547 0.030000 6.009070 0.030000 6.018662 0.030000 6.959128 0.030000 6.824828 0.030000 5.691125 0.030000 5.496758 0.030000 1.333850 0.030000 1.204171 0.030000 3.383337 0.030000 3.601678 0.030000 4.918770 0.030000 4.736395 0.030000 3.071573 0.030000 3.057340 0.030000 5.101566 0.030000 5.032173 0.030000
4.278700 0.030000 4.438856 0.030000 5.895633 0.030000 6.014769 0.030000 7.051064 0.030000 6.867986 0.030000 5.750986 0.030000 5.558395 0.030000 1.434110 0.030000 1.292801 0.030000 3.265211 0.030000 3.465418 0.030000 5.023101 0.030000 4.805459 0.030000 4.071510 0.150000 3.091537 0.150000 5.091279 0.030000 4.679327 0.150000
4.181208 0.030000 4.805948 0.150000 5.807824 0.030000 5.919692 0.030000 7.084176 0.030000 6.986462 0.030000 5.870269 0.030000 5.751618 0.030000 1.459632 0.030000 1.343109 0.030000 3.115256 0.030000 3.273828 0.150000 5.123683 0.030000 5.474305 0.150000 3.176718 0.030000 3.574263 0.150000 5.182982 0.030000 5.126271 0.030000
4.161625 0.030000 4.322979 0.030000 5.761532 0.030000 5.869530 0.030000 7.209911 0.030000 7.101983 0.030000 5.952615 0.030000 5.765602 0.030000 1.585222 0.030000 1.429730 0.030000 3.021620 0.030000 3.233895 0.030000 5.261798 0.030000 5.005097 0.030000 3.223204 0.030000 3.147009 0.030000 5.218478 0.030000 5.152987 0.030000
4.017154 0.030000 4.152726 0.030000 5.703558 0.030000 6.272105 0.150000 7.285651 0.030000 7.108805 0.030000 6.069365 0.030000 5.924675 0.030000 1.672912 0.030000 1.547973 0.030000 2.926100 0.030000 3.124450 0.030000 5.384162 0.030000 5.524770 0.150000 3.240011 0.030000 3.220113 0.030000 5.208753 0.030000 5.196180 0.030000
5.240329 0.150000 4.085134 0.030000 5.634988 0.030000 5.748912 0.030000 7.361615 0.030000 7.203571 0.030000 6.183391 0.030000 5.985680 0.030000 1.821632 0.030000 1.606747 0.030000 2.800528 0.030000 3.460944 0.150000 5.555321 0.030000 5.312337 0.030000 3.285296 0.030000 3.212835 0.030000 5.271199 0.030000 5.177227 0.030000
3.905287 0.030000 3.966232 0.030000 5.580779 0.030000 5.655323 0.030000 7.458604 0.030000 7.336781 0.030000 6.263799 0.030000 6.105020 0.030000 1.822945 0.030000 2.254665 0.150000 3.198173 0.150000 2.853859 0.030000 5.635015 0.030000 5.408141 0.030000 3.373872 0.030000 3.237430 0.030000 5.284314 0.030000 5.198283 0.030000
3.832917 0.030000 3.943121 0.030000 5.498090 0.030000 5.614222 0.030000 7.570618 0.030000 7.438048 0.030000 6.426028 0.030000 6.194925 0.030000 1.999193 0.030000 1.796318 0.030000 2.585162 0.030000 2.754735 0.030000 5.728019 0.030000 5.526838 0.030000 3.439052 0.030000 3.259805 0.030000 5.314396 0.030000 5.269174 0.030000
3.732429 0.030000 3.809291 0.030000 5.473160 0.030000 5.561679 0.030000 7.676827 0.030000 7.517395 0.030000 6.522532 0.030000 6.307958 0.030000 2.431434 0.150000 1.903717 0.030000 2.648522 0.150000 2.575202 0.030000 5.892566 0.030000 5.724525 0.030000 3.455430 0.030000 3.380400 0.030000 5.344978 0.030000 5.305022 0.030000
3.694343 0.030000 3.737554 0.030000 5.440749 0.030000 5.510859 0.030000 7.788023 0.030000 7.592508 0.030000 6.644887 0.030000 6.425191 0.030000 2.171591 0.030000 1.900163 0.150000 2.320268 0.030000 2.492663 0.030000 6.012785 0.030000 5.816880 0.030000 3.557375 0.030000 3.427714 0.030000 5.419799 0.030000 5.304588 0.030000
3.591068 0.030000 3.663861 0.030000 5.400227 0.030000 5.508970 0.030000 7.882649 0.030000 7.624312 0.030000 6.700339 0.030000 6.792664 0.150000 2.298318 0.030000 2.136751 0.030000 2.179318 0.030000 2.664627 0.150000 6.733659 0.150000 5.922705 0.030000 3.612838 0.030000 3.526518 0.030000 5.452208 0.030000 5.282475 0.030000
3.532500 0.030000 3.598991 0.030000 5.265959 0.030000 5.412044 0.030000 7.880137 0.030000 7.718331 0.030000 6.854618 0.030000 6.668874 0.030000 2.364151 0.030000 2.714095 0.150000 2.084829 0.030000 2.345669 0.150000 6.263668 0.030000 6.011108 0.030000 3.742189 0.030000 3.617451 0.030000 5.412544 0.030000 5.738126 0.150000
3.476642 0.030000 3.503563 0.030000 5.262001 0.030000 5.331876 0.030000 8.062370 0.030000 7.885376 0.030000 6.979048 0.030000 6.751991 0.030000 2.542937 0.030000 2.370827 0.030000 2.040171 0.030000 2.204281 0.030000 6.376400 0.030000 6.178489 0.030000 3.746499 0.030000 3.591446 0.030000 5.535051 0.030000 5.264882 0.150000
3.447941 0.030000 3.510902 0.030000 5.288430 0.030000 5.354982 0.030000 8.096778 0.030000 7.929063 0.030000 7.020548 0.030000 6.838021 0.030000 2.590685 0.030000 2.511441 0.150000 1.934433 0.030000 2.425895 0.150000 6.462115 0.030000 6.231426 0.030000 3.862795 0.030000 3.673903 0.030000 5.561770 0.030000 5.451375 0.030000
3.363981 0.030000 3.445901 0.030000 5.245419 0.030000 5.270192 0.030000 8.194994 0.030000 8.021999 0.030000 7.121212 0.030000 6.928550 0.030000 3.484054 0.150000 2.513211 0.030000 1.799786 0.030000 2.301066 0.150000 6.473064 0.030000 6.339066 0.030000 4.139654 0.150000 3.731262 0.030000 5.555626 0.030000 5.500428 0.030000
3.335723 0.030000 3.414854 0.030000 5.170702 0.030000 5.285661 0.030000 8.159149 0.030000 8.035617 0.030000 7.276406 0.150000 7.051075 0.030000 2.733758 0.030000 2.553741 0.030000 1.770370 0.030000 1.947504 0.030000 7.543066 0.150000 6.358162 0.030000 3.916732 0.030000 3.776708 0.030000 5.686643 0.030000 5.560145 0.030000
3.299276 0.030000 3.382372 0.030000 5.231130 0.030000 5.278543 0.030000 8.293631 0.030000 8.099438 0.030000 7.292783 0.030000 7.238620 0.150000 2.828987 0.030000 2.576850 0.030000 1.713175 0.030000 1.916029 0.030000 6.710404 0.030000 6.483963 0.030000 3.979773 0.030000 3.883974 0.030000 5.634366 0.030000 5.568034 0.030000
3.444144 0.150000 3.410519 0.030000 5.156210 0.030000 5.186366 0.030000 8.290943 0.030000 8.169431 0.030000 7.289903 0.030000 7.135776 0.030000 3.150356 0.150000 2.695156 0.150000 1.707281 0.030000 1.872908 0.030000 6.699485 0.030000 6.522715 0.030000 4.089309 0.030000 3.899733 0.030000 5.707341 0.030000 6.225140 0.150000
3.269384 0.030000 3.326776 0.030000 5.156026 0.030000 5.210111 0.030000 8.354060 0.030000 8.259829 0.030000 7.422052 0.030000 7.174102 0.030000 2.921354 0.030000 2.742966 0.030000 1.627436 0.030000 1.771348 0.030000 6.764864 0.030000 6.557695 0.030000 4.053578 0.030000 3.916303 0.030000 5.675456 0.030000 5.594149 0.030000
3.269213 0.030000 3.324943 0.030000 5.146929 0.030000 5.200804 0.030000 8.460619 0.030000 8.239344 0.030000 7.403695 0.030000 7.174262 0.030000 2.996309 0.030000 2.824247 0.030000 1.567691 0.030000 1.749413 0.030000 6.798585 0.030000 6.631653 0.030000 4.085624 0.030000 3.972806 0.030000 5.696392 0.030000 5.624614 0.030000
3.248009 0.030000 3.338241 0.030000 5.128748 0.030000 5.245811 0.030000 8.415964 0.030000 8.284878 0.030000 7.430159 0.030000 8.379076 0.150000 2.979979 0.030000 2.811048 0.030000 1.559322 0.030000 1.750655 0.030000 6.908992 0.030000 6.657390 0.030000 4.139149 0.030000 4.000881 0.030000 5.724001 0.030000 5.650939 0.030000
3.284847 0.030000 3.252030 0.030000 5.109594 0.030000 5.167619 0.030000 8.645205 0.150000 8.321521 0.030000 7.433707 0.030000 7.287313 0.030000 2.960378 0.030000 2.854490 0.030000 1.535411 0.030000 1.743140 0.030000 6.847382 0.030000 6.674663 0.030000 4.134141 0.030000 3.993569 0.030000 5.721701 0.030000 5.672406 0.030000
3.293256 0.030000 3.246941 0.030000 5.113110 0.030000 5.193171 0.030000 8.460065 0.030000 8.337343 0.030000 7.564336 0.030000 7.337186 0.030000 3.026192 0.030000 2.917000 0.030000 1.457501 0.030000 1.624332 0.030000 6.911246 0.030000 6.785183 0.030000 4.200404 0.030000 4.003760 0.030000 5.709147 0.030000 6.645884 0.150000
4.886358 0.150000 3.283045 0.030000 4.981465 0.030000 5.117278 0.030000 8.382162 0.030000 8.421390 0.030000 7.664447 0.030000 7.424151 0.030000 4.303117 0.150000 2.953961 0.030000 1.350442 0.030000 1.509628 0.030000 6.934556 0.030000 6.812332 0.030000 4.359063 0.030000 4.094030 0.030000 5.633721 0.150000 5.691502 0.030000
3.523573 0.030000 3.374478 0.030000 4.805271 0.030000 4.962194 0.030000 8.353190 0.030000 8.497019 0.150000 7.676396 0.030000 7.515764 0.030000 3.021378 0.030000 3.193478 0.150000 1.270426 0.030000 1.450880 0.030000 6.959438 0.030000 6.952263 0.030000 4.483986 0.030000 4.234063 0.030000 5.549686 0.030000 5.670911 0.030000
3.643588 0.030000 3.487886 0.030000 4.677263 0.030000 4.886954 0.030000 8.317979 0.030000 8.391203 0.030000 7.726522 0.030000 7.654834 0.030000 2.994462 0.030000 2.958937 0.030000 1.224045 0.030000 1.374490 0.030000 6.972910 0.030000 6.930979 0.030000 4.471109 0.030000 4.909544 0.150000 5.441479 0.030000 5.581793 0.150000
4.033064 0.150000 3.534368 0.030000 4.570937 0.030000 4.771609 0.030000 8.209156 0.030000 8.346521 0.030000 7.828364 0.030000 7.710199 0.030000 2.943866 0.030000 2.985940 0.030000 1.160311 0.030000 1.272375 0.030000 6.946473 0.030000 6.942705 0.030000 4.614897 0.030000 4.476149 0.030000 5.316182 0.030000 5.473255 0.030000
3.825730 0.030000 3.712236 0.030000 4.464435 0.030000 4.598965 0.030000 8.149716 0.030000 8.248226 0.030000 7.857813 0.030000 7.732496 0.030000 2.998954 0.030000 3.060785 0.030000 1.096743 0.030000 1.234640 0.030000 6.941753 0.030000 6.934498 0.030000 4.761010 0.030000 4.572857 0.030000 5.236251 0.030000 5.401179 0.030000
4.012223 0.030000 3.724745 0.030000 4.323413 0.030000 4.810793 0.150000 8.128537 0.030000 8.200953 0.030000 7.941375 0.030000 8.160615 0.150000 2.965867 0.030000 2.998027 0.030000 1.092056 0.030000 1.123303 0.030000 6.921817 0.030000 7.243732 0.150000 4.834436 0.030000 4.643789 0.030000 5.414462 0.150000 5.679729 0.150000
4.370391 0.150000 4.073405 0.150000 4.213304 0.030000 4.375900 0.030000 8.032930 0.030000 8.159842 0.030000 7.970391 0.030000 7.885986 0.030000 2.965212 0.030000 2.970089 0.030000 1.001071 0.030000 1.089022 0.030000 7.035647 0.030000 7.002744 0.030000 4.966469 0.030000 4.784606 0.030000 5.067801 0.030000 5.156477 0.030000
4.258987 0.030000 4.123433 0.150000 4.010096 0.030000 4.219587 0.030000 8.012529 0.030000 8.118278 0.030000 8.071165 0.030000 7.994828 0.030000 2.998764 0.030000 3.028693 0.030000 1.073339 0.030000 1.082388 0.030000 7.002505 0.030000 6.947678 0.030000 5.040534 0.030000 4.851271 0.030000 4.930086 0.030000 5.098904 0.030000
4.323502 0.030000 4.155610 0.030000 3.982995 0.030000 4.136587 0.030000 7.941306 0.030000 8.066522 0.030000 8.123442 0.030000 8.013513 0.030000 2.980607 0.030000 2.973745 0.030000 1.049855 0.030000 2.009351 0.150000 6.949171 0.150000 6.958943 0.030000 5.139796 0.030000 4.975731 0.030000 5.598576 0.150000 5.000941 0.030000
4.458572 0.030000 4.246699 0.030000 3.782701 0.030000 4.126677 0.150000 7.893638 0.030000 8.016339 0.030000 8.219968 0.030000 8.069255 0.030000 2.960751 0.030000 2.991239 0.030000 1.111716 0.150000 1.055652 0.030000 6.969340 0.030000 6.953242 0.030000 5.233578 0.030000 5.030973 0.030000 4.798009 0.150000 4.895525 0.030000
4.548212 0.030000 4.366965 0.030000 3.726019 0.030000 3.938772 0.030000 7.797418 0.030000 7.929884 0.030000 8.251396 0.030000 8.104462 0.030000 4.019753 0.150000 2.965074 0.030000 1.161614 0.030000 1.020066 0.030000 6.987087 0.030000 6.958176 0.030000 5.340124 0.030000 5.190078 0.030000 4.644836 0.030000 4.830388 0.030000
4.575814 0.030000 4.304304 0.150000 3.718990 0.030000 3.839943 0.030000 7.811548 0.030000 7.958008 0.030000 8.330754 0.030000 8.194490 0.030000 3.029500 0.030000 2.982822 0.030000 1.166642 0.030000 1.324247 0.150000 6.972634 0.150000 6.983419 0.030000 5.397420 0.030000 5.194722 0.030000 4.580351 0.030000 4.788359 0.030000
4.717121 0.030000 4.547098 0.030000 3.574955 0.030000 3.816481 0.030000 7.776301 0.030000 7.854496 0.030000 8.348716 0.030000 8.206907 0.030000 2.989464 0.030000 3.010615 0.030000 1.216000 0.030000 1.131282 0.030000 6.993270 0.030000 6.997024 0.030000 5.431456 0.030000 5.283628 0.030000 4.580075 0.030000 4.738495 0.030000
4.725446 0.030000 4.563833 0.030000 3.508061 0.030000 3.737271 0.030000 8.185899 0.150000 7.849473 0.030000 8.388030 0.030000 8.264930 0.030000 2.958567 0.150000 3.100291 0.030000 1.185444 0.030000 1.096626 0.030000 7.041698 0.030000 6.957350 0.030000 5.473572 0.030000 5.313660 0.030000 4.577110 0.030000 4.692031 0.030000
4.789774 0.030000 4.617222 0.030000 3.512328 0.030000 3.669017 0.030000 7.709849 0.030000 7.817223 0.030000 8.424216 0.030000 8.323928 0.030000 3.095073 0.030000 3.077980 0.030000 1.176687 0.030000 1.098274 0.030000 7.006611 0.150000 7.001484 0.030000 5.556592 0.030000 5.348413 0.030000 4.569069 0.150000 4.631535 0.030000
4.837179 0.030000 4.815828 0.150000 3.428799 0.030000 3.688036 0.030000 7.741226 0.030000 7.855144 0.030000 8.961350 0.150000 8.340047 0.030000 3.091230 0.030000 3.035118 0.030000 1.278155 0.030000 1.198141 0.030000 7.002461 0.030000 7.031164 0.030000 5.608350 0.030000 5.417684 0.030000 4.467906 0.030000 4.855347 0.150000
4.853532 0.030000 4.672374 0.030000 3.394910 0.030000 3.553363 0.030000 7.692012 0.030000 7.777649 0.030000 8.477714 0.030000 8.392139 0.030000 3.138257 0.030000 3.055026 0.030000 1.281024 0.030000 1.134172 0.030000 7.111891 0.150000 6.958463 0.030000 5.636377 0.030000 5.456419 0.030000 4.419736 0.030000 4.536380 0.030000
4.929779 0.030000 4.716093 0.030000 3.369851 0.030000 3.721579 0.150000 7.715627 0.030000 7.761042 0.030000 8.486393 0.030000 8.555537 0.150000 3.119522 0.030000 3.097841 0.030000 1.286251 0.030000 1.144439 0.030000 7.009308 0.030000 7.011300 0.030000 5.673337 0.030000 5.453982 0.030000 4.368628 0.030000 4.493719 0.030000
4.948767 0.030000 4.774890 0.030000 3.353839 0.030000 3.890419 0.150000 7.625305 0.030000 7.872633 0.030000 8.506272 0.030000 8.424191 0.030000 3.054723 0.030000 3.094175 0.030000 1.345563 0.030000 1.225206 0.030000 7.020266 0.030000 7.017656 0.030000 5.648370 0.030000 5.486601 0.030000 4.387396 0.030000 4.549196 0.030000
4.982095 0.030000 5.018291 0.150000 3.346127 0.030000 3.461049 0.030000 7.875717 0.150000 7.748586 0.150000 8.418129 0.030000 8.451759 0.030000 3.067684 0.030000 3.110395 0.030000 1.376690 0.030000 1.238714 0.030000 6.966297 0.030000 7.062514 0.030000 5.670397 0.030000 5.511347 0.030000 4.253575 0.030000 4.493234 0.030000
5.053790 0.030000 4.899809 0.030000 3.373290 0.030000 3.345249 0.030000 7.454880 0.030000 7.667048 0.030000 8.403159 0.030000 8.472735 0.030000 2.972789 0.030000 3.101129 0.030000 1.498875 0.030000 1.277861 0.030000 6.839621 0.030000 7.028876 0.030000 5.601030 0.030000 5.602617 0.030000 4.173645 0.030000 4.404188 0.150000
5.402565 0.150000 4.945302 0.030000 3.386162 0.030000 3.339370 0.030000 7.347982 0.030000 7.791918 0.150000 8.300473 0.030000 8.364705 0.030000 2.896516 0.030000 3.103418 0.030000 1.618882 0.030000 1.294575 0.150000 6.719464 0.030000 7.045202 0.150000 5.623878 0.030000 5.814084 0.150000 4.097430 0.030000 4.911637 0.150000
5.121796 0.030000 4.993446 0.030000 3.406813 0.030000 3.352942 0.030000 7.259453 0.030000 7.434719 0.030000 8.784983 0.150000 8.371646 0.030000 2.820110 0.030000 2.927163 0.030000 1.725852 0.030000 1.508227 0.030000 6.585705 0.030000 6.848093 0.030000 5.578677 0.030000 5.620497 0.030000 3.977818 0.030000 4.838453 0.150000
5.149877 0.030000 5.145096 0.030000 3.523091 0.030000 3.386526 0.030000 7.096664 0.030000 7.630220 0.150000 8.118558 0.030000 8.249177 0.030000 2.608822 0.030000 2.850777 0.030000 1.823787 0.030000 1.672579 0.030000 7.654532 0.150000 6.757549 0.030000 5.480744 0.030000 5.567135 0.030000 3.929341 0.030000 4.102760 0.030000
5.188460 0.030000 5.157070 0.030000 3.507385 0.030000 3.449983 0.030000 7.028499 0.030000 7.227113 0.030000 8.744774 0.150000 8.125030 0.030000 2.481001 0.030000 2.718661 0.030000 1.907108 0.030000 1.714076 0.030000 6.557600 0.150000 6.582025 0.030000 5.406245 0.030000 5.524825 0.030000 3.596316 0.150000 3.961958 0.030000
5.240885 0.030000 5.222075 0.030000 3.550629 0.030000 3.456410 0.030000 6.897849 0.030000 7.117731 0.030000 7.874894 0.030000 8.059122 0.030000 2.432660 0.030000 2.564876 0.030000 2.058522 0.030000 1.888413 0.030000 6.305892 0.030000 6.394062 0.030000 5.388902 0.030000 5.485016 0.030000 4.164513 0.150000 3.955802 0.030000
5.302618 0.030000 5.201880 0.030000 3.688372 0.030000 3.471053 0.150000 6.864491 0.030000 6.970750 0.030000 7.865547 0.030000 7.933811 0.030000 2.231819 0.030000 2.491310 0.030000 2.162780 0.030000 1.980404 0.030000 6.188586 0.030000 6.280523 0.030000 5.357094 0.030000 5.408587 0.030000 3.705501 0.030000 3.801125 0.030000
5.330859 0.030000 5.219854 0.030000 3.718705 0.030000 3.557265 0.030000 6.666686 0.030000 7.040502 0.150000 7.718600 0.030000 7.876674 0.030000 2.179226 0.030000 2.756901 0.150000 2.270144 0.030000 2.114971 0.030000 6.074143 0.030000 6.233822 0.030000 5.341768 0.030000 5.332331 0.030000 3.665500 0.030000 3.781525 0.030000
5.382469 0.030000 5.307075 0.030000 3.828927 0.030000 3.660358 0.030000 6.591275 0.030000 6.769620 0.030000 7.613439 0.030000 7.745593 0.030000 2.011768 0.030000 2.257886 0.030000 2.403703 0.030000 2.209010 0.030000 5.859886 0.030000 6.090381 0.030000 5.245745 0.030000 5.158161 0.150000 3.584236 0.030000 3.636963 0.030000
5.625515 0.150000 5.405086 0.030000 3.895812 0.030000 3.737856 0.030000 6.448742 0.030000 6.625500 0.030000 7.525878 0.030000 7.669038 0.030000 1.884908 0.030000 2.088289 0.030000 2.506201 0.030000 2.306779 0.030000 5.898970 0.150000 6.019818 0.030000 5.223860 0.030000 5.238844 0.030000 3.519728 0.030000 3.650734 0.030000
5.484721 0.030000 5.421006 0.030000 3.860976 0.030000 3.777124 0.150000 6.307949 0.030000 6.536828 0.030000 7.496911 0.030000 7.624781 0.030000 1.784944 0.030000 2.810660 0.150000 2.615703 0.030000 2.434141 0.030000 5.634450 0.030000 5.792398 0.030000 5.195855 0.030000 5.201136 0.030000 3.393850 0.030000 3.561623 0.030000
5.537872 0.030000 5.465039 0.030000 4.006347 0.030000 3.813647 0.030000 6.250067 0.030000 6.417724 0.030000 7.314666 0.030000 7.484681 0.030000 1.734002 0.030000 1.850402 0.030000 2.756549 0.030000 2.622394 0.030000 5.471322 0.030000 5.732440 0.030000 5.129354 0.030000 5.147996 0.030000 3.415802 0.030000 3.540643 0.030000
5.602719 0.030000 5.510881 0.030000 4.068456 0.030000 3.824706 0.150000 6.149378 0.030000 6.570783 0.150000 7.627192 0.150000 7.419305 0.030000 1.653906 0.030000 1.764457 0.030000 2.854834 0.030000 2.653307 0.030000 5.394024 0.030000 5.544153 0.030000 5.127092 0.030000 5.165019 0.030000 3.342936 0.030000 3.420988 0.030000
5.672718 0.030000 5.583577 0.030000 4.128357 0.030000 4.010319 0.030000 6.005556 0.030000 6.208713 0.030000 7.160747 0.030000 7.303366 0.030000 1.528249 0.030000 1.693351 0.030000 3.033601 0.030000 2.786598 0.030000 5.418281 0.150000 5.483107 0.030000 5.081395 0.030000 5.097421 0.030000 3.292173 0.030000 3.348900 0.030000
5.733460 0.030000 5.653286 0.030000 4.245864 0.030000 4.159999 0.030000 5.890910 0.030000 6.072795 0.030000 7.079970 0.030000 7.151011 0.030000 1.419656 0.030000 1.528301 0.030000 3.080030 0.030000 2.943937 0.030000 5.180520 0.030000 5.403935 0.030000 5.071292 0.030000 5.055325 0.030000 3.252588 0.030000 3.353566 0.030000
5.834854 0.030000 5.693532 0.030000 4.306240 0.030000 4.181096 0.030000 5.800925 0.030000 6.034209 0.030000 7.135663 0.150000 7.152446 0.030000 1.336075 0.030000 1.474829 0.030000 3.205062 0.030000 3.102329 0.030000 6.422994 0.150000 5.217389 0.030000 4.998430 0.030000 5.011504 0.030000 3.228532 0.030000 3.282765 0.030000
5.843138 0.030000 5.771629 0.030000 4.444765 0.030000 4.335894 0.030000 5.671545 0.030000 6.038957 0.150000 6.894479 0.030000 7.041314 0.030000 1.236584 0.030000 1.414261 0.030000 3.369923 0.030000 3.117760 0.030000 4.872222 0.030000 5.073973 0.030000 5.011946 0.030000 5.005406 0.030000 3.181682 0.030000 3.274551 0.030000
6.005913 0.150000 5.835442 0.030000 4.478077 0.030000 4.388282 0.030000 5.611826 0.030000 5.758321 0.030000 6.795521 0.030000 6.941978 0.030000 1.175482 0.030000 1.257633 0.030000 3.480195 0.030000 3.298561 0.030000 4.810045 0.030000 5.001191 0.030000 5.003257 0.030000 5.042616 0.030000 3.442490 0.150000 3.226217 0.030000
6.037182 0.030000 6.029760 0.150000 4.623281 0.030000 4.469970 0.030000 5.488214 0.030000 5.688927 0.030000 6.802200 0.030000 7.088339 0.150000 1.123076 0.030000 1.166796 0.030000 3.603116 0.030000 3.421125 0.030000 4.649931 0.030000 4.884762 0.030000 5.001720 0.030000 5.276381 0.150000 4.035959 0.150000 3.131857 0.030000
6.111914 0.030000 5.954387 0.030000 4.716971 0.030000 4.492694 0.030000 5.400973 0.030000 5.517941 0.030000 6.592199 0.030000 6.768907 0.030000 1.051762 0.030000 1.130067 0.030000 3.711068 0.030000 3.522961 0.030000 4.531715 0.030000 4.708112 0.030000 4.924453 0.030000 4.990502 0.030000 3.092552 0.030000 3.195645 0.030000
6.186670 0.030000 6.072780 0.030000 4.798535 0.030000 4.653169 0.030000 5.237874 0.030000 5.386432 0.030000 6.616488 0.030000 6.656804 0.030000 1.012212 0.030000 1.089976 0.030000 3.873459 0.150000 3.624194 0.030000 4.362816 0.030000 4.554739 0.030000 4.947589 0.150000 4.906831 0.030000 3.120907 0.030000 3.085958 0.030000
6.272579 0.030000 6.111571 0.030000 4.856081 0.030000 4.766059 0.030000 5.120363 0.030000 5.378666 0.030000 6.523138 0.030000 6.631527 0.030000 0.966524 0.030000 1.034505 0.030000 3.945926 0.030000 3.768072 0.030000 4.339263 0.030000 4.501501 0.030000 4.996261 0.030000 5.075891 0.150000 3.062804 0.030000 4.011538 0.150000
6.298424 0.030000 6.109466 0.030000 4.983484 0.030000 4.808405 0.030000 5.085032 0.030000 5.251703 0.030000 6.364094 0.030000 6.496598 0.030000 0.982086 0.030000 0.994939 0.030000 4.098725 0.030000 3.867585 0.030000 4.168677 0.030000 4.378977 0.030000 4.978499 0.030000 4.942230 0.030000 3.095426 0.030000 3.132413 0.030000
6.458746 0.030000 6.263337 0.030000 5.070047 0.030000 4.884958 0.030000 4.967540 0.030000 5.907950 0.150000 6.346037 0.030000 6.461817 0.030000 0.933451 0.030000 0.954138 0.030000 4.307151 0.150000 4.030944 0.030000 4.095473 0.030000 4.283061 0.030000 4.962669 0.030000 4.988881 0.030000 3.052462 0.030000 3.031511 0.030000
6.457121 0.030000 6.303415 0.030000 5.198528 0.030000 5.408408 0.150000 4.878827 0.030000 5.027897 0.030000 6.321190 0.030000 6.341646 0.030000 0.976012 0.030000 0.972375 0.030000 4.338605 0.030000 4.137610 0.030000 3.920477 0.030000 4.150345 0.030000 4.973164 0.030000 5.021642 0.030000 3.092905 0.030000 3.090903 0.030000
6.562662 0.030000 6.387611 0.030000 5.270338 0.030000 5.150291 0.030000 4.776182 0.030000 4.974636 0.030000 6.206274 0.030000 6.326564 0.030000 0.989656 0.030000 0.978697 0.030000 4.405653 0.030000 4.242236 0.030000 3.806492 0.030000 3.968787 0.030000 5.005584 0.030000 4.971288 0.030000 3.389886 0.150000 3.072822 0.030000
6.606176 0.030000 6.558178 0.030000 5.376579 0.030000 5.174177 0.030000 4.664390 0.030000 4.797883 0.030000 6.149269 0.030000 6.244937 0.030000 1.064459 0.030000 0.916481 0.030000 4.804511 0.150000 4.370051 0.030000 3.733985 0.030000 3.878803 0.030000 5.015008 0.150000 4.880304 0.030000 3.373909 0.150000 3.061520 0.030000
6.723710 0.030000 6.684169 0.030000 5.456933 0.030000 5.235514 0.030000 4.535131 0.030000 4.696804 0.030000 6.128481 0.030000 6.168959 0.030000 1.134712 0.030000 0.992481 0.030000 4.690069 0.030000 4.462594 0.030000 3.573129 0.030000 3.745146 0.030000 5.009844 0.030000 4.941111 0.030000 3.104046 0.030000 3.072981 0.030000
6.788333 0.030000 6.758664 0.030000 5.555303 0.030000 5.402843 0.030000 4.513121 0.030000 4.580688 0.030000 5.944501 0.030000 6.093540 0.030000 1.164739 0.030000 1.079673 0.030000 4.795168 0.030000 4.652844 0.030000 3.427393 0.030000 3.624218 0.030000 5.093240 0.030000 4.983557 0.030000 3.144343 0.030000 3.082695 0.030000
6.954575 0.030000 6.787988 0.030000 5.696712 0.150000 5.522289 0.030000 4.434464 0.030000 4.566324 0.030000 5.933458 0.030000 6.027891 0.030000 1.258570 0.030000 1.114737 0.030000 4.952455 0.030000 4.725783 0.030000 3.355216 0.030000 3.538437 0.030000 5.072346 0.030000 4.989643 0.030000 3.127332 0.030000 3.107068 0.030000
6.964722 0.030000 6.913455 0.030000 5.769769 0.030000 5.606318 0.030000 4.327802 0.030000 4.445105 0.030000 5.895268 0.030000 6.010411 0.030000 1.377193 0.030000 1.202718 0.030000 5.019365 0.030000 4.846773 0.030000 3.204446 0.030000 3.432590 0.030000 5.074164 0.030000 5.029355 0.030000 3.156540 0.030000 3.589805 0.150000
7.112656 0.030000 6.919126 0.030000 5.879214 0.030000 5.743651 0.030000 4.220492 0.030000 4.432451 0.030000 5.995567 0.150000 5.868126 0.030000 2.059090 0.150000 1.270840 0.030000 5.197261 0.030000 4.965196 0.030000 3.091775 0.030000 3.269340 0.030000 5.092395 0.030000 4.974977 0.030000 3.817184 0.150000 3.202965 0.030000
7.193179 0.030000 7.033843 0.030000 6.004127 0.030000 5.791094 0.150000 4.085937 0.030000 4.270947 0.030000 5.668044 0.030000 5.804499 0.030000 1.494362 0.030000 1.362935 0.030000 5.677687 0.150000 4.983202 0.150000 2.999947 0.030000 3.173012 0.030000 5.156210 0.030000 4.945853 0.150000 3.296660 0.030000 3.254740 0.030000
7.287649 0.030000 7.091669 0.030000 6.147712 0.030000 5.932458 0.030000 4.055955 0.030000 4.126254 0.030000 5.682418 0.030000 5.756872 0.030000 1.570637 0.030000 1.447989 0.030000 5.429040 0.030000 5.140695 0.030000 2.867149 0.030000 3.037771 0.030000 5.163023 0.030000 5.120999 0.030000 3.331711 0.030000 3.257500 0.030000
7.371073 0.030000 7.197688 0.030000 6.223827 0.030000 6.065011 0.030000 3.971795 0.030000 4.089576 0.030000 5.638015 0.030000 5.709727 0.030000 1.653010 0.030000 1.552128 0.030000 5.599720 0.030000 5.436497 0.030000 2.784361 0.030000 2.916138 0.030000 5.216673 0.030000 5.081479 0.150000 3.399333 0.030000 3.319034 0.150000
7.469597 0.030000 7.330946 0.030000 6.367543 0.030000 6.206326 0.030000 3.896888 0.030000 4.003345 0.030000 5.573941 0.030000 5.661905 0.030000 1.868290 0.030000 1.659795 0.030000 5.956708 0.150000 5.473378 0.030000 2.619417 0.030000 2.826196 0.030000 5.808980 0.150000 5.128197 0.030000 3.420987 0.030000 3.343484 0.030000
7.573560 0.030000 7.448896 0.030000 6.441230 0.030000 6.247746 0.030000 4.294619 0.150000 3.954814 0.030000 5.725893 0.150000 5.582507 0.030000 1.987809 0.030000 1.782986 0.030000 6.527388 0.150000 5.591046 0.030000 2.539623 0.030000 2.682087 0.030000 5.232239 0.030000 5.228018 0.030000 3.488031 0.030000 3.423305 0.030000
7.649145 0.030000 7.505887 0.030000 6.569073 0.030000 6.357553 0.030000 3.706341 0.030000 3.844710 0.030000 5.429972 0.030000 5.583123 0.030000 2.054073 0.030000 1.888918 0.030000 5.829121 0.030000 5.698284 0.030000 2.372176 0.030000 2.572084 0.030000 5.315581 0.030000 5.239387 0.030000 3.533777 0.030000 3.685213 0.150000
7.795111 0.030000 7.588638 0.030000 6.695953 0.030000 6.455536 0.030000 3.606700 0.030000 3.743743 0.030000 5.404180 0.030000 5.521949 0.030000 2.141527 0.030000 1.949010 0.030000 6.011882 0.030000 5.795169 0.030000 2.335009 0.030000 2.517748 0.030000 5.335041 0.030000 5.271426 0.150000 3.598044 0.030000 3.513456 0.030000
7.837028 0.030000 7.678740 0.030000 6.816370 0.030000 6.589682 0.030000 3.575914 0.030000 3.671081 0.030000 5.344149 0.030000 5.434155 0.030000 2.249878 0.030000 2.051813 0.030000 6.157225 0.030000 5.927036 0.030000 2.183173 0.030000 2.294796 0.030000 5.377377 0.030000 5.322064 0.030000 3.674510 0.030000 4.187986 0.150000
7.899284 0.030000 7.801214 0.030000 6.885760 0.030000 6.674645 0.030000 3.513462 0.030000 3.622035 0.030000 5.323896 0.030000 5.463420 0.150000 2.375129 0.030000 2.212673 0.030000 6.262369 0.030000 6.031876 0.030000 2.044376 0.030000 2.244365 0.030000 5.416541 0.030000 5.343150 0.030000 3.787473 0.030000 3.656312 0.030000
8.011098 0.030000 7.852029 0.030000 6.971382 0.030000 6.796226 0.030000 3.443660 0.030000 3.535210 0.030000 5.288281 0.030000 5.328553 0.030000 2.456920 0.030000 2.297329 0.030000 6.600276 0.150000 6.187232 0.030000 1.953322 0.030000 2.127120 0.030000 5.565960 0.030000 5.379941 0.030000 3.827270 0.030000 3.638802 0.030000
8.108715 0.030000 8.316973 0.150000 7.093440 0.030000 6.857058 0.030000 3.384117 0.030000 3.533229 0.030000 5.293162 0.030000 5.403359 0.030000 2.549515 0.030000 2.404148 0.030000 6.482721 0.030000 6.294243 0.150000 2.039667 0.150000 2.072906 0.030000 5.519044 0.030000 5.431269 0.030000 3.903086 0.030000 3.724440 0.030000
8.173462 0.030000 7.997094 0.030000 7.093194 0.030000 6.948335 0.030000 3.367415 0.030000 3.486071 0.030000 5.187242 0.030000 5.325754 0.030000 2.629146 0.030000 2.416021 0.030000 6.589590 0.030000 6.305419 0.030000 1.839157 0.030000 2.027706 0.030000 5.557535 0.030000 5.483423 0.030000 3.897240 0.030000 4.679107 0.150000
8.224234 0.030000 8.310540 0.150000 7.153049 0.030000 7.004064 0.030000 3.339802 0.030000 3.430565 0.030000 6.066510 0.150000 5.280176 0.030000 2.744262 0.030000 2.519357 0.030000 6.955397 0.150000 6.390535 0.030000 1.704113 0.030000 1.937277 0.030000 5.659109 0.030000 5.514006 0.030000 3.938756 0.030000 3.806203 0.030000
8.271649 0.030000 7.976317 0.150000 7.580234 0.150000 7.063254 0.030000 3.332647 0.030000 3.379866 0.030000 5.183160 0.030000 5.278821 0.030000 2.757511 0.030000 2.513408 0.030000 6.683806 0.030000 6.226789 0.150000 1.679677 0.030000 1.911028 0.030000 5.641554 0.030000 5.494133 0.030000 4.038175 0.030000 3.880865 0.030000
8.346231 0.030000 8.180041 0.030000 7.258347 0.030000 7.740686 0.150000 3.307425 0.030000 3.419491 0.030000 5.187534 0.030000 5.213246 0.030000 2.865643 0.030000 2.640852 0.030000 6.749820 0.030000 6.537991 0.030000 1.640340 0.030000 1.896677 0.150000 6.366360 0.150000 5.967608 0.150000 4.034245 0.030000 3.894465 0.030000
8.393012 0.030000 8.160318 0.030000 7.382850 0.030000 7.144752 0.030000 3.204815 0.150000 3.378482 0.030000 5.162642 0.030000 5.267603 0.030000 2.900516 0.030000 2.710966 0.030000 6.854957 0.030000 6.614842 0.030000 1.643990 0.030000 1.795195 0.030000 5.693838 0.030000 5.601192 0.030000 4.065582 0.030000 4.095709 0.150000
8.380248 0.030000 8.221978 0.030000 7.357635 0.030000 7.168038 0.030000 3.262776 0.030000 3.339126 0.030000 5.140476 0.030000 5.180732 0.030000 2.903639 0.030000 2.768566 0.030000 6.883906 0.030000 7.314944 0.150000 1.621719 0.030000 1.781239 0.030000 5.508126 0.150000 5.889025 0.150000 4.187065 0.030000 3.987704 0.030000
8.418698 0.030000 8.272863 0.030000 7.318217 0.030000 7.235175 0.030000 3.213237 0.030000 3.583390 0.150000 5.187433 0.030000 5.180221 0.030000 2.987373 0.030000 3.485186 0.150000 6.811423 0.030000 6.654546 0.030000 1.572369 0.030000 1.708694 0.030000 5.737145 0.030000 5.612382 0.030000 4.166189 0.030000 4.050738 0.030000
8.504808 0.030000 8.230265 0.150000 7.754079 0.150000 7.288009 0.030000 3.166508 0.030000 3.292677 0.030000 5.184718 0.030000 5.374355 0.150000 3.003445 0.030000 2.811489 0.030000 6.910795 0.030000 6.718674 0.030000 1.590375 0.030000 1.679667 0.030000 5.769404 0.030000 5.635019 0.030000 4.071170 0.030000 4.057680 0.030000
8.586130 0.030000 8.361360 0.030000 7.456588 0.030000 7.368174 0.030000 3.132453 0.030000 3.296348 0.030000 5.282837 0.030000 5.125055 0.030000 3.091991 0.030000 2.873977 0.030000 6.975653 0.030000 6.785095 0.030000 1.623012 0.030000 1.579753 0.030000 5.922669 0.030000 5.718599 0.030000 4.085513 0.030000 4.102403 0.030000
8.651841 0.030000 8.423123 0.030000 7.584696 0.150000 7.418856 0.030000 3.008992 0.030000 3.203076 0.030000 5.353205 0.030000 5.191979 0.030000 3.130279 0.030000 2.965341 0.030000 6.967049 0.030000 6.924271 0.030000 1.664938 0.030000 1.556569 0.030000 5.972553 0.030000 5.747700 0.030000 4.055721 0.030000 4.101946 0.030000
8.715250 0.030000 8.491960 0.030000 7.399452 0.030000 7.494583 0.030000 2.896826 0.030000 3.114945 0.030000 5.435539 0.030000 5.313452 0.030000 3.278837 0.030000 3.029757 0.030000 7.018811 0.150000 6.966746 0.030000 1.729604 0.030000 1.627170 0.030000 6.075890 0.030000 5.891881 0.030000 3.989307 0.030000 4.051242 0.030000
8.792723 0.030000 8.680514 0.030000 7.366696 0.030000 7.462733 0.030000 2.752103 0.030000 2.998468 0.030000 5.597975 0.030000 5.403914 0.030000 3.239492 0.030000 3.146551 0.030000 7.118828 0.030000 7.060982 0.030000 1.747722 0.030000 1.713793 0.030000 6.144093 0.030000 6.011923 0.030000 3.857313 0.030000 4.039170 0.030000
8.922825 0.030000 8.768915 0.030000 7.342459 0.030000 7.387620 0.030000 2.663291 0.030000 2.823782 0.030000 5.665435 0.030000 5.485550 0.030000 3.315152 0.030000 3.262334 0.030000 7.143808 0.030000 7.029930 0.030000 1.943873 0.030000 1.795863 0.030000 6.291751 0.030000 6.113443 0.030000 3.813645 0.030000 3.926820 0.030000
8.994892 0.030000 9.289948 0.150000 7.321298 0.030000 7.335811 0.030000 2.524317 0.030000 2.694141 0.030000 5.782101 0.030000 5.660635 0.030000 3.407493 0.030000 3.241879 0.030000 7.193983 0.030000 7.098266 0.030000 1.948399 0.030000 1.842003 0.030000 6.404361 0.030000 6.293149 0.030000 3.746822 0.030000 3.874153 0.030000
9.066561 0.030000 8.934682 0.030000 7.306321 0.030000 7.372247 0.030000 2.405117 0.030000 2.734631 0.150000 5.902724 0.030000 5.763760 0.030000 3.448061 0.030000 3.341989 0.030000 7.223949 0.030000 7.157314 0.030000 2.123386 0.150000 1.998821 0.030000 6.547786 0.030000 6.336401 0.030000 3.702340 0.030000 3.819664 0.030000
9.122072 0.030000 9.000549 0.030000 7.220370 0.030000 7.299293 0.030000 2.304899 0.030000 2.691013 0.150000 6.070879 0.030000 5.879017 0.030000 3.507404 0.030000 3.348958 0.030000 7.268795 0.030000 7.193488 0.030000 2.238683 0.030000 2.049709 0.030000 6.693299 0.030000 6.503828 0.030000 3.655116 0.030000 3.684906 0.030000
9.210138 0.030000 9.073327 0.030000 7.173225 0.030000 7.308458 0.030000 2.184570 0.030000 2.325533 0.030000 6.245821 0.030000 5.973756 0.030000 3.631601 0.030000 3.470888 0.030000 7.300509 0.030000 7.220470 0.030000 2.319658 0.030000 2.241210 0.150000 6.750190 0.030000 6.556939 0.030000 3.550730 0.030000 3.685218 0.030000
9.316704 0.030000 9.251672 0.150000 7.222207 0.030000 7.262030 0.030000 2.057431 0.030000 2.249236 0.030000 6.278150 0.030000 6.098504 0.030000 3.665524 0.030000 3.507584 0.030000 7.388616 0.030000 7.245753 0.030000 2.448874 0.030000 2.271556 0.030000 6.920987 0.030000 6.715495 0.030000 3.591662 0.030000 3.616304 0.030000
9.403599 0.030000 9.331831 0.030000 7.144312 0.030000 7.239381 0.030000 1.952370 0.030000 2.134260 0.030000 6.415881 0.030000 6.203943 0.030000 3.776767 0.030000 3.612519 0.030000 7.625067 0.150000 7.314444 0.030000 3.368451 0.150000 2.376004 0.030000 7.769366 0.150000 6.815709 0.030000 3.457758 0.030000 3.566536 0.030000
9.458211 0.030000 9.330343 0.030000 7.124922 0.030000 7.180833 0.030000 1.906308 0.030000 2.048457 0.030000 6.503151 0.030000 6.308778 0.030000 3.834039 0.030000 3.660983 0.030000 7.409371 0.030000 7.315427 0.030000 2.622091 0.030000 2.481561 0.030000 7.099974 0.030000 6.868018 0.030000 3.439922 0.030000 3.428999 0.030000
9.566649 0.030000 9.608308 0.150000 7.111159 0.030000 7.602611 0.150000 1.817107 0.030000 2.266525 0.150000 6.538913 0.030000 6.360271 0.030000 3.876729 0.030000 3.749183 0.030000 7.422763 0.150000 7.371931 0.030000 2.668044 0.030000 2.707454 0.150000 7.609075 0.150000 6.931497 0.030000 3.360603 0.030000 3.440988 0.030000
9.600631 0.030000 9.460415 0.030000 7.103427 0.030000 7.198134 0.030000 1.733299 0.030000 1.941654 0.030000 6.662138 0.030000 6.487470 0.030000 3.934839 0.030000 3.806025 0.030000 7.430065 0.030000 7.333105 0.030000 2.700246 0.030000 2.572913 0.030000 7.172713 0.030000 6.981266 0.030000 3.374652 0.030000 3.430858 0.030000
9.604570 0.030000 9.465519 0.030000 7.200828 0.030000 7.185655 0.030000 1.691398 0.030000 1.887036 0.030000 6.727562 0.030000 6.499383 0.030000 3.945457 0.030000 3.826286 0.030000 7.515487 0.030000 7.405639 0.030000 2.825630 0.030000 2.562726 0.030000 7.289400 0.030000 7.117791 0.030000 3.338461 0.030000 3.828192 0.150000
9.672093 0.030000 9.491820 0.030000 7.063157 0.030000 7.201201 0.030000 1.665610 0.030000 1.789047 0.030000 6.807576 0.030000 6.583298 0.030000 3.998620 0.030000 3.801385 0.030000 7.474217 0.030000 7.397887 0.030000 2.859111 0.030000 2.882570 0.150000 7.289083 0.030000 7.166523 0.030000 3.323856 0.030000 3.366101 0.030000
10.338644 0.150000 9.501241 0.030000 7.181765 0.030000 7.181937 0.030000 1.633290 0.030000 1.797638 0.030000 6.809560 0.030000 6.591777 0.030000 4.018263 0.030000 3.895308 0.030000 7.561412 0.030000 7.405801 0.030000 3.350819 0.150000 2.970531 0.150000 7.347657 0.030000 7.200285 0.030000 3.266652 0.030000 3.355115 0.030000
10.584465 0.150000 9.584863 0.030000 7.129422 0.030000 7.080966 0.030000 1.599794 0.030000 1.767302 0.030000 6.887434 0.030000 6.642467 0.030000 4.037189 0.030000 3.911758 0.030000 7.581297 0.030000 7.480955 0.030000 2.897346 0.030000 2.767803 0.030000 7.417226 0.030000 7.239640 0.030000 3.228003 0.030000 3.371055 0.030000
9.763253 0.030000 9.587358 0.030000 7.089797 0.030000 7.087555 0.030000 1.577952 0.030000 1.758342 0.030000 6.893862 0.030000 6.667562 0.030000 4.039023 0.030000 3.878129 0.030000 7.582869 0.030000 7.472996 0.030000 2.924004 0.030000 2.746906 0.030000 7.430088 0.030000 7.225038 0.030000 3.288296 0.030000 3.379234 0.030000
9.743745 0.030000 9.635001 0.030000 7.046501 0.030000 7.171001 0.030000 1.625798 0.030000 1.694536 0.030000 6.904920 0.030000 6.716399 0.030000 4.049135 0.030000 3.994737 0.030000 7.654422 0.150000 7.560047 0.030000 3.000026 0.030000 2.821203 0.030000 7.391427 0.030000 7.290305 0.030000 3.230612 0.030000 3.352087 0.030000
9.675617 0.030000 9.692266 0.030000 7.006050 0.030000 7.065401 0.030000 1.611342 0.030000 1.610784 0.030000 6.926215 0.030000 6.798855 0.030000 4.038114 0.030000 4.238950 0.150000 7.408419 0.030000 7.529907 0.030000 3.066854 0.030000 2.904398 0.030000 7.471124 0.030000 7.345765 0.030000 3.165038 0.030000 3.275209 0.030000
9.676094 0.030000 9.756308 0.030000 6.900343 0.030000 7.097830 0.030000 1.574778 0.030000 1.579603 0.030000 6.998353 0.030000 6.979908 0.150000 4.018297 0.030000 4.051674 0.030000 7.395524 0.030000 7.500222 0.030000 3.090329 0.030000 2.988532 0.030000 7.425018 0.030000 7.428280 0.030000 2.978218 0.030000 3.265801 0.030000
9.571891 0.030000 9.693837 0.030000 6.745365 0.030000 6.947828 0.030000 1.715229 0.030000 1.568842 0.030000 7.044369 0.030000 7.019384 0.030000 3.913528 0.030000 4.011685 0.030000 7.331528 0.030000 7.267302 0.150000 3.192915 0.030000 3.089887 0.030000 7.357389 0.030000 7.404130 0.030000 2.924686 0.030000 3.092076 0.030000
9.510912 0.030000 9.641536 0.030000 6.639817 0.030000 6.857069 0.030000 1.805612 0.030000 1.710807 0.030000 7.051461 0.030000 7.043533 0.030000 3.847159 0.030000 3.933768 0.030000 7.165428 0.030000 7.290165 0.030000 3.251393 0.030000 3.195717 0.030000 7.372934 0.030000 7.470822 0.030000 3.747581 0.150000 2.985284 0.030000
9.375783 0.030000 9.565919 0.030000 6.427482 0.030000 6.650371 0.030000 1.905601 0.030000 1.772082 0.030000 7.064974 0.030000 7.053903 0.030000 3.783949 0.030000 3.892717 0.030000 7.060997 0.030000 7.269518 0.030000 3.357843 0.030000 3.280387 0.030000 7.322295 0.030000 7.366042 0.030000 2.674913 0.030000 2.842564 0.030000
9.300684 0.030000 9.548370 0.030000 6.401328 0.030000 6.595009 0.030000 2.076143 0.030000 1.871714 0.030000 7.159860 0.030000 7.047638 0.030000 3.665522 0.030000 3.802283 0.030000 6.959740 0.030000 7.154260 0.030000 3.341896 0.030000 3.274542 0.030000 7.332127 0.030000 7.309299 0.030000 2.505568 0.030000 3.097238 0.150000
9.237993 0.030000 9.399070 0.030000 6.230682 0.030000 6.455126 0.030000 2.780840 0.150000 1.928144 0.030000 7.123573 0.030000 7.159165 0.030000 3.609812 0.030000 3.675507 0.030000 6.866608 0.030000 7.000218 0.030000 3.395705 0.030000 3.357331 0.030000 7.311363 0.030000 7.295323 0.030000 2.921420 0.150000 2.674640 0.030000
9.150616 0.030000 9.313176 0.030000 6.071101 0.030000 6.309488 0.030000 2.234494 0.030000 2.057308 0.030000 7.253554 0.030000 7.151886 0.030000 3.472041 0.030000 3.632328 0.030000 6.723641 0.030000 7.819916 0.150000 3.494665 0.030000 3.411336 0.030000 7.176346 0.030000 7.326851 0.030000 2.319334 0.030000 2.522007 0.030000
9.054347 0.030000 9.174092 0.030000 6.368433 0.150000 6.185887 0.030000 2.372064 0.030000 2.207916 0.030000 7.284763 0.030000 7.176127 0.030000 4.151894 0.150000 3.584466 0.030000 6.646778 0.030000 6.801693 0.030000 3.556592 0.030000 3.467031 0.030000 7.180400 0.030000 7.190457 0.030000 2.173492 0.030000 2.418923 0.030000
9.019230 0.030000 9.187111 0.030000 5.886763 0.030000 6.085993 0.030000 2.456451 0.030000 2.320458 0.030000 7.291868 0.030000 7.212600 0.030000 3.381266 0.030000 3.522974 0.030000 6.504386 0.030000 6.701604 0.030000 3.647323 0.030000 3.484279 0.030000 7.379585 0.150000 7.173219 0.030000 2.104488 0.030000 2.298234 0.030000
8.949997 0.030000 9.050965 0.030000 5.772310 0.030000 5.987184 0.030000 2.565470 0.030000 2.412797 0.030000 7.311566 0.030000 7.278605 0.030000 3.351392 0.030000 3.438355 0.030000 6.353517 0.030000 6.718853 0.150000 3.739218 0.030000 3.619490 0.030000 7.154971 0.030000 7.149968 0.030000 2.031406 0.030000 2.162415 0.030000
8.888692 0.030000 8.973537 0.030000 5.662239 0.030000 5.863024 0.030000 2.659861 0.030000 2.500030 0.030000 7.371252 0.030000 8.070083 0.150000 3.338466 0.030000 3.329118 0.030000 6.297183 0.030000 6.489148 0.030000 3.802315 0.030000 3.714681 0.030000 7.078508 0.030000 7.131142 0.030000 1.889334 0.030000 2.073396 0.030000
8.792156 0.030000 8.910591 0.030000 5.503624 0.030000 5.774761 0.030000 2.813366 0.030000 2.594684 0.030000 7.373375 0.030000 7.322112 0.030000 3.435103 0.150000 3.305525 0.030000 6.192830 0.030000 6.349370 0.030000 3.848480 0.030000 3.781144 0.030000 7.111226 0.030000 7.051963 0.030000 1.787138 0.030000 1.937619 0.030000
8.742726 0.030000 8.889380 0.030000 5.401961 0.030000 5.600200 0.030000 2.887044 0.030000 2.711643 0.030000 7.421503 0.030000 7.387477 0.030000 3.768583 0.150000 3.244730 0.030000 6.065744 0.030000 6.231896 0.030000 3.977530 0.030000 3.764148 0.150000 7.044230 0.030000 7.146427 0.150000 1.703731 0.030000 1.853124 0.030000
8.625787 0.030000 8.763049 0.030000 5.256165 0.030000 5.451984 0.030000 3.038750 0.150000 2.847655 0.030000 7.489715 0.030000 7.377450 0.030000 3.705854 0.150000 3.250835 0.030000 5.967121 0.030000 6.120347 0.030000 4.056788 0.030000 3.965018 0.030000 7.036059 0.030000 7.046767 0.030000 1.635065 0.030000 1.785524 0.030000
8.443765 0.150000 8.706692 0.030000 5.119873 0.150000 5.355719 0.030000 3.115892 0.030000 3.006546 0.030000 7.509127 0.030000 7.448473 0.030000 3.046812 0.030000 3.654585 0.150000 5.821930 0.030000 5.981087 0.030000 4.128949 0.030000 4.042293 0.030000 7.002020 0.030000 7.080483 0.030000 1.965213 0.150000 1.672132 0.030000
8.528157 0.030000 8.825568 0.150000 5.052612 0.030000 5.290268 0.030000 3.250488 0.030000 3.616715 0.150000 7.568333 0.030000 7.488100 0.030000 3.033181 0.030000 3.155166 0.030000 5.726096 0.030000 5.903652 0.030000 4.253834 0.030000 4.249400 0.150000 7.010143 0.150000 7.016931 0.030000 1.491606 0.030000 1.972664 0.150000
8.409216 0.030000 8.545535 0.030000 4.859966 0.030000 5.115551 0.030000 3.445683 0.030000 3.223785 0.030000 7.699832 0.030000 7.577339 0.030000 3.021813 0.030000 3.105587 0.030000 5.971954 0.150000 5.881826 0.030000 4.328561 0.030000 4.181360 0.030000 6.999122 0.030000 7.010365 0.030000 1.343387 0.030000 1.481834 0.030000
8.409014 0.030000 8.477526 0.030000 4.847811 0.030000 4.966990 0.030000 3.510072 0.030000 3.307991 0.030000 7.691082 0.030000 7.657180 0.030000 2.982400 0.030000 3.005747 0.030000 5.545104 0.030000 5.734853 0.030000 4.554606 0.150000 4.282437 0.030000 6.947019 0.030000 6.951592 0.030000 1.330486 0.030000 1.404225 0.030000
8.316949 0.030000 8.372386 0.030000 4.662582 0.030000 4.892766 0.030000 3.609305 0.030000 3.470215 0.030000 7.733974 0.030000 8.175865 0.150000 3.005313 0.030000 2.999058 0.030000 5.398101 0.030000 5.588843 0.030000 4.568921 0.030000 4.412769 0.030000 6.955152 0.030000 6.986317 0.030000 1.482781 0.150000 1.342699 0.030000
8.242557 0.030000 8.281794 0.030000 4.565199 0.030000 4.738243 0.030000 3.722615 0.030000 3.543635 0.030000 7.790513 0.030000 7.704288 0.030000 2.919386 0.030000 2.972954 0.030000 5.351698 0.030000 5.459136 0.030000 4.636091 0.030000 4.493484 0.030000 6.954730 0.030000 6.973454 0.030000 1.201285 0.030000 1.232643 0.030000
8.167102 0.030000 8.315367 0.030000 4.408422 0.030000 4.650147 0.030000 3.907261 0.030000 3.590386 0.030000 7.895348 0.030000 7.800514 0.030000 2.935793 0.030000 3.364268 0.150000 5.230115 0.030000 5.383098 0.030000 4.792492 0.030000 6.644706 0.150000 6.924522 0.030000 6.980692 0.030000 1.114777 0.030000 1.140156 0.030000
8.136221 0.030000 8.204113 0.030000 4.295080 0.030000 4.443866 0.030000 3.948045 0.030000 3.813164 0.030000 8.793825 0.150000 7.891972 0.030000 2.947542 0.030000 2.984424 0.030000 5.131029 0.030000 5.291259 0.030000 4.820911 0.030000 4.637573 0.030000 6.973438 0.030000 7.009174 0.030000 1.041857 0.150000 1.167230 0.030000
8.049213 0.030000 8.115361 0.030000 4.196042 0.030000 4.365064 0.030000 4.075064 0.030000 3.858228 0.030000 7.999344 0.030000 7.947873 0.030000 2.875403 0.030000 2.926217 0.030000 5.019489 0.030000 5.192246 0.030000 4.889303 0.030000 4.761399 0.030000 6.899805 0.030000 6.936364 0.030000 1.066679 0.030000 1.075549 0.030000
7.986937 0.030000 8.083804 0.030000 4.063268 0.030000 4.278027 0.030000 4.243366 0.030000 3.996010 0.030000 8.641272 0.150000 7.917257 0.030000 2.945168 0.030000 3.629678 0.150000 4.853376 0.030000 5.054933 0.030000 4.990988 0.030000 4.829062 0.030000 7.190798 0.150000 6.910759 0.030000 1.053223 0.030000 1.126209 0.030000
7.928104 0.030000 8.004421 0.030000 3.962137 0.030000 4.152032 0.030000 4.318920 0.030000 4.111249 0.030000 8.088495 0.030000 8.037553 0.030000 2.973125 0.030000 2.963303 0.150000 4.877957 0.030000 4.954538 0.030000 5.198742 0.030000 4.991652 0.030000 6.960584 0.030000 6.954483 0.030000 1.020128 0.030000 1.137125 0.030000
7.825433 0.030000 7.928564 0.030000 3.833840 0.030000 4.013039 0.030000 4.430357 0.030000 4.227106 0.030000 8.266560 0.030000 8.101916 0.030000 2.986130 0.030000 2.978556 0.030000 4.759151 0.030000 4.840175 0.030000 5.387575 0.150000 5.038379 0.030000 6.936571 0.030000 6.963441 0.030000 1.085821 0.030000 1.271202 0.150000
7.794478 0.030000 7.825951 0.030000 3.636931 0.030000 3.898683 0.030000 4.593639 0.030000 4.322599 0.030000 8.312086 0.030000 8.142887 0.030000 2.933796 0.030000 2.907379 0.030000 4.648556 0.030000 4.791941 0.030000 5.334891 0.030000 5.200962 0.030000 7.019184 0.030000 6.951708 0.030000 1.142987 0.030000 1.117590 0.030000
7.760292 0.030000 8.020077 0.150000 3.583363 0.030000 3.800187 0.030000 5.358205 0.150000 4.484774 0.030000 8.323470 0.030000 8.210316 0.030000 2.971113 0.030000 3.003674 0.030000 4.533689 0.030000 4.718402 0.030000 5.481697 0.030000 5.308182 0.030000 7.199821 0.150000 6.947521 0.030000 1.213987 0.030000 1.122090 0.030000
7.650989 0.030000 7.797837 0.030000 3.578654 0.150000 3.614547 0.030000 4.792329 0.030000 4.637474 0.030000 8.461734 0.030000 8.266638 0.030000 3.055090 0.030000 3.015594 0.030000 4.485417 0.030000 4.616395 0.030000 5.596591 0.030000 5.423929 0.030000 7.003759 0.030000 6.934151 0.030000 1.321959 0.030000 1.192531 0.030000
7.667729 0.030000 7.533126 0.150000 3.322363 0.030000 3.537907 0.030000 4.978868 0.030000 4.689103 0.030000 8.509062 0.030000 8.410390 0.030000 3.032261 0.030000 3.007932 0.030000 4.362892 0.030000 4.934304 0.150000 5.656062 0.030000 5.427719 0.030000 7.000192 0.030000 6.991205 0.030000 1.387080 0.030000 1.272891 0.030000
7.626756 0.030000 7.708079 0.150000 3.270585 0.030000 3.409115 0.030000 5.025369 0.030000 4.841951 0.030000 8.552103 0.030000 8.464725 0.030000 3.083361 0.030000 3.030167 0.030000 4.232586 0.030000 4.414537 0.030000 5.786403 0.030000 5.602390 0.030000 7.030469 0.030000 7.940529 0.150000 1.386705 0.030000 1.308341 0.030000
7.603170 0.030000 7.677750 0.150000 3.102742 0.030000 3.247334 0.030000 5.113595 0.030000 4.963603 0.030000 8.614570 0.030000 8.570279 0.030000 3.208462 0.030000 3.054089 0.030000 4.135127 0.030000 4.334814 0.030000 5.893441 0.030000 5.775649 0.030000 7.045576 0.030000 7.064455 0.030000 1.510406 0.030000 1.727716 0.150000
7.534103 0.030000 7.644714 0.030000 2.981001 0.030000 3.170898 0.030000 5.701494 0.150000 5.148738 0.030000 8.741527 0.030000 8.612259 0.030000 3.246827 0.030000 2.932836 0.150000 4.101802 0.030000 4.252903 0.030000 6.040092 0.030000 5.821172 0.030000 7.081156 0.030000 7.067376 0.030000 1.627033 0.030000 1.464137 0.030000
7.515215 0.030000 7.514896 0.030000 2.865341 0.030000 2.978457 0.030000 5.371574 0.030000 5.178535 0.030000 8.792294 0.030000 8.670350 0.030000 3.203761 0.030000 3.143608 0.030000 4.001786 0.030000 4.131194 0.030000 6.096548 0.030000 5.928507 0.030000 7.105875 0.030000 7.011741 0.030000 1.648119 0.030000 1.610268 0.030000
7.452575 0.030000 7.505073 0.030000 2.717807 0.030000 2.946248 0.030000 5.511085 0.030000 5.300769 0.030000 8.878981 0.030000 8.763918 0.030000 3.688808 0.150000 3.220238 0.030000 3.956959 0.030000 4.032915 0.030000 6.198651 0.030000 6.036394 0.030000 7.084830 0.030000 7.079745 0.030000 1.828729 0.030000 1.645958 0.030000
7.349525 0.030000 7.479488 0.030000 3.030652 0.150000 3.141539 0.150000 5.645434 0.030000 5.448747 0.030000 8.958015 0.030000 9.134844 0.150000 3.410909 0.030000 3.278260 0.030000 3.889023 0.030000 3.921623 0.030000 6.346466 0.030000 6.074932 0.030000 7.116617 0.030000 7.079889 0.030000 1.871453 0.030000 1.763422 0.030000
7.407700 0.030000 7.376264 0.030000 2.514781 0.030000 2.718143 0.030000 5.881682 0.150000 5.850190 0.150000 9.038899 0.030000 8.732684 0.150000 3.367794 0.030000 3.347874 0.030000 3.703104 0.150000 3.865308 0.030000 6.453761 0.030000 6.245915 0.030000 7.167569 0.030000 7.401487 0.150000 1.998196 0.030000 1.860848 0.030000
7.311461 0.030000 7.352740 0.030000 2.377338 0.030000 2.611534 0.030000 5.915456 0.030000 5.753531 0.030000 9.133432 0.030000 8.975460 0.030000 3.493247 0.030000 3.556342 0.150000 4.085068 0.150000 3.789449 0.030000 6.523965 0.030000 6.367927 0.030000 7.193154 0.150000 7.181700 0.030000 2.080378 0.030000 1.889936 0.030000
7.256761 0.030000 7.341096 0.030000 2.281542 0.030000 2.490020 0.030000 6.040695 0.030000 5.869982 0.030000 9.161994 0.030000 9.029949 0.030000 3.587562 0.030000 3.425680 0.030000 3.676072 0.030000 3.601836 0.150000 6.714644 0.030000 6.492550 0.030000 7.266520 0.030000 7.225441 0.030000 2.211218 0.030000 2.041577 0.030000
7.297812 0.030000 7.298853 0.030000 2.150170 0.030000 2.385527 0.030000 6.150991 0.030000 5.918285 0.030000 9.263662 0.030000 9.194183 0.030000 3.642481 0.030000 3.544685 0.030000 3.480096 0.030000 3.671659 0.030000 6.788171 0.030000 6.623216 0.030000 7.304263 0.030000 7.253615 0.030000 2.281876 0.030000 2.163492 0.030000
7.201362 0.030000 7.258136 0.030000 2.089020 0.030000 2.274355 0.030000 6.293973 0.030000 6.053651 0.030000 9.358623 0.030000 9.165346 0.030000 3.722792 0.030000 3.605747 0.030000 3.508561 0.030000 3.598568 0.030000 7.272568 0.150000 6.716964 0.030000 7.270943 0.030000 7.235974 0.030000 2.413910 0.030000 2.213998 0.030000
7.231766 0.030000 7.217193 0.030000 1.988100 0.030000 2.139362 0.030000 6.408763 0.030000 6.178012 0.030000 9.403858 0.030000 9.326722 0.030000 3.743119 0.030000 3.668332 0.030000 3.462977 0.030000 3.514090 0.030000 6.852102 0.150000 6.790469 0.030000 7.376102 0.030000 7.326221 0.030000 2.498967 0.030000 2.317756 0.030000
7.129796 0.030000 7.289689 0.030000 1.899260 0.030000 2.047890 0.030000 6.444543 0.030000 6.243525 0.030000 9.493689 0.030000 9.346934 0.030000 3.827735 0.030000 3.835063 0.150000 3.397064 0.030000 3.502210 0.030000 7.083013 0.030000 6.936379 0.030000 7.338130 0.030000 7.795792 0.150000 2.851714 0.150000 2.412993 0.030000
7.138061 0.030000 7.232735 0.030000 1.801826 0.030000 1.996760 0.030000 6.568112 0.030000 6.412753 0.030000 9.502374 0.030000 9.335366 0.030000 3.872523 0.030000 3.767315 0.030000 3.889623 0.150000 3.489640 0.030000 7.145446 0.030000 6.953655 0.030000 7.328200 0.030000 7.363349 0.030000 2.658803 0.030000 2.451827 0.030000
7.151997 0.030000 7.135299 0.030000 1.787640 0.030000 1.916875 0.030000 6.637989 0.030000 6.405886 0.030000 9.836546 0.150000 9.442864 0.030000 3.976439 0.030000 3.829386 0.150000 3.262086 0.030000 3.491528 0.030000 7.099733 0.150000 6.959936 0.030000 7.404096 0.030000 7.370551 0.030000 2.699696 0.030000 2.522399 0.030000
7.053642 0.030000 7.186244 0.030000 1.708317 0.030000 1.863003 0.030000 6.681002 0.030000 6.458046 0.030000 9.591293 0.030000 9.451854 0.030000 3.972024 0.030000 3.843898 0.030000 3.267993 0.030000 3.470161 0.150000 7.558150 0.150000 7.123860 0.030000 7.443354 0.030000 7.306947 0.030000 2.778221 0.030000 2.615906 0.030000
7.087263 0.030000 7.711917 0.150000 1.645690 0.030000 1.938559 0.150000 6.700525 0.030000 6.533397 0.030000 9.716338 0.030000 10.126092 0.150000 3.996608 0.030000 3.881842 0.030000 3.330190 0.030000 3.385173 0.030000 7.367428 0.030000 7.193551 0.150000 8.748163 0.150000 7.410078 0.150000 2.839245 0.030000 2.664703 0.030000
7.133216 0.030000 7.253555 0.030000 1.595689 0.030000 1.817342 0.030000 7.385510 0.150000 6.620879 0.030000 9.753154 0.030000 9.563184 0.030000 4.024688 0.030000 3.912361 0.030000 3.256634 0.030000 3.339223 0.030000 7.378920 0.030000 7.140480 0.030000 7.294208 0.150000 7.436522 0.030000 2.918559 0.030000 2.690662 0.030000
