1.492560 0.030000 1.413644 0.030000 7.058241 0.030000 7.025527 0.030000 9.721351 0.030000 9.931567 0.030000 7.040515 0.030000 7.035760 0.030000 6.977955 0.030000 7.200515 0.030000 3.059290 0.030000 3.251320 0.030000 7.540030 0.030000 7.559339 0.030000 3.117426 0.030000 3.112367 0.030000 7.457022 0.030000 7.657177 0.030000
1.593306 0.030000 1.494417 0.030000 7.062099 0.030000 7.049150 0.030000 9.710805 0.030000 9.889891 0.030000 7.095304 0.030000 7.050341 0.030000 6.864843 0.030000 7.094476 0.030000 3.001722 0.030000 3.172640 0.030000 7.529957 0.030000 7.604479 0.030000 3.200945 0.030000 3.134681 0.030000 7.404143 0.030000 7.632346 0.030000
1.709527 0.030000 1.515425 0.030000 7.090974 0.030000 7.082148 0.030000 9.707813 0.030000 9.825037 0.030000 7.115746 0.030000 6.990449 0.030000 6.709969 0.030000 6.969303 0.030000 2.860156 0.030000 3.051254 0.030000 7.504053 0.030000 7.530175 0.030000 3.221639 0.030000 3.146920 0.030000 7.258651 0.030000 7.476896 0.030000
1.700264 0.030000 1.632852 0.030000 7.148672 0.030000 7.097836 0.030000 9.561283 0.030000 9.650747 0.030000 7.090292 0.030000 7.082407 0.030000 6.675018 0.030000 6.863751 0.030000 2.736049 0.030000 2.949150 0.030000 7.414556 0.030000 7.678166 0.150000 3.276645 0.030000 3.202719 0.030000 7.199091 0.030000 7.366756 0.030000
1.914686 0.030000 1.716302 0.030000 7.135283 0.030000 7.097116 0.030000 9.456137 0.030000 9.680195 0.030000 7.155073 0.030000 7.087942 0.030000 6.516524 0.030000 6.705592 0.030000 2.591324 0.030000 2.847950 0.030000 7.370118 0.030000 7.723696 0.150000 3.395679 0.030000 3.242155 0.030000 7.095115 0.030000 7.264990 0.030000
1.988681 0.030000 1.793195 0.030000 8.198530 0.150000 7.178965 0.030000 9.406384 0.030000 9.530231 0.150000 7.075644 0.150000 7.120002 0.030000 6.429812 0.030000 6.570214 0.030000 2.557135 0.030000 2.685955 0.030000 7.340762 0.030000 7.396330 0.030000 3.355405 0.030000 3.293391 0.030000 6.947060 0.030000 7.146638 0.030000
2.071081 0.030000 1.869735 0.030000 7.172736 0.030000 7.104922 0.030000 9.290938 0.030000 9.463941 0.030000 7.220635 0.030000 7.163353 0.030000 6.297066 0.030000 6.480836 0.030000 2.362932 0.030000 2.561796 0.030000 7.334004 0.030000 7.349419 0.030000 3.500737 0.030000 3.319256 0.030000 6.839349 0.030000 7.034245 0.030000
2.229749 0.030000 2.041731 0.030000 7.280767 0.030000 7.835119 0.150000 9.237756 0.030000 9.367645 0.030000 7.200997 0.030000 7.059148 0.150000 6.193432 0.030000 6.309431 0.030000 2.282191 0.030000 2.787680 0.150000 7.227979 0.030000 7.286027 0.030000 3.600719 0.150000 3.426003 0.030000 6.784074 0.030000 6.971025 0.030000
2.440585 0.150000 2.116173 0.030000 7.283589 0.030000 7.251406 0.030000 9.147630 0.030000 9.303149 0.030000 7.277846 0.030000 7.225175 0.030000 6.070414 0.030000 6.181411 0.030000 2.135094 0.030000 2.325120 0.030000 7.258132 0.030000 7.253475 0.030000 3.538265 0.030000 3.539235 0.030000 6.659089 0.030000 6.986882 0.150000
2.647312 0.150000 2.246232 0.030000 7.316552 0.030000 7.195159 0.030000 9.067595 0.030000 9.192534 0.030000 7.290980 0.030000 7.228582 0.030000 5.906955 0.030000 6.158202 0.030000 2.375258 0.150000 2.274431 0.030000 7.186097 0.030000 7.196038 0.030000 3.710140 0.030000 4.035172 0.150000 6.543806 0.030000 6.710427 0.030000
3.576014 0.150000 2.380726 0.030000 7.377072 0.030000 7.476647 0.150000 9.050442 0.030000 9.501793 0.150000 7.338829 0.030000 7.301620 0.030000 5.785390 0.030000 6.488805 0.150000 1.973197 0.030000 2.134394 0.030000 7.191327 0.030000 7.187081 0.030000 3.831173 0.030000 3.635908 0.030000 6.408593 0.030000 6.648954 0.030000
2.645903 0.030000 2.501348 0.030000 7.349064 0.030000 7.318840 0.030000 8.903587 0.030000 9.023343 0.030000 7.334170 0.030000 7.353520 0.030000 5.924553 0.150000 5.864785 0.030000 1.826809 0.030000 2.029910 0.030000 7.174607 0.030000 7.179977 0.030000 3.880562 0.030000 3.757381 0.030000 6.346228 0.030000 6.536832 0.030000
2.731382 0.030000 2.522206 0.030000 7.406471 0.030000 7.336249 0.030000 8.822375 0.030000 8.939469 0.030000 7.421830 0.030000 7.358572 0.030000 5.512640 0.030000 5.702184 0.030000 1.744411 0.030000 1.918229 0.030000 7.073414 0.030000 7.137078 0.030000 3.952229 0.030000 4.015206 0.150000 6.189681 0.030000 6.309515 0.030000
2.885874 0.030000 2.755638 0.030000 7.480491 0.030000 7.419694 0.030000 8.781980 0.030000 8.909131 0.030000 7.455295 0.030000 7.407845 0.030000 5.359263 0.030000 5.632273 0.030000 1.725290 0.030000 1.856002 0.030000 7.090450 0.030000 7.175180 0.030000 4.006484 0.030000 3.915029 0.030000 6.067238 0.030000 6.258570 0.030000
2.972039 0.030000 3.393464 0.150000 7.548516 0.030000 7.448097 0.030000 8.718395 0.030000 8.870093 0.030000 7.535009 0.030000 7.470464 0.030000 5.354607 0.030000 5.468779 0.030000 1.713701 0.150000 1.642997 0.030000 7.103862 0.030000 7.138776 0.030000 4.106847 0.030000 3.936875 0.030000 5.972598 0.030000 6.258654 0.030000
3.096810 0.030000 2.943890 0.030000 7.622935 0.030000 7.940533 0.150000 8.698040 0.030000 8.755312 0.030000 7.594047 0.030000 7.496959 0.030000 5.178647 0.030000 5.337570 0.030000 1.700164 0.150000 1.620841 0.030000 7.038393 0.030000 7.054727 0.030000 4.189168 0.030000 4.666978 0.150000 5.877625 0.030000 5.879998 0.150000
3.211779 0.030000 3.050050 0.030000 7.635223 0.030000 7.569332 0.030000 8.534935 0.030000 8.656447 0.030000 7.734861 0.150000 7.569234 0.030000 5.011901 0.030000 5.160541 0.030000 1.380532 0.030000 1.509478 0.030000 7.067478 0.030000 7.038196 0.030000 4.272357 0.030000 5.282984 0.150000 5.833566 0.030000 5.951518 0.030000
3.355252 0.030000 3.186294 0.030000 7.699242 0.030000 7.593133 0.030000 8.475374 0.030000 8.649379 0.030000 7.699820 0.030000 7.597035 0.030000 4.863491 0.030000 5.124867 0.030000 1.305871 0.030000 1.397065 0.030000 6.995053 0.030000 7.060737 0.030000 4.388763 0.030000 4.198786 0.030000 5.611751 0.030000 6.242420 0.150000
3.510908 0.030000 3.348493 0.030000 7.758056 0.030000 7.627398 0.030000 8.355446 0.030000 8.480408 0.030000 7.690339 0.030000 7.632745 0.030000 5.598521 0.150000 5.171849 0.150000 1.253177 0.030000 1.407737 0.030000 7.622117 0.150000 7.015194 0.030000 4.447061 0.030000 4.294779 0.030000 5.547691 0.030000 6.329312 0.150000
3.688132 0.150000 3.360912 0.030000 7.767286 0.030000 7.685304 0.030000 8.328884 0.030000 8.488272 0.030000 7.774205 0.030000 7.691432 0.030000 4.895873 0.150000 4.869128 0.030000 1.143293 0.030000 2.160079 0.150000 6.925565 0.030000 7.194018 0.150000 4.578595 0.030000 4.455982 0.030000 5.414792 0.030000 5.568606 0.030000
3.671661 0.030000 3.488582 0.030000 7.843802 0.030000 7.776689 0.030000 8.285153 0.030000 8.449923 0.030000 7.797594 0.150000 7.757722 0.030000 4.560742 0.030000 4.742554 0.030000 1.099622 0.030000 1.240217 0.030000 6.988490 0.030000 7.084388 0.150000 4.622594 0.030000 4.479369 0.030000 5.336208 0.030000 5.524044 0.030000
3.814023 0.030000 3.611455 0.150000 7.853861 0.030000 7.773524 0.030000 8.230974 0.030000 8.315566 0.030000 7.863295 0.030000 7.766714 0.030000 4.433095 0.030000 4.575892 0.030000 1.097367 0.030000 1.158221 0.030000 6.960235 0.030000 7.036302 0.030000 4.754300 0.030000 4.592525 0.030000 5.237339 0.030000 5.419151 0.030000
4.311077 0.150000 3.764982 0.030000 7.952350 0.030000 7.914878 0.030000 8.183654 0.030000 8.897466 0.150000 7.981489 0.030000 7.901230 0.030000 4.377577 0.030000 4.483882 0.030000 1.034138 0.030000 1.031410 0.030000 7.004956 0.030000 7.024122 0.030000 4.961795 0.150000 4.675279 0.030000 5.121950 0.030000 5.362440 0.030000
4.137277 0.030000 3.889326 0.030000 8.289062 0.150000 7.917901 0.030000 8.077174 0.030000 8.183598 0.030000 8.020593 0.030000 7.910268 0.030000 4.139681 0.030000 4.343335 0.030000 1.023259 0.150000 1.172727 0.150000 6.976009 0.030000 6.984243 0.030000 5.654989 0.150000 4.756611 0.030000 4.995015 0.030000 5.361603 0.150000
4.188491 0.030000 3.968479 0.030000 8.349787 0.150000 8.010811 0.030000 8.072388 0.030000 8.162918 0.030000 8.015062 0.030000 8.040557 0.030000 4.100009 0.030000 4.227207 0.030000 1.000609 0.030000 1.006722 0.030000 6.959184 0.030000 6.979704 0.030000 5.027287 0.030000 4.921096 0.030000 4.972398 0.030000 5.079351 0.030000
4.312563 0.030000 4.091534 0.030000 8.136646 0.030000 8.453678 0.150000 9.653841 0.150000 8.030922 0.030000 8.195885 0.030000 8.081304 0.030000 3.962196 0.030000 4.056101 0.030000 1.012499 0.030000 0.983805 0.030000 7.018601 0.030000 7.018972 0.030000 5.561619 0.150000 4.936828 0.030000 4.820443 0.030000 4.965373 0.030000
4.400590 0.030000 4.235071 0.030000 8.219669 0.030000 8.113076 0.030000 7.903868 0.030000 7.983220 0.030000 8.205380 0.030000 8.557819 0.150000 3.860093 0.150000 3.994390 0.030000 1.113102 0.030000 1.061889 0.030000 7.025589 0.030000 6.912114 0.030000 5.290146 0.150000 5.137078 0.030000 4.750132 0.030000 4.843659 0.030000
4.533130 0.030000 4.346886 0.030000 8.330807 0.030000 8.155822 0.030000 7.853898 0.030000 7.880997 0.030000 8.381692 0.150000 8.126565 0.030000 3.763188 0.150000 3.914771 0.030000 1.063493 0.030000 1.046130 0.030000 7.044306 0.030000 6.980729 0.030000 5.352862 0.030000 5.141079 0.030000 4.677599 0.030000 4.805320 0.030000
4.615365 0.030000 4.529782 0.030000 8.322029 0.030000 8.270893 0.030000 7.822817 0.030000 7.842554 0.030000 8.336341 0.030000 8.192225 0.030000 3.580842 0.030000 3.784027 0.030000 1.215443 0.030000 1.067616 0.030000 7.022421 0.030000 7.046669 0.030000 5.477265 0.030000 5.309953 0.030000 4.556735 0.030000 4.744110 0.030000
4.815444 0.030000 4.587979 0.030000 8.394711 0.030000 8.646280 0.150000 7.817892 0.150000 8.309178 0.150000 8.375186 0.030000 8.281038 0.030000 3.431796 0.030000 3.913504 0.150000 1.201783 0.030000 1.120245 0.030000 7.036735 0.030000 7.015633 0.030000 5.594276 0.030000 5.451060 0.030000 4.423822 0.030000 4.672548 0.030000
4.959598 0.030000 4.732016 0.030000 8.428067 0.030000 8.351379 0.030000 7.674270 0.030000 7.749781 0.030000 8.556712 0.150000 8.428613 0.030000 3.340260 0.030000 3.554342 0.030000 1.267832 0.030000 1.178724 0.030000 7.067044 0.030000 7.021377 0.030000 5.697398 0.030000 5.510047 0.030000 4.410842 0.030000 4.475489 0.030000
5.025181 0.030000 4.817349 0.030000 8.569925 0.030000 8.474077 0.030000 7.619380 0.030000 7.682902 0.030000 8.566953 0.030000 8.504491 0.150000 4.118294 0.150000 3.405504 0.030000 1.407837 0.030000 1.227732 0.030000 7.074905 0.030000 6.992755 0.030000 5.836894 0.030000 5.581033 0.030000 4.297502 0.030000 4.426190 0.030000
5.213258 0.150000 4.950583 0.030000 8.603791 0.030000 8.677425 0.150000 7.620060 0.030000 7.674896 0.030000 8.696280 0.030000 8.834664 0.150000 3.026020 0.030000 3.412240 0.150000 1.468547 0.030000 1.360030 0.030000 7.069115 0.030000 7.068311 0.030000 5.983461 0.030000 5.767028 0.030000 4.267972 0.030000 4.325354 0.030000
5.313982 0.030000 5.077683 0.030000 8.696454 0.030000 8.607498 0.030000 7.515633 0.030000 7.597864 0.030000 8.683656 0.030000 8.613068 0.030000 2.971294 0.030000 3.175097 0.030000 1.553820 0.030000 1.409371 0.030000 7.084811 0.030000 7.489747 0.150000 5.993229 0.030000 5.853666 0.030000 4.114661 0.030000 4.281834 0.030000
5.418228 0.030000 5.207408 0.030000 9.363226 0.150000 8.609012 0.030000 7.562701 0.030000 7.570210 0.030000 8.784312 0.030000 8.642792 0.030000 2.856336 0.030000 3.069279 0.030000 1.642891 0.030000 1.456801 0.030000 7.121082 0.030000 7.098871 0.030000 6.108177 0.030000 5.939958 0.030000 4.027094 0.030000 4.117588 0.030000
5.575062 0.030000 5.366973 0.030000 8.884563 0.030000 8.715439 0.030000 7.456888 0.030000 7.481684 0.030000 8.860016 0.150000 8.712604 0.030000 2.744514 0.030000 2.852179 0.030000 1.732972 0.030000 1.629490 0.030000 7.178702 0.030000 7.592000 0.150000 6.236580 0.030000 6.274327 0.150000 4.134809 0.150000 4.083510 0.030000
5.533662 0.150000 5.434483 0.030000 8.955427 0.030000 8.850967 0.030000 7.444718 0.030000 7.406150 0.150000 8.900800 0.030000 8.819252 0.030000 2.611289 0.030000 2.835000 0.030000 1.896991 0.030000 1.732870 0.030000 7.119353 0.030000 7.156510 0.030000 6.291674 0.030000 6.215007 0.030000 3.848701 0.030000 4.456238 0.150000
5.759773 0.030000 5.557880 0.030000 9.033427 0.030000 8.922089 0.030000 7.388448 0.030000 7.420205 0.030000 9.080557 0.030000 8.902914 0.030000 2.527284 0.030000 2.786778 0.030000 1.954223 0.030000 1.776484 0.030000 7.243813 0.030000 7.141273 0.030000 6.418673 0.030000 6.267420 0.030000 3.776408 0.030000 3.927864 0.030000
5.904553 0.030000 5.722784 0.030000 9.058255 0.030000 8.998768 0.030000 7.277520 0.030000 7.399016 0.030000 9.106380 0.030000 9.010833 0.030000 2.380391 0.030000 2.626742 0.030000 2.060194 0.030000 1.926541 0.030000 7.194346 0.030000 7.140665 0.030000 6.538461 0.030000 6.331539 0.030000 3.695383 0.030000 3.823517 0.030000
6.029546 0.030000 5.818264 0.030000 9.121923 0.030000 9.041879 0.030000 7.287943 0.030000 7.296499 0.030000 9.170041 0.030000 9.038639 0.030000 2.226831 0.030000 2.640026 0.150000 2.848590 0.150000 1.991298 0.030000 7.250217 0.030000 7.189843 0.030000 6.639214 0.030000 6.476954 0.030000 3.614516 0.030000 3.727000 0.030000
6.194063 0.030000 5.952557 0.030000 9.270155 0.030000 9.099332 0.030000 7.242732 0.030000 7.306465 0.030000 9.296221 0.030000 9.120660 0.030000 2.211811 0.030000 2.337605 0.030000 2.336461 0.030000 2.047811 0.030000 7.293377 0.030000 7.256034 0.030000 6.760447 0.030000 6.565723 0.030000 3.610950 0.030000 3.737043 0.030000
6.238951 0.030000 6.069818 0.030000 9.376622 0.030000 9.205045 0.030000 7.226524 0.030000 7.289332 0.030000 9.373158 0.030000 9.190662 0.030000 2.073158 0.030000 2.236281 0.030000 2.380595 0.030000 2.170918 0.030000 7.330457 0.030000 7.253681 0.030000 6.853333 0.030000 6.730924 0.030000 3.706004 0.150000 3.780460 0.150000
6.397512 0.030000 6.136989 0.030000 9.396408 0.030000 9.324845 0.030000 7.211022 0.030000 7.482920 0.150000 10.218614 0.150000 9.297246 0.030000 1.945444 0.030000 2.171765 0.030000 2.488455 0.030000 2.396789 0.030000 7.403850 0.030000 7.329151 0.150000 6.990428 0.030000 6.802983 0.030000 3.401140 0.030000 3.551569 0.030000
6.496115 0.030000 6.269152 0.030000 9.506619 0.030000 9.346443 0.030000 7.192594 0.030000 7.267600 0.030000 9.482021 0.030000 9.342516 0.030000 2.180463 0.150000 2.084971 0.030000 2.582545 0.030000 2.410141 0.030000 7.424404 0.030000 7.362345 0.030000 7.081991 0.030000 6.844743 0.030000 3.459246 0.030000 3.478902 0.030000
6.533665 0.030000 6.355286 0.030000 9.619331 0.150000 9.421880 0.030000 7.204102 0.030000 7.193536 0.030000 9.533441 0.030000 9.368812 0.030000 1.826823 0.030000 1.943568 0.030000 2.688885 0.030000 2.553345 0.030000 7.413763 0.030000 7.368073 0.030000 7.095462 0.030000 6.968854 0.030000 3.399054 0.030000 3.448928 0.030000
6.689049 0.030000 6.411003 0.030000 9.579973 0.030000 9.420030 0.030000 7.160787 0.030000 7.208843 0.030000 9.624929 0.030000 9.521219 0.030000 1.707772 0.030000 1.905655 0.030000 2.725458 0.030000 2.548568 0.030000 7.417903 0.030000 7.357264 0.030000 7.228568 0.030000 7.052360 0.030000 3.354132 0.030000 3.410612 0.030000
6.675195 0.030000 6.916020 0.150000 9.609697 0.030000 9.480800 0.030000 7.209183 0.030000 7.214762 0.030000 9.620356 0.030000 9.472994 0.030000 1.705150 0.030000 1.902238 0.030000 2.773266 0.030000 2.652158 0.030000 7.464199 0.030000 7.400705 0.030000 7.274056 0.030000 7.089277 0.030000 3.335193 0.030000 3.402539 0.030000
6.805743 0.030000 6.559920 0.030000 9.709407 0.030000 9.502987 0.030000 7.095645 0.030000 7.178725 0.030000 9.655058 0.030000 9.570488 0.030000 2.127430 0.150000 1.855488 0.030000 2.880076 0.030000 3.231350 0.150000 7.521525 0.030000 7.398036 0.030000 7.313178 0.030000 7.120301 0.030000 3.283189 0.030000 3.399111 0.030000
6.774613 0.030000 6.566432 0.030000 9.680671 0.030000 9.548841 0.030000 7.279713 0.150000 7.179400 0.030000 9.718594 0.030000 9.577814 0.030000 1.665617 0.030000 1.801329 0.030000 2.915650 0.030000 2.753998 0.030000 7.511812 0.030000 7.453475 0.030000 7.410542 0.030000 7.156053 0.030000 3.302324 0.030000 3.373829 0.030000
7.098701 0.150000 6.614700 0.030000 9.755960 0.030000 9.598731 0.030000 7.111365 0.030000 7.145803 0.030000 9.728037 0.030000 9.381262 0.150000 1.613682 0.030000 1.733713 0.030000 3.016953 0.150000 2.736167 0.030000 7.544461 0.030000 7.449927 0.030000 7.428867 0.030000 7.253040 0.030000 3.242525 0.030000 3.291537 0.150000
6.851100 0.030000 6.654714 0.030000 9.743843 0.030000 9.646820 0.030000 7.056624 0.030000 7.072176 0.030000 9.773905 0.030000 9.464702 0.150000 1.578110 0.030000 1.730412 0.030000 2.964059 0.030000 2.763522 0.030000 7.558967 0.030000 7.460534 0.030000 7.407653 0.030000 7.242358 0.030000 4.164211 0.150000 3.348091 0.030000
6.920114 0.030000 6.702472 0.030000 9.544774 0.150000 9.674989 0.030000 7.060398 0.030000 8.098436 0.150000 9.708643 0.030000 9.652215 0.030000 1.549438 0.030000 1.631257 0.030000 3.004253 0.030000 2.812396 0.030000 7.480937 0.030000 7.570222 0.030000 7.467645 0.030000 7.816092 0.150000 3.150194 0.030000 3.385159 0.030000
7.017777 0.030000 6.717476 0.030000 9.682668 0.030000 9.779611 0.030000 7.028651 0.030000 7.177949 0.030000 9.766324 0.030000 9.673044 0.030000 1.589614 0.030000 1.581167 0.030000 3.054684 0.030000 2.888037 0.030000 7.442085 0.030000 7.549424 0.030000 7.467063 0.030000 7.345779 0.030000 3.144612 0.030000 3.248775 0.030000
6.984159 0.030000 6.848428 0.030000 9.699037 0.030000 9.742502 0.030000 6.909702 0.030000 7.021876 0.030000 9.678012 0.030000 9.765306 0.030000 2.366442 0.150000 1.559517 0.030000 3.138405 0.030000 3.008649 0.030000 7.432142 0.030000 7.542159 0.030000 8.576599 0.150000 7.749409 0.150000 2.997843 0.030000 3.197291 0.030000
7.104747 0.030000 6.938314 0.030000 9.643851 0.030000 9.757431 0.030000 6.750881 0.030000 6.983815 0.030000 9.655662 0.030000 9.745007 0.030000 1.696777 0.030000 1.548733 0.030000 3.229189 0.030000 3.103721 0.030000 7.650515 0.150000 7.486300 0.030000 7.475787 0.030000 7.415378 0.030000 2.909605 0.030000 3.098073 0.030000
7.099342 0.030000 7.000712 0.030000 9.534582 0.030000 9.634313 0.030000 6.664689 0.030000 6.803007 0.030000 9.498824 0.030000 9.723204 0.150000 2.030959 0.150000 1.640708 0.030000 3.241396 0.030000 3.179125 0.030000 7.143987 0.030000 7.374874 0.030000 7.404935 0.030000 7.465018 0.030000 2.808814 0.030000 2.938198 0.030000
7.157536 0.030000 7.065267 0.030000 9.467173 0.030000 9.568509 0.030000 6.580646 0.030000 6.710537 0.030000 9.525651 0.030000 9.639750 0.030000 2.215547 0.150000 1.765062 0.030000 3.353579 0.030000 3.205786 0.030000 7.049376 0.030000 7.299464 0.030000 7.319969 0.030000 7.371471 0.030000 2.614728 0.030000 2.903282 0.030000
7.145560 0.030000 7.125452 0.030000 9.381428 0.030000 9.534842 0.030000 6.367307 0.030000 6.614219 0.030000 9.408586 0.030000 9.559654 0.030000 1.953064 0.030000 1.777691 0.030000 3.392088 0.030000 3.267507 0.030000 6.991120 0.030000 7.159053 0.030000 7.285516 0.030000 7.387661 0.030000 2.573774 0.030000 2.675251 0.030000
7.167745 0.030000 7.135097 0.030000 9.287469 0.030000 9.402503 0.030000 6.589351 0.150000 6.449381 0.030000 9.296131 0.030000 9.425040 0.030000 2.082240 0.030000 1.928717 0.030000 3.506192 0.030000 3.349789 0.030000 6.870817 0.030000 7.067748 0.030000 7.371554 0.150000 7.382395 0.030000 2.411251 0.030000 2.613574 0.030000
7.282806 0.030000 7.185221 0.030000 9.235262 0.030000 9.374605 0.030000 6.182276 0.030000 6.343459 0.030000 9.235258 0.030000 9.351029 0.030000 2.197927 0.030000 2.012194 0.030000 3.572461 0.030000 3.440236 0.030000 6.711156 0.030000 6.930652 0.030000 7.150806 0.150000 7.272513 0.030000 2.347599 0.030000 2.543882 0.030000
7.236019 0.030000 7.512253 0.150000 9.161335 0.150000 9.231991 0.030000 6.040280 0.030000 6.564885 0.150000 9.606140 0.150000 9.340074 0.030000 2.268205 0.030000 2.104153 0.030000 3.663745 0.150000 4.161391 0.150000 6.607876 0.030000 6.802219 0.030000 7.229465 0.030000 7.287738 0.030000 2.175982 0.030000 2.421293 0.030000
7.280134 0.030000 7.230761 0.030000 9.298129 0.150000 9.222753 0.030000 5.920507 0.030000 6.103137 0.030000 9.114532 0.030000 9.215273 0.030000 2.410719 0.030000 2.230868 0.030000 3.667836 0.030000 3.548626 0.030000 6.802593 0.150000 6.693302 0.030000 7.171717 0.030000 7.236198 0.030000 2.402696 0.150000 2.539041 0.150000
7.320298 0.030000 7.252095 0.030000 9.038823 0.030000 9.178861 0.030000 5.826303 0.030000 5.991522 0.030000 9.035196 0.030000 9.225810 0.030000 2.495167 0.030000 2.325390 0.030000 3.731783 0.030000 3.617940 0.030000 6.462271 0.030000 6.609903 0.030000 7.169060 0.030000 7.260826 0.030000 1.992162 0.030000 2.112256 0.030000
7.346457 0.030000 7.295761 0.030000 8.958117 0.030000 9.075323 0.030000 5.712324 0.030000 5.890865 0.030000 8.924715 0.030000 9.135381 0.030000 2.691358 0.150000 2.412919 0.030000 3.832512 0.030000 3.707751 0.030000 6.369834 0.030000 6.542215 0.150000 7.130220 0.030000 7.251378 0.030000 1.908238 0.030000 2.043005 0.030000
7.351934 0.030000 7.358426 0.030000 8.885407 0.030000 9.058244 0.030000 5.634829 0.030000 7.376811 0.150000 9.429918 0.150000 9.034619 0.030000 2.648919 0.030000 2.557358 0.030000 3.885535 0.030000 3.644508 0.030000 6.292388 0.030000 6.467835 0.030000 7.129116 0.030000 7.114261 0.030000 1.896166 0.030000 2.095634 0.030000
7.453114 0.030000 7.399296 0.030000 8.833642 0.030000 9.821309 0.150000 5.572769 0.030000 5.741559 0.030000 8.856808 0.030000 9.518745 0.150000 2.716029 0.030000 2.560902 0.030000 3.942697 0.030000 3.801963 0.030000 6.291596 0.150000 6.356368 0.030000 7.152278 0.030000 7.177172 0.030000 1.777941 0.030000 1.948040 0.030000
7.524986 0.030000 7.403340 0.030000 8.820050 0.030000 8.889163 0.030000 5.524982 0.030000 5.679651 0.030000 8.830864 0.030000 8.938910 0.030000 2.831150 0.030000 2.884043 0.150000 4.105967 0.150000 3.842576 0.030000 6.175559 0.030000 6.334194 0.030000 7.165285 0.030000 7.137379 0.030000 1.739584 0.030000 2.009856 0.150000
7.458118 0.030000 7.671534 0.150000 8.793713 0.030000 9.369325 0.150000 5.393454 0.030000 5.577824 0.030000 8.799742 0.030000 8.895791 0.030000 2.856215 0.030000 2.704599 0.030000 4.041097 0.030000 3.850983 0.030000 6.052637 0.030000 6.268450 0.030000 7.144461 0.030000 7.094240 0.030000 1.675641 0.030000 1.835920 0.030000
7.481921 0.030000 7.326846 0.030000 8.694388 0.030000 8.814744 0.030000 5.401503 0.030000 5.549749 0.030000 8.734316 0.030000 8.928600 0.030000 2.935487 0.030000 2.706067 0.030000 4.060607 0.030000 3.924179 0.030000 6.015381 0.030000 6.225664 0.030000 7.072775 0.030000 7.136540 0.030000 1.648005 0.030000 1.789445 0.030000
7.449222 0.030000 7.484671 0.030000 9.043658 0.150000 8.829568 0.030000 5.397334 0.150000 5.497001 0.030000 8.705830 0.030000 8.783457 0.030000 2.966473 0.030000 3.067430 0.150000 4.058657 0.030000 4.004073 0.030000 5.962017 0.030000 6.159089 0.030000 7.115257 0.030000 7.103023 0.030000 1.579977 0.030000 1.765866 0.030000
7.484690 0.030000 7.475638 0.030000 8.649468 0.030000 8.832762 0.030000 5.289757 0.030000 5.510898 0.030000 8.703830 0.030000 8.857251 0.030000 2.976949 0.030000 2.870649 0.150000 4.132346 0.030000 3.949796 0.150000 5.987115 0.030000 6.160203 0.030000 7.107129 0.030000 7.078100 0.030000 1.568653 0.030000 1.713037 0.030000
7.520508 0.030000 7.506070 0.030000 8.662331 0.030000 8.795373 0.030000 5.266933 0.030000 5.433206 0.030000 8.669080 0.030000 8.859308 0.030000 3.024288 0.030000 2.824370 0.030000 4.127274 0.030000 3.949773 0.030000 5.901894 0.030000 6.194929 0.030000 7.002715 0.030000 7.139879 0.030000 1.595569 0.030000 1.674144 0.030000
7.494370 0.030000 7.561376 0.030000 8.612493 0.030000 8.746170 0.030000 5.255804 0.030000 5.464450 0.030000 8.554517 0.030000 8.751870 0.030000 3.106183 0.030000 2.837838 0.030000 4.295920 0.150000 3.988584 0.030000 5.945322 0.030000 6.146252 0.030000 7.027601 0.030000 7.111816 0.030000 1.630865 0.030000 1.610199 0.030000
7.511694 0.150000 7.552162 0.030000 8.457874 0.030000 8.710038 0.030000 5.228153 0.030000 5.334475 0.030000 8.503421 0.030000 8.722792 0.030000 3.147266 0.030000 3.750396 0.150000 4.054157 0.030000 4.112252 0.030000 5.810905 0.030000 6.019927 0.030000 6.938915 0.030000 7.096476 0.030000 1.642096 0.030000 1.591170 0.030000
7.373409 0.030000 7.492583 0.030000 8.403920 0.030000 8.578300 0.030000 5.791197 0.150000 5.243122 0.030000 8.378686 0.030000 8.610272 0.030000 3.161803 0.030000 3.158447 0.030000 3.987900 0.030000 4.051096 0.030000 5.746687 0.030000 5.863904 0.030000 6.802311 0.030000 7.043586 0.030000 1.703207 0.030000 1.617810 0.030000
7.194667 0.030000 7.392698 0.030000 8.298155 0.030000 8.454210 0.030000 5.228317 0.030000 5.201817 0.030000 8.297105 0.030000 8.472660 0.030000 3.249607 0.030000 3.152944 0.030000 3.963514 0.150000 3.959721 0.030000 5.678670 0.030000 5.808192 0.030000 7.663235 0.150000 6.856139 0.030000 1.829606 0.030000 1.662126 0.030000
7.116107 0.030000 7.293836 0.030000 8.152351 0.030000 8.327296 0.030000 5.365772 0.030000 5.235324 0.030000 8.383633 0.150000 8.450797 0.150000 3.297285 0.030000 3.205877 0.030000 3.822390 0.030000 4.043935 0.150000 5.610913 0.030000 5.889415 0.150000 7.213165 0.150000 6.708662 0.030000 1.879269 0.030000 1.732897 0.030000
7.036805 0.030000 7.143989 0.030000 8.124657 0.030000 8.272535 0.030000 5.307020 0.030000 5.293637 0.030000 8.119712 0.030000 8.572033 0.150000 3.318696 0.030000 3.270192 0.030000 3.757657 0.030000 3.975242 0.150000 5.609261 0.030000 5.845291 0.150000 6.443311 0.030000 6.897998 0.150000 1.987105 0.030000 1.790640 0.030000
6.843189 0.030000 7.080649 0.030000 7.967027 0.030000 8.185479 0.030000 5.397932 0.030000 5.343820 0.030000 8.000339 0.030000 8.114047 0.030000 3.565643 0.150000 3.319269 0.030000 3.677520 0.030000 3.721998 0.030000 5.531350 0.030000 5.628054 0.030000 6.305506 0.030000 6.444872 0.030000 2.097421 0.030000 1.945162 0.030000
6.739016 0.030000 6.957123 0.150000 7.909141 0.030000 8.055238 0.030000 5.561490 0.150000 5.325479 0.030000 7.901594 0.030000 8.032941 0.030000 3.600679 0.150000 3.400220 0.030000 3.586120 0.150000 3.689068 0.030000 5.511868 0.030000 5.576936 0.030000 6.119409 0.030000 6.299282 0.150000 2.145515 0.030000 2.075016 0.030000
6.621330 0.030000 6.828917 0.030000 7.777795 0.030000 7.954041 0.030000 5.429762 0.030000 5.349237 0.030000 7.816973 0.030000 7.948169 0.030000 3.610060 0.030000 3.455963 0.030000 3.486024 0.030000 3.646769 0.030000 5.388775 0.030000 5.445340 0.030000 6.050734 0.030000 6.220874 0.030000 2.277109 0.030000 2.091116 0.030000
6.509822 0.030000 6.717288 0.030000 7.681310 0.030000 7.823754 0.030000 5.553600 0.030000 5.465318 0.030000 7.722755 0.030000 7.868388 0.030000 3.644150 0.030000 3.543633 0.030000 3.481828 0.030000 3.591899 0.030000 5.375745 0.030000 5.501680 0.150000 5.923212 0.030000 6.119004 0.030000 2.431978 0.030000 2.238374 0.030000
6.430807 0.030000 6.579139 0.030000 7.656727 0.030000 7.774093 0.150000 5.581175 0.030000 5.478634 0.030000 7.592204 0.030000 7.698956 0.030000 3.711675 0.030000 3.573802 0.030000 3.368216 0.030000 3.512178 0.030000 5.263216 0.150000 5.426011 0.030000 5.820500 0.030000 5.964869 0.030000 2.519343 0.030000 2.334813 0.030000
6.318983 0.030000 6.516457 0.030000 7.582452 0.030000 7.667804 0.030000 5.615556 0.030000 5.560937 0.030000 7.531608 0.030000 7.715392 0.030000 3.805477 0.030000 3.674404 0.030000 3.332211 0.030000 3.770992 0.150000 5.297316 0.030000 5.388436 0.030000 5.712998 0.030000 5.885502 0.030000 2.629734 0.030000 2.455465 0.030000
6.265161 0.030000 6.340147 0.030000 7.401698 0.030000 7.584462 0.030000 5.660884 0.030000 5.672061 0.150000 7.468312 0.030000 7.547969 0.150000 3.924916 0.030000 3.837503 0.030000 3.240964 0.030000 3.387238 0.030000 5.248134 0.030000 5.284443 0.030000 5.568636 0.030000 5.730530 0.030000 2.708628 0.030000 2.587652 0.030000
6.105913 0.030000 6.307078 0.030000 7.352124 0.030000 7.458835 0.030000 5.764579 0.030000 6.640790 0.150000 7.378989 0.030000 7.468638 0.030000 4.051515 0.030000 3.850598 0.030000 3.207966 0.030000 3.332869 0.030000 5.182879 0.030000 5.215677 0.030000 5.415174 0.030000 5.675097 0.030000 2.902209 0.030000 2.752065 0.030000
6.035624 0.030000 6.157589 0.030000 7.250970 0.030000 7.380634 0.030000 5.794886 0.030000 5.763819 0.030000 7.239186 0.030000 7.440915 0.030000 4.082834 0.030000 3.901920 0.030000 3.226969 0.030000 3.290405 0.030000 5.196327 0.030000 5.216213 0.030000 5.293588 0.030000 5.461803 0.030000 3.017111 0.030000 2.824793 0.030000
5.866064 0.030000 6.072494 0.150000 7.143547 0.030000 7.321749 0.030000 5.830481 0.030000 5.748536 0.030000 7.181375 0.030000 7.316565 0.030000 4.154220 0.030000 4.097483 0.150000 3.173738 0.030000 3.217652 0.030000 5.202084 0.030000 5.197830 0.030000 5.152173 0.030000 5.368848 0.030000 3.135590 0.030000 2.974564 0.030000
5.732044 0.030000 5.976819 0.030000 6.946194 0.150000 7.175395 0.030000 5.917102 0.030000 5.798316 0.030000 7.109505 0.030000 7.167426 0.030000 4.301481 0.030000 4.124096 0.030000 3.153763 0.030000 3.156336 0.030000 5.136743 0.030000 5.234159 0.030000 5.041278 0.030000 5.318661 0.030000 3.265412 0.030000 3.029382 0.030000
5.661114 0.030000 5.859849 0.030000 6.946343 0.030000 7.145359 0.030000 5.971184 0.030000 5.814839 0.030000 6.958854 0.030000 7.095607 0.030000 4.344178 0.030000 3.976294 0.150000 3.191455 0.150000 3.137834 0.030000 5.056435 0.030000 5.186913 0.030000 5.009578 0.030000 5.130395 0.030000 3.371675 0.030000 3.195921 0.030000
5.529792 0.030000 5.711901 0.030000 7.102459 0.150000 7.047276 0.030000 6.009803 0.030000 5.946280 0.030000 6.894192 0.030000 7.077225 0.030000 4.474072 0.030000 4.264856 0.030000 3.180077 0.150000 3.115868 0.030000 5.070120 0.030000 5.116130 0.030000 4.796418 0.030000 5.063905 0.030000 3.432842 0.150000 3.232012 0.030000
5.438878 0.030000 5.642891 0.030000 6.800345 0.030000 6.924175 0.030000 6.157331 0.030000 5.983019 0.030000 6.752462 0.030000 6.957087 0.030000 4.497060 0.030000 4.360459 0.030000 2.995720 0.030000 3.209666 0.150000 5.049124 0.030000 5.102390 0.030000 4.648702 0.030000 4.920929 0.030000 3.582233 0.030000 3.429247 0.030000
5.346345 0.030000 5.460913 0.030000 6.751925 0.030000 6.848389 0.030000 6.091460 0.030000 6.018393 0.030000 6.664160 0.030000 6.864093 0.030000 4.651153 0.030000 4.525578 0.030000 2.945168 0.030000 2.989424 0.030000 5.026978 0.030000 5.101283 0.030000 4.540256 0.030000 4.749275 0.030000 3.673037 0.030000 3.493559 0.030000
5.234315 0.030000 5.374754 0.030000 6.637526 0.030000 6.719479 0.030000 6.259059 0.030000 6.114724 0.030000 6.571135 0.030000 6.767769 0.030000 4.684715 0.030000 4.547373 0.030000 3.003911 0.030000 2.995186 0.150000 4.991020 0.030000 5.009178 0.030000 4.400933 0.030000 4.629942 0.030000 3.840092 0.030000 3.641138 0.030000
5.075690 0.030000 5.332436 0.030000 6.612749 0.030000 6.677158 0.030000 6.270087 0.030000 6.143592 0.030000 6.583987 0.030000 6.692765 0.030000 4.800651 0.030000 4.682538 0.030000 2.971674 0.030000 2.958910 0.030000 5.028571 0.030000 5.113940 0.030000 4.311283 0.030000 4.561068 0.030000 3.918048 0.030000 3.825595 0.150000
5.070239 0.030000 5.201849 0.030000 6.400962 0.030000 6.511556 0.030000 6.356805 0.030000 6.206616 0.030000 6.631673 0.150000 6.603952 0.030000 4.895627 0.030000 4.748390 0.030000 2.971500 0.030000 3.016724 0.030000 5.042515 0.030000 5.035911 0.030000 4.200335 0.030000 4.840683 0.150000 4.045454 0.030000 4.252953 0.150000
4.939033 0.030000 5.107730 0.030000 6.457480 0.150000 6.533627 0.030000 6.469644 0.030000 6.365546 0.030000 6.414851 0.030000 6.548989 0.030000 5.056669 0.030000 5.464493 0.150000 3.043528 0.150000 3.010607 0.030000 5.000657 0.030000 5.051397 0.030000 4.080453 0.030000 4.311213 0.030000 4.138574 0.030000 4.005239 0.030000
4.842882 0.030000 5.028373 0.030000 6.330665 0.030000 6.491527 0.030000 6.527709 0.030000 6.398089 0.030000 6.349048 0.030000 6.460702 0.030000 5.111164 0.030000 5.669022 0.150000 2.981007 0.030000 2.954428 0.030000 5.023636 0.030000 4.996735 0.030000 3.981062 0.030000 4.137151 0.030000 4.339306 0.030000 4.058360 0.030000
4.699941 0.030000 4.874886 0.030000 6.219410 0.030000 6.347331 0.030000 6.584721 0.030000 6.498708 0.030000 6.264937 0.030000 6.346231 0.030000 5.193184 0.030000 5.091686 0.030000 3.079460 0.030000 2.909638 0.030000 5.050778 0.030000 5.031291 0.030000 3.839008 0.030000 4.045558 0.030000 4.467357 0.030000 4.224528 0.030000
5.323852 0.150000 4.821947 0.150000 6.775361 0.150000 6.297749 0.030000 6.703488 0.030000 6.607767 0.030000 6.152014 0.030000 6.272623 0.030000 5.377733 0.030000 5.194428 0.030000 3.018317 0.030000 2.958295 0.030000 5.079537 0.030000 5.007057 0.030000 3.760407 0.030000 3.913201 0.030000 4.502535 0.030000 4.379179 0.150000
4.564506 0.030000 4.940396 0.150000 6.074349 0.030000 6.226056 0.030000 6.777313 0.030000 6.643873 0.030000 6.072829 0.030000 6.183208 0.030000 5.441019 0.030000 5.902655 0.150000 3.017380 0.030000 3.017120 0.030000 5.045459 0.030000 5.019516 0.030000 3.554055 0.030000 4.347055 0.150000 4.668834 0.030000 4.438945 0.030000
4.453788 0.030000 4.665836 0.030000 6.017502 0.030000 6.147206 0.030000 6.872441 0.030000 6.736929 0.030000 6.008405 0.030000 6.164015 0.030000 5.509149 0.030000 5.341805 0.030000 3.059159 0.030000 3.004774 0.030000 5.061958 0.030000 5.096821 0.030000 3.469064 0.030000 3.645119 0.030000 4.765770 0.030000 4.614979 0.030000
4.358634 0.030000 4.488350 0.030000 5.916021 0.030000 6.075201 0.030000 6.928795 0.030000 6.832693 0.150000 5.934412 0.030000 6.059565 0.030000 5.661022 0.030000 5.463254 0.030000 3.105479 0.030000 3.010544 0.030000 5.095159 0.030000 5.050526 0.030000 3.754590 0.150000 3.551187 0.030000 4.908954 0.030000 4.729347 0.030000
4.249334 0.030000 4.440754 0.030000 5.850305 0.030000 6.045532 0.030000 7.031630 0.030000 6.856225 0.030000 5.856989 0.030000 5.998620 0.030000 5.720495 0.030000 5.665193 0.030000 3.147364 0.030000 3.021882 0.030000 5.053955 0.030000 5.034270 0.030000 3.227780 0.030000 3.457213 0.030000 5.017693 0.030000 4.847554 0.030000
4.213285 0.030000 4.347495 0.030000 5.808454 0.030000 5.885309 0.030000 7.109192 0.030000 6.989946 0.030000 5.770779 0.030000 6.946656 0.150000 5.877355 0.030000 5.684698 0.030000 3.160782 0.030000 3.080288 0.030000 5.169690 0.030000 5.197179 0.150000 3.226139 0.150000 3.327151 0.030000 5.118174 0.030000 5.005431 0.030000
4.128575 0.030000 4.235736 0.030000 5.728573 0.030000 5.899381 0.030000 7.221308 0.030000 7.002080 0.030000 5.740195 0.030000 5.900575 0.150000 6.000042 0.030000 5.807229 0.030000 3.162223 0.030000 3.167910 0.030000 5.118095 0.030000 5.097914 0.030000 3.350105 0.150000 3.364498 0.150000 5.278729 0.030000 5.015872 0.030000
4.055041 0.030000 4.189229 0.030000 5.751334 0.030000 5.782376 0.030000 7.318777 0.030000 7.149377 0.030000 5.641403 0.030000 5.851940 0.030000 6.120650 0.030000 5.898099 0.030000 3.327078 0.030000 3.178822 0.030000 5.176934 0.030000 5.163637 0.030000 2.855899 0.030000 3.050778 0.030000 5.395118 0.030000 5.217475 0.030000
3.957939 0.030000 4.129034 0.030000 5.613823 0.030000 5.767174 0.030000 7.391595 0.030000 7.703665 0.150000 5.640982 0.030000 5.672120 0.030000 6.153426 0.030000 6.013268 0.030000 3.374204 0.030000 3.165340 0.150000 5.225573 0.030000 5.163108 0.030000 2.768186 0.030000 2.994863 0.030000 5.509597 0.030000 5.320800 0.030000
3.858197 0.030000 4.033221 0.030000 5.579543 0.030000 5.611577 0.030000 7.495529 0.030000 7.334806 0.030000 5.575025 0.030000 5.619238 0.030000 6.599715 0.150000 6.078734 0.030000 3.301112 0.030000 3.298014 0.030000 5.266345 0.030000 5.179847 0.030000 2.601616 0.030000 2.770470 0.030000 5.643407 0.030000 5.473449 0.030000
3.754521 0.030000 3.869206 0.030000 5.520802 0.030000 6.652227 0.150000 7.489027 0.030000 7.409190 0.030000 5.468258 0.030000 5.610357 0.030000 6.453945 0.030000 6.205525 0.030000 3.567212 0.150000 3.325472 0.030000 5.230424 0.030000 5.591417 0.150000 2.520254 0.030000 2.758655 0.030000 5.784762 0.030000 5.548317 0.030000
3.771523 0.030000 3.817318 0.030000 5.356821 0.150000 5.531243 0.030000 7.611842 0.030000 7.749255 0.150000 5.440365 0.030000 5.537924 0.030000 6.564318 0.030000 6.373013 0.030000 3.528580 0.030000 3.365246 0.030000 5.298603 0.030000 5.279346 0.030000 2.397435 0.030000 2.647613 0.030000 5.880485 0.030000 5.676062 0.030000
3.653165 0.030000 3.745202 0.030000 5.400292 0.030000 5.776551 0.150000 7.759553 0.030000 7.582368 0.030000 5.404266 0.030000 5.486005 0.030000 6.617692 0.030000 6.428882 0.030000 3.594403 0.030000 3.448998 0.030000 5.321858 0.030000 5.309080 0.030000 2.339323 0.030000 2.495297 0.030000 6.046524 0.030000 5.822657 0.030000
3.549618 0.030000 3.643948 0.030000 5.301227 0.150000 5.459355 0.030000 7.826771 0.030000 7.690892 0.030000 5.488609 0.150000 5.210095 0.150000 6.791284 0.030000 6.599640 0.030000 3.655835 0.030000 3.682264 0.150000 5.643229 0.150000 5.358105 0.030000 2.319408 0.150000 2.345403 0.030000 6.122204 0.030000 5.865669 0.030000
3.545824 0.030000 3.620941 0.030000 5.299345 0.030000 5.386824 0.030000 8.462029 0.150000 7.805245 0.030000 5.312752 0.030000 5.361274 0.030000 6.831349 0.030000 6.769545 0.030000 3.733222 0.030000 3.552543 0.030000 5.410990 0.030000 5.342320 0.030000 2.384262 0.150000 2.296892 0.030000 6.283778 0.030000 6.026631 0.030000
3.501316 0.030000 3.889832 0.150000 5.232098 0.030000 5.362811 0.030000 7.943622 0.030000 7.872091 0.030000 5.242336 0.030000 5.286855 0.030000 6.914403 0.030000 6.892864 0.150000 3.771057 0.030000 3.638239 0.030000 5.482231 0.030000 5.380425 0.030000 1.987521 0.030000 2.193529 0.030000 6.397786 0.030000 6.117943 0.030000
3.498235 0.030000 3.495230 0.030000 5.251847 0.030000 5.533365 0.150000 8.058385 0.030000 8.586196 0.150000 5.293066 0.030000 5.297390 0.030000 7.011904 0.030000 6.864072 0.030000 3.825475 0.030000 3.676062 0.030000 5.488326 0.030000 5.663521 0.150000 2.503910 0.150000 2.080552 0.030000 6.472770 0.030000 6.273126 0.030000
3.441917 0.030000 3.540037 0.030000 5.225074 0.030000 5.303607 0.030000 8.161076 0.030000 8.256796 0.150000 5.689469 0.150000 5.314763 0.030000 7.148279 0.030000 6.913233 0.030000 3.896635 0.030000 3.732805 0.030000 5.558613 0.030000 5.466669 0.030000 1.844301 0.030000 2.009432 0.030000 7.338533 0.150000 6.259688 0.030000
3.344645 0.030000 3.422426 0.030000 5.219927 0.030000 5.221757 0.030000 8.217638 0.030000 8.092274 0.030000 5.214014 0.030000 5.262435 0.030000 7.174702 0.030000 7.057761 0.150000 3.970836 0.030000 3.804270 0.030000 5.540757 0.030000 5.485004 0.030000 1.779118 0.030000 1.865563 0.030000 6.601725 0.030000 6.420057 0.030000
3.309891 0.030000 3.924448 0.150000 5.180351 0.030000 5.531365 0.150000 8.723668 0.150000 8.111804 0.030000 5.177333 0.030000 5.231394 0.030000 7.325248 0.030000 7.021561 0.030000 4.019631 0.030000 3.814654 0.030000 5.637642 0.030000 5.953941 0.150000 1.671974 0.150000 1.902431 0.030000 6.680636 0.030000 6.474797 0.030000
3.344006 0.030000 3.351127 0.030000 5.156417 0.030000 5.223550 0.030000 8.308409 0.030000 8.140567 0.030000 5.172176 0.030000 5.214577 0.030000 8.174609 0.150000 7.145427 0.030000 4.038421 0.030000 3.906882 0.030000 5.693367 0.030000 5.556137 0.030000 1.690191 0.030000 1.840674 0.030000 6.733339 0.030000 6.537405 0.030000
4.212131 0.150000 3.334763 0.150000 5.424567 0.150000 5.192001 0.030000 8.389808 0.030000 8.229426 0.030000 5.196843 0.030000 5.188858 0.030000 7.366713 0.030000 7.168370 0.030000 4.051824 0.030000 3.925032 0.150000 5.688119 0.030000 5.627430 0.030000 2.272423 0.150000 1.778465 0.030000 6.790761 0.030000 6.571463 0.030000
3.611882 0.150000 3.332225 0.030000 5.160613 0.030000 5.192961 0.030000 8.420861 0.030000 8.301454 0.030000 5.104721 0.030000 5.160927 0.030000 7.404848 0.030000 7.175575 0.030000 4.120302 0.030000 3.966602 0.030000 5.742992 0.030000 6.067673 0.150000 1.548143 0.030000 1.649227 0.030000 6.867175 0.030000 6.707886 0.030000
3.250762 0.030000 3.283713 0.030000 5.148768 0.030000 5.214529 0.030000 8.465360 0.030000 8.278923 0.030000 5.104406 0.030000 5.172582 0.030000 7.415578 0.030000 7.276254 0.030000 4.108132 0.030000 4.001163 0.150000 5.719970 0.030000 5.674708 0.030000 1.538453 0.030000 2.003120 0.150000 6.799534 0.030000 6.623928 0.030000
3.253023 0.030000 3.289644 0.030000 5.134818 0.030000 5.192316 0.030000 8.436139 0.030000 8.329521 0.030000 5.045133 0.030000 5.218542 0.030000 7.522390 0.030000 7.277103 0.030000 4.164492 0.030000 3.991335 0.030000 5.673777 0.030000 5.697218 0.030000 1.490725 0.030000 1.695521 0.030000 6.906013 0.030000 6.736180 0.030000
3.365351 0.030000 3.798538 0.150000 5.013422 0.030000 5.163236 0.030000 8.460393 0.030000 8.368277 0.030000 4.972168 0.030000 5.171484 0.030000 7.613505 0.030000 7.386262 0.030000 4.256679 0.030000 4.070878 0.030000 5.652288 0.030000 5.650029 0.030000 1.483671 0.030000 1.622211 0.030000 6.956832 0.030000 6.776855 0.030000
4.068842 0.150000 3.255237 0.030000 4.900643 0.030000 5.427254 0.150000 8.460988 0.030000 8.397279 0.030000 4.981571 0.150000 5.153395 0.030000 7.631417 0.030000 7.438454 0.030000 4.352994 0.030000 4.132729 0.030000 5.594976 0.030000 5.658580 0.030000 1.285951 0.030000 1.523653 0.030000 6.957053 0.030000 6.863072 0.030000
3.493695 0.030000 3.366548 0.030000 4.811282 0.030000 4.996326 0.030000 8.343546 0.030000 8.418678 0.030000 4.784096 0.030000 5.020980 0.030000 8.773075 0.150000 7.551508 0.030000 4.440552 0.030000 4.178366 0.030000 5.515321 0.030000 5.620749 0.030000 1.259177 0.030000 1.400675 0.030000 7.017747 0.030000 6.913164 0.030000
3.624583 0.030000 3.389761 0.030000 4.660020 0.030000 4.870513 0.030000 8.341396 0.030000 8.367017 0.030000 4.688130 0.030000 4.869114 0.030000 7.728695 0.030000 7.620410 0.030000 4.553908 0.030000 4.393231 0.030000 5.446169 0.030000 5.604537 0.030000 1.176843 0.030000 1.311817 0.030000 6.958652 0.030000 6.973399 0.030000
3.746726 0.030000 3.524596 0.030000 4.524024 0.030000 4.738866 0.030000 8.304841 0.030000 8.348959 0.030000 4.524550 0.030000 4.769587 0.030000 7.820147 0.030000 7.699574 0.030000 4.672303 0.150000 4.484665 0.030000 5.340787 0.030000 5.476210 0.030000 1.149315 0.030000 1.263082 0.030000 6.924484 0.030000 7.044570 0.150000
3.883918 0.030000 3.678881 0.030000 4.441877 0.030000 4.626003 0.030000 8.234736 0.030000 8.231537 0.030000 4.430122 0.030000 4.645924 0.030000 7.878331 0.030000 8.138106 0.150000 4.781980 0.030000 4.560339 0.030000 5.184802 0.030000 5.422990 0.030000 1.048158 0.030000 1.527687 0.150000 6.943597 0.030000 6.948029 0.030000
4.054832 0.150000 4.332456 0.150000 4.282357 0.030000 4.486080 0.030000 8.126511 0.030000 8.222677 0.030000 4.272533 0.030000 4.452209 0.030000 7.960864 0.030000 7.864672 0.030000 4.858633 0.030000 4.657821 0.030000 5.122122 0.030000 5.271847 0.030000 1.713664 0.150000 1.087435 0.030000 6.990343 0.030000 6.977472 0.030000
4.052719 0.030000 3.894040 0.030000 4.164694 0.030000 4.384215 0.030000 8.100137 0.030000 8.146947 0.030000 4.200223 0.030000 4.378963 0.030000 8.027011 0.030000 7.927802 0.030000 4.922485 0.030000 4.764101 0.030000 5.159356 0.150000 5.153262 0.030000 1.030596 0.150000 1.076654 0.030000 6.976601 0.030000 7.246944 0.150000
4.206672 0.030000 3.954380 0.030000 4.043734 0.030000 4.278572 0.030000 8.867272 0.150000 8.112662 0.030000 4.028699 0.030000 4.257527 0.030000 8.044654 0.030000 7.948405 0.030000 5.064410 0.030000 4.842907 0.030000 4.882587 0.030000 5.083976 0.030000 1.032672 0.030000 1.063599 0.030000 6.950122 0.030000 7.720171 0.150000
4.538100 0.150000 4.137953 0.030000 4.741396 0.150000 4.139133 0.030000 7.957062 0.030000 8.036171 0.030000 3.884973 0.030000 4.138557 0.030000 8.176961 0.030000 8.061996 0.030000 5.121731 0.030000 5.042271 0.030000 4.929902 0.150000 4.977753 0.030000 1.072288 0.030000 0.989727 0.030000 6.914860 0.030000 6.966188 0.030000
4.423235 0.030000 4.250818 0.030000 3.851437 0.030000 4.024334 0.030000 7.861740 0.030000 7.984474 0.030000 3.813496 0.030000 4.008166 0.030000 8.219859 0.030000 8.070496 0.030000 5.201818 0.030000 5.031767 0.030000 4.795033 0.030000 4.925596 0.030000 1.094874 0.030000 1.023137 0.030000 6.977798 0.030000 7.005848 0.030000
4.548921 0.030000 4.312671 0.030000 3.747057 0.030000 3.924236 0.030000 7.828059 0.030000 7.971744 0.030000 3.644345 0.030000 3.984527 0.150000 8.307885 0.030000 8.130491 0.030000 5.249055 0.150000 5.097930 0.030000 4.736419 0.030000 4.788671 0.030000 1.090791 0.030000 1.015829 0.030000 6.989178 0.030000 6.940986 0.030000
4.484419 0.150000 4.354605 0.030000 3.590781 0.030000 3.838088 0.030000 7.791424 0.030000 7.881797 0.030000 3.644767 0.030000 3.854803 0.030000 8.275665 0.030000 8.207879 0.030000 5.387349 0.030000 5.215244 0.030000 4.669522 0.030000 4.751468 0.030000 1.098411 0.030000 1.083573 0.030000 7.013684 0.030000 6.991083 0.030000
4.684960 0.030000 4.472512 0.030000 3.565782 0.030000 3.713851 0.030000 7.984317 0.150000 7.904976 0.030000 3.561271 0.030000 3.794001 0.030000 8.362265 0.030000 8.227828 0.030000 5.470510 0.030000 5.243026 0.030000 4.541265 0.030000 4.717260 0.030000 1.244813 0.030000 1.107888 0.030000 7.013474 0.030000 6.989295 0.030000
5.088695 0.150000 4.543408 0.030000 4.957077 0.150000 3.744180 0.030000 7.775119 0.030000 7.867592 0.030000 3.537058 0.030000 3.678668 0.030000 8.371733 0.030000 8.265329 0.030000 5.549656 0.030000 5.352449 0.030000 4.500450 0.030000 4.663717 0.030000 1.196821 0.030000 1.077207 0.030000 7.044723 0.030000 6.998160 0.030000
4.793596 0.030000 4.626360 0.030000 3.521552 0.030000 3.696641 0.030000 7.714628 0.030000 7.832694 0.030000 3.514556 0.030000 3.627054 0.030000 8.427141 0.030000 8.359652 0.030000 5.528800 0.030000 5.383499 0.030000 4.484709 0.030000 4.669930 0.030000 1.206313 0.030000 1.166343 0.030000 7.001233 0.030000 6.997958 0.030000
4.839198 0.030000 4.656565 0.030000 5.173206 0.150000 3.633927 0.030000 7.695892 0.030000 7.823205 0.030000 3.423499 0.030000 3.993330 0.150000 8.481422 0.030000 8.532585 0.150000 5.896014 0.150000 5.434469 0.030000 4.445016 0.030000 4.573410 0.030000 1.223401 0.030000 1.172686 0.030000 7.013933 0.030000 6.988744 0.030000
4.892198 0.030000 4.669996 0.030000 3.373968 0.030000 3.554864 0.030000 7.751974 0.030000 7.814766 0.150000 3.404126 0.030000 3.571289 0.030000 8.464300 0.030000 8.365404 0.030000 5.647413 0.030000 5.480290 0.030000 4.385952 0.030000 4.541654 0.030000 1.280385 0.030000 1.209654 0.030000 7.033369 0.030000 7.003570 0.030000
4.888617 0.030000 4.992068 0.150000 3.387643 0.030000 3.544733 0.030000 7.950068 0.150000 7.810057 0.030000 4.420307 0.150000 3.508047 0.030000 8.450555 0.030000 8.346044 0.030000 5.628101 0.030000 5.523754 0.030000 4.568449 0.150000 4.548310 0.030000 1.272213 0.030000 1.506518 0.150000 7.028713 0.030000 7.001028 0.030000
4.960800 0.030000 4.705030 0.030000 3.346612 0.030000 3.892585 0.150000 7.628489 0.030000 7.808231 0.150000 3.332570 0.030000 3.528598 0.030000 8.458115 0.030000 8.406276 0.030000 5.641927 0.030000 5.591101 0.030000 4.323865 0.030000 4.460602 0.030000 1.289396 0.030000 1.165194 0.030000 6.994552 0.030000 7.043438 0.030000
4.947018 0.030000 4.783375 0.030000 3.290221 0.030000 3.429511 0.030000 7.588950 0.030000 7.749543 0.030000 3.303586 0.030000 3.438914 0.030000 8.437969 0.030000 8.451238 0.030000 5.667436 0.030000 5.566764 0.030000 4.252956 0.030000 4.511641 0.030000 1.370539 0.030000 1.122100 0.030000 6.929015 0.030000 7.064308 0.030000
5.040605 0.030000 4.899285 0.030000 3.283720 0.030000 3.348450 0.030000 7.463777 0.030000 7.709947 0.030000 3.288570 0.030000 3.376320 0.030000 8.339994 0.030000 8.445701 0.030000 5.653026 0.030000 5.617268 0.030000 4.193183 0.030000 4.374062 0.030000 1.493850 0.030000 1.320112 0.030000 6.911573 0.030000 7.027694 0.030000
5.107559 0.030000 4.967340 0.030000 3.375024 0.030000 3.329136 0.030000 7.373934 0.030000 7.591227 0.030000 3.348164 0.030000 3.304374 0.030000 8.624809 0.150000 8.427798 0.030000 5.576383 0.030000 5.597487 0.030000 4.048023 0.030000 4.356447 0.150000 1.551324 0.030000 1.427515 0.030000 6.740464 0.030000 6.964616 0.030000
5.113972 0.030000 5.409795 0.150000 3.389570 0.030000 3.299945 0.030000 7.259387 0.030000 7.476429 0.030000 3.397734 0.030000 3.325866 0.030000 8.195646 0.030000 8.352424 0.030000 5.506995 0.030000 5.629934 0.030000 3.983927 0.030000 4.269759 0.150000 1.672071 0.030000 1.530044 0.030000 6.652537 0.030000 6.841270 0.030000
5.179419 0.030000 5.133551 0.030000 3.438818 0.030000 3.376339 0.030000 7.193913 0.150000 7.359668 0.030000 3.496595 0.030000 3.423444 0.030000 8.176673 0.030000 8.276407 0.030000 5.497506 0.030000 5.576265 0.030000 3.933776 0.030000 4.062148 0.030000 1.847981 0.030000 1.657675 0.030000 6.499867 0.030000 6.899225 0.150000
5.222338 0.030000 5.147526 0.030000 3.527716 0.030000 3.379301 0.030000 6.982699 0.030000 8.186270 0.150000 3.498808 0.030000 3.378436 0.030000 8.000216 0.030000 8.283403 0.150000 5.406419 0.030000 5.503346 0.030000 4.256909 0.150000 3.978546 0.030000 1.947951 0.030000 1.742129 0.030000 6.392104 0.030000 6.521069 0.030000
5.525613 0.150000 5.192907 0.030000 3.581728 0.030000 3.493731 0.030000 6.939155 0.030000 7.154637 0.030000 3.535344 0.030000 4.513382 0.150000 7.937153 0.030000 8.068286 0.030000 5.400985 0.030000 5.433868 0.030000 3.778169 0.030000 3.836747 0.030000 1.945280 0.030000 1.820598 0.030000 6.256815 0.030000 6.437783 0.030000
5.311087 0.030000 5.192734 0.030000 3.641990 0.030000 3.476701 0.030000 6.724780 0.030000 6.967401 0.030000 3.598501 0.030000 3.536489 0.030000 7.823940 0.030000 7.989283 0.030000 5.337649 0.030000 5.427956 0.030000 3.828916 0.150000 3.827480 0.030000 2.145896 0.030000 1.943819 0.030000 6.279670 0.150000 6.316682 0.030000
5.741779 0.150000 5.043469 0.150000 3.725630 0.030000 3.614998 0.030000 6.714008 0.030000 7.147122 0.150000 3.676623 0.030000 3.644715 0.030000 7.694672 0.030000 7.841381 0.030000 5.333593 0.030000 5.410758 0.030000 3.603717 0.030000 3.802204 0.030000 2.277065 0.030000 2.022501 0.030000 6.050236 0.030000 6.166841 0.030000
5.362007 0.030000 5.271680 0.030000 3.748288 0.030000 3.647557 0.030000 6.663594 0.150000 6.773009 0.030000 3.806841 0.030000 3.620201 0.030000 7.641212 0.030000 7.817480 0.030000 5.258293 0.030000 5.346880 0.030000 3.599737 0.030000 3.729492 0.030000 2.348171 0.030000 2.182543 0.030000 5.914899 0.030000 6.063631 0.030000
5.443248 0.030000 5.334427 0.030000 3.846897 0.030000 3.723336 0.030000 6.459763 0.030000 6.633838 0.030000 3.869914 0.030000 3.764586 0.030000 7.504375 0.030000 7.664933 0.030000 5.218820 0.030000 5.303917 0.030000 3.517580 0.030000 3.636657 0.030000 2.541683 0.030000 2.329607 0.030000 5.824144 0.030000 5.948870 0.030000
5.501572 0.030000 5.461002 0.030000 3.889192 0.030000 3.810256 0.030000 6.359406 0.030000 6.522664 0.030000 3.910080 0.030000 3.780387 0.030000 7.467580 0.030000 7.598456 0.030000 5.222611 0.030000 5.234025 0.030000 3.498600 0.030000 4.418535 0.150000 2.556914 0.030000 2.364646 0.030000 5.689862 0.030000 5.824516 0.030000
5.522793 0.030000 5.530736 0.030000 3.993240 0.030000 3.875056 0.030000 6.243826 0.030000 6.417251 0.030000 3.921143 0.030000 3.781443 0.030000 7.396863 0.030000 7.553432 0.030000 5.197491 0.030000 5.270097 0.030000 3.385285 0.030000 3.441601 0.030000 2.675940 0.030000 2.550548 0.030000 5.529364 0.030000 5.764956 0.030000
7.587305 0.150000 5.539410 0.030000 4.063654 0.030000 4.079696 0.150000 6.161214 0.030000 6.335501 0.030000 4.104917 0.030000 3.970011 0.030000 7.279348 0.030000 7.387009 0.030000 5.062641 0.030000 5.188882 0.030000 3.330733 0.030000 3.455478 0.030000 2.811048 0.030000 2.602663 0.030000 5.416332 0.030000 5.601576 0.030000
5.819541 0.150000 5.537256 0.030000 4.182036 0.030000 3.899145 0.150000 6.416892 0.150000 6.184153 0.030000 4.146612 0.030000 4.020116 0.030000 8.754171 0.150000 7.324793 0.030000 5.087140 0.030000 5.077200 0.030000 4.237621 0.150000 3.328560 0.030000 3.022264 0.030000 2.736346 0.030000 5.291811 0.030000 5.449741 0.030000
5.680496 0.030000 5.619573 0.030000 4.182811 0.030000 4.062862 0.030000 5.958822 0.030000 6.098864 0.030000 4.212383 0.030000 4.101597 0.030000 7.074791 0.030000 7.259648 0.030000 5.099656 0.030000 5.083807 0.030000 3.275054 0.030000 3.314756 0.150000 3.082929 0.030000 2.924211 0.030000 5.149604 0.030000 5.379309 0.030000
6.233278 0.150000 5.733198 0.030000 4.388351 0.150000 4.175088 0.030000 5.758404 0.030000 5.969172 0.030000 4.290254 0.030000 4.126803 0.030000 7.018813 0.030000 7.165249 0.030000 5.048084 0.030000 5.106495 0.030000 3.249714 0.030000 3.308947 0.030000 3.720570 0.150000 2.960486 0.030000 5.048218 0.030000 5.234691 0.030000
5.834138 0.030000 5.742713 0.030000 4.406903 0.030000 4.310185 0.030000 5.712773 0.030000 5.911629 0.030000 4.432792 0.030000 4.276942 0.030000 6.912885 0.030000 7.050291 0.030000 5.082704 0.030000 5.076235 0.030000 3.109311 0.030000 3.189714 0.030000 3.346589 0.030000 3.149713 0.030000 4.873897 0.030000 5.166095 0.030000
6.036768 0.030000 5.822356 0.030000 4.536742 0.030000 4.333101 0.030000 5.550098 0.030000 5.782150 0.030000 4.539084 0.030000 4.520961 0.150000 6.786370 0.030000 6.956913 0.030000 4.971880 0.030000 5.717602 0.150000 3.104107 0.030000 3.142365 0.030000 3.423156 0.030000 3.450786 0.150000 4.830592 0.030000 5.012574 0.030000
5.975404 0.030000 5.909332 0.030000 4.553549 0.150000 4.430555 0.030000 5.466062 0.030000 5.654806 0.030000 4.644137 0.030000 4.418540 0.030000 6.762327 0.030000 6.879258 0.030000 4.993346 0.030000 5.256532 0.150000 3.065571 0.030000 3.113904 0.030000 3.501498 0.030000 3.357840 0.030000 4.652175 0.030000 4.862583 0.030000
6.070502 0.030000 5.927490 0.030000 4.647697 0.030000 4.535799 0.030000 5.384733 0.030000 5.594836 0.030000 4.676617 0.030000 4.517138 0.030000 6.877429 0.150000 6.780442 0.030000 4.979310 0.030000 4.932376 0.030000 3.072767 0.030000 3.084568 0.030000 3.682291 0.030000 3.501411 0.030000 4.533975 0.030000 4.751575 0.030000
6.153266 0.030000 6.036102 0.030000 4.722870 0.030000 4.622407 0.030000 5.261640 0.030000 5.409543 0.030000 4.760968 0.030000 4.608693 0.030000 6.656603 0.030000 7.203537 0.150000 4.960750 0.030000 5.025267 0.030000 3.018531 0.030000 3.075678 0.030000 3.803534 0.030000 3.599716 0.030000 4.428426 0.030000 4.622499 0.030000
6.240824 0.030000 6.102638 0.030000 4.834903 0.030000 4.725811 0.030000 5.165067 0.030000 5.329373 0.030000 4.859778 0.030000 4.702716 0.030000 6.460938 0.030000 7.681752 0.150000 4.955646 0.030000 4.942592 0.030000 3.056849 0.030000 3.031474 0.030000 3.926659 0.030000 3.735303 0.030000 4.315874 0.030000 4.541694 0.030000
6.302103 0.030000 6.223591 0.030000 4.977971 0.030000 4.841312 0.030000 5.235787 0.150000 5.278323 0.030000 4.987724 0.030000 4.841855 0.030000 6.413420 0.030000 6.583398 0.030000 4.977802 0.030000 4.967787 0.030000 3.056556 0.030000 4.078313 0.150000 4.024032 0.030000 3.930000 0.150000 4.186798 0.030000 4.361381 0.030000
6.628852 0.150000 6.273236 0.030000 5.045275 0.030000 4.866687 0.030000 5.004942 0.030000 5.188745 0.030000 5.027201 0.030000 4.919783 0.030000 6.303250 0.030000 6.488638 0.030000 4.992766 0.030000 4.973623 0.030000 3.062067 0.030000 3.077224 0.030000 4.215452 0.030000 3.980245 0.030000 4.111209 0.030000 4.254634 0.030000
6.471717 0.030000 6.376978 0.030000 5.185383 0.030000 4.988115 0.030000 4.906069 0.030000 5.012119 0.030000 5.156830 0.030000 5.016012 0.030000 6.571804 0.150000 6.429520 0.030000 4.982477 0.030000 4.927099 0.030000 3.044266 0.030000 3.015054 0.150000 4.335483 0.030000 4.102994 0.030000 3.913816 0.030000 4.162135 0.030000
6.629036 0.030000 6.442089 0.030000 5.363990 0.150000 5.189544 0.030000 4.763160 0.030000 4.948270 0.030000 5.391407 0.150000 5.098635 0.030000 6.236409 0.030000 6.279337 0.030000 4.953890 0.030000 4.945878 0.030000 3.031846 0.030000 3.070490 0.030000 4.444190 0.030000 4.212739 0.030000 3.886068 0.030000 4.043154 0.030000
6.729610 0.030000 6.562468 0.030000 5.361590 0.030000 5.181537 0.030000 4.672059 0.030000 4.847550 0.030000 5.368246 0.030000 5.144426 0.030000 6.146994 0.030000 6.212112 0.030000 5.025488 0.030000 5.021935 0.030000 3.004633 0.030000 3.059843 0.030000 4.538373 0.030000 4.295125 0.030000 3.700314 0.030000 3.880745 0.030000
6.744337 0.030000 6.601826 0.030000 5.433899 0.030000 5.328535 0.030000 4.600750 0.030000 4.723022 0.030000 5.512635 0.030000 5.268647 0.030000 6.031828 0.030000 6.195232 0.030000 4.955422 0.030000 5.111954 0.150000 3.039718 0.030000 3.047510 0.030000 4.676929 0.030000 4.452808 0.030000 3.587549 0.030000 3.745508 0.030000
6.840410 0.030000 6.659393 0.030000 5.539969 0.030000 5.418478 0.030000 6.156865 0.150000 4.585325 0.030000 6.166907 0.150000 5.416363 0.030000 6.745424 0.150000 6.146444 0.030000 5.029516 0.030000 4.941894 0.030000 3.089678 0.030000 3.028905 0.030000 4.818704 0.030000 4.624086 0.030000 3.466520 0.030000 3.626654 0.030000
6.973853 0.030000 6.749331 0.030000 5.686713 0.030000 5.535454 0.030000 4.423173 0.030000 4.565138 0.030000 5.691302 0.030000 5.509860 0.030000 5.906924 0.030000 6.577308 0.150000 5.046792 0.030000 4.967399 0.030000 3.105760 0.030000 3.079217 0.030000 4.891989 0.030000 4.715707 0.030000 3.342067 0.030000 3.540790 0.030000
7.050909 0.030000 6.844427 0.150000 5.770373 0.030000 5.621999 0.030000 4.352492 0.030000 4.467014 0.030000 5.732353 0.030000 5.610830 0.030000 5.823515 0.030000 5.950342 0.030000 5.057260 0.030000 4.998835 0.030000 3.176350 0.030000 3.090017 0.030000 5.464444 0.150000 5.049266 0.150000 3.228334 0.030000 3.379325 0.030000
7.076275 0.030000 6.985395 0.030000 5.877379 0.030000 5.725019 0.030000 4.239130 0.030000 4.340759 0.030000 5.865942 0.030000 5.711404 0.030000 5.766750 0.030000 5.977251 0.150000 5.147464 0.030000 5.072147 0.030000 3.290482 0.030000 3.138195 0.030000 5.166780 0.030000 4.971416 0.030000 3.115370 0.030000 3.335802 0.030000
7.183439 0.030000 7.076978 0.030000 5.978200 0.030000 5.853851 0.030000 4.124111 0.030000 4.291436 0.030000 6.017420 0.030000 5.764758 0.030000 5.728419 0.030000 5.836186 0.030000 5.103742 0.030000 5.065882 0.030000 3.182581 0.030000 3.161632 0.030000 5.289516 0.030000 5.055674 0.030000 2.999841 0.030000 3.206850 0.030000
7.270666 0.030000 7.263157 0.150000 6.126325 0.030000 5.933609 0.030000 4.031813 0.030000 4.211406 0.030000 6.126967 0.030000 5.922106 0.030000 5.652992 0.030000 5.940885 0.150000 5.159233 0.030000 5.096548 0.030000 3.827086 0.150000 3.175071 0.030000 5.342236 0.030000 5.202136 0.030000 2.828841 0.030000 3.106530 0.030000
7.377901 0.030000 7.214330 0.030000 6.210910 0.030000 5.989298 0.030000 4.001882 0.150000 4.045201 0.030000 6.196112 0.030000 6.034126 0.030000 5.612215 0.030000 5.708992 0.030000 5.130811 0.150000 5.076146 0.030000 3.337621 0.030000 3.289991 0.030000 5.517540 0.030000 5.306675 0.030000 2.765367 0.030000 2.933229 0.030000
7.482065 0.030000 7.339939 0.030000 6.273717 0.030000 6.133840 0.030000 3.868261 0.030000 3.959526 0.030000 6.290199 0.030000 6.128880 0.030000 5.572897 0.030000 5.676076 0.030000 5.268067 0.030000 5.111702 0.030000 3.434490 0.030000 3.273932 0.030000 6.074892 0.150000 5.446419 0.030000 2.697187 0.030000 2.677971 0.150000
7.562897 0.030000 7.405412 0.030000 6.987706 0.150000 6.251615 0.030000 3.775924 0.030000 4.173221 0.150000 6.387794 0.030000 6.263804 0.030000 5.560299 0.030000 5.608755 0.030000 5.261102 0.030000 5.193887 0.030000 3.470925 0.030000 4.077466 0.150000 5.792484 0.030000 5.561714 0.030000 2.459378 0.030000 2.651622 0.030000
7.634753 0.030000 7.467170 0.150000 6.564393 0.030000 6.419839 0.030000 3.726806 0.030000 3.843886 0.030000 6.525350 0.030000 6.348726 0.030000 5.489215 0.030000 5.510569 0.030000 5.290217 0.030000 5.288310 0.030000 3.467990 0.030000 3.415410 0.030000 5.851096 0.030000 5.719313 0.030000 2.400933 0.030000 2.595149 0.030000
7.723639 0.030000 7.622709 0.030000 6.648441 0.030000 6.460539 0.030000 3.628560 0.030000 3.772012 0.030000 6.872265 0.150000 6.434231 0.030000 5.421775 0.030000 5.502133 0.030000 5.354304 0.030000 5.218996 0.030000 3.560173 0.030000 3.444495 0.030000 5.977453 0.030000 5.652274 0.150000 2.292861 0.030000 2.468757 0.030000
7.835915 0.030000 7.705796 0.030000 6.727295 0.030000 6.563293 0.030000 3.590688 0.030000 3.751833 0.030000 6.763552 0.030000 6.595776 0.030000 6.407548 0.150000 5.393470 0.030000 5.366182 0.030000 5.345986 0.030000 3.643080 0.030000 3.513184 0.030000 6.144733 0.030000 5.975556 0.030000 2.170874 0.030000 2.369518 0.030000
8.976355 0.150000 7.801499 0.030000 6.872003 0.030000 6.670745 0.030000 3.546746 0.030000 3.601490 0.030000 6.884900 0.030000 6.709858 0.030000 5.285755 0.030000 5.405675 0.030000 5.763947 0.150000 5.357930 0.030000 3.723409 0.030000 3.542203 0.030000 6.224782 0.030000 6.059866 0.030000 2.094384 0.030000 2.494360 0.150000
8.023654 0.030000 8.212677 0.150000 6.937829 0.030000 6.784237 0.030000 3.472016 0.030000 3.610867 0.030000 6.988461 0.030000 6.787626 0.030000 5.310524 0.030000 5.348758 0.030000 5.507231 0.030000 5.398219 0.030000 3.787159 0.030000 3.603097 0.030000 6.374070 0.030000 6.117463 0.030000 1.984925 0.030000 2.188628 0.030000
8.121147 0.030000 8.603225 0.150000 7.069213 0.030000 6.827812 0.030000 3.402116 0.030000 3.527543 0.030000 6.993976 0.030000 6.952515 0.150000 5.287602 0.030000 5.336950 0.030000 6.136166 0.150000 5.434785 0.030000 3.787526 0.030000 3.677935 0.030000 6.622324 0.150000 6.241166 0.030000 1.905683 0.030000 2.127336 0.030000
8.140106 0.030000 8.035635 0.030000 7.178935 0.030000 6.986424 0.030000 3.333148 0.030000 3.456055 0.030000 7.129355 0.030000 6.952251 0.030000 5.218150 0.030000 5.295813 0.030000 5.551308 0.030000 5.482236 0.030000 3.875866 0.030000 3.718271 0.030000 6.533292 0.030000 6.368905 0.030000 1.827405 0.030000 1.996477 0.030000
8.077147 0.150000 8.077246 0.030000 7.160361 0.030000 6.984455 0.030000 3.303463 0.030000 3.918926 0.150000 7.169277 0.030000 6.983886 0.030000 5.239827 0.030000 5.308153 0.030000 5.710718 0.150000 5.493946 0.030000 3.937663 0.030000 3.807907 0.030000 6.597682 0.030000 6.388999 0.030000 1.769292 0.030000 1.946910 0.030000
8.287850 0.030000 8.119727 0.030000 7.249787 0.030000 7.293968 0.150000 3.342464 0.030000 3.348604 0.150000 7.284013 0.030000 7.111600 0.030000 5.232506 0.030000 5.266161 0.030000 5.963270 0.150000 5.605955 0.030000 3.930727 0.030000 3.827308 0.030000 6.643850 0.030000 6.705975 0.150000 1.699756 0.030000 1.902941 0.030000
8.291524 0.030000 8.174543 0.030000 7.262782 0.030000 7.142015 0.030000 3.264319 0.030000 3.357282 0.030000 7.297633 0.030000 7.126121 0.030000 5.217517 0.030000 5.894083 0.150000 5.684724 0.030000 5.562669 0.030000 3.978489 0.030000 4.143146 0.150000 6.757253 0.030000 6.268422 0.150000 1.671177 0.150000 1.868815 0.030000
8.400220 0.030000 8.212520 0.030000 7.342475 0.030000 7.099172 0.030000 3.247689 0.030000 3.382723 0.030000 7.352716 0.030000 7.194625 0.030000 5.165780 0.030000 5.251468 0.030000 5.649433 0.030000 5.587194 0.030000 4.046075 0.030000 3.904634 0.030000 6.790478 0.030000 6.529634 0.030000 1.660105 0.030000 2.161658 0.150000
8.422826 0.030000 8.241128 0.030000 7.347004 0.030000 7.197621 0.030000 3.244697 0.030000 3.331998 0.030000 7.824648 0.150000 7.171897 0.030000 5.158434 0.030000 5.252992 0.030000 5.762494 0.030000 5.578769 0.030000 4.053679 0.030000 3.925337 0.030000 6.857810 0.030000 6.598592 0.030000 1.671287 0.030000 1.752147 0.030000
8.415415 0.030000 8.274992 0.030000 7.413199 0.030000 7.237582 0.030000 3.204405 0.030000 3.354875 0.030000 7.392669 0.030000 7.205899 0.030000 5.230822 0.150000 5.151598 0.030000 5.720134 0.150000 5.657650 0.030000 4.118148 0.150000 3.983410 0.030000 7.060172 0.150000 6.622722 0.030000 1.568569 0.030000 1.724021 0.030000
8.474497 0.030000 8.273537 0.030000 7.483668 0.030000 7.310107 0.030000 3.240659 0.030000 3.312129 0.030000 7.430176 0.030000 7.241838 0.030000 5.235530 0.030000 5.157651 0.030000 5.804826 0.030000 5.600958 0.030000 4.077986 0.030000 4.017485 0.030000 6.916619 0.030000 6.750610 0.030000 1.628810 0.030000 1.701344 0.030000
8.553345 0.030000 8.321281 0.030000 7.415444 0.030000 7.530660 0.150000 3.164658 0.030000 3.297917 0.030000 7.455258 0.030000 7.373405 0.030000 5.204499 0.030000 5.140804 0.030000 5.850524 0.030000 5.655753 0.030000 4.081823 0.030000 4.050890 0.030000 6.933091 0.030000 6.753233 0.030000 1.601229 0.030000 1.611650 0.030000
8.617845 0.030000 8.448548 0.030000 7.530257 0.150000 7.392693 0.030000 2.924858 0.030000 3.157997 0.030000 7.490800 0.030000 7.445363 0.030000 5.343061 0.030000 5.204616 0.030000 6.016381 0.030000 5.735052 0.030000 4.060845 0.030000 4.041285 0.030000 6.963778 0.030000 6.910834 0.030000 1.654441 0.030000 1.552959 0.030000
8.772173 0.030000 8.594856 0.030000 7.404607 0.030000 7.469588 0.030000 2.856810 0.030000 3.044411 0.030000 7.406799 0.030000 7.413282 0.030000 5.427917 0.030000 5.268036 0.030000 6.087163 0.030000 5.895334 0.030000 4.227315 0.150000 4.056728 0.030000 7.018429 0.030000 6.979815 0.030000 1.685704 0.030000 1.623336 0.030000
8.865027 0.030000 8.694999 0.030000 7.487733 0.150000 7.423288 0.030000 2.706557 0.030000 2.937823 0.030000 7.421774 0.030000 7.408727 0.030000 5.553066 0.030000 5.349117 0.030000 6.184833 0.030000 5.976685 0.030000 3.866738 0.030000 4.014678 0.030000 7.095742 0.030000 7.569270 0.150000 2.151044 0.150000 1.660795 0.030000
8.920434 0.030000 8.760490 0.030000 7.368914 0.030000 7.411316 0.030000 2.638184 0.030000 2.797770 0.030000 7.311024 0.030000 7.389760 0.030000 5.723561 0.030000 5.538143 0.030000 6.262522 0.030000 6.129399 0.030000 3.756371 0.030000 3.879013 0.030000 7.153550 0.030000 7.059440 0.030000 1.933830 0.030000 1.779527 0.030000
8.937379 0.030000 9.218292 0.150000 7.305741 0.030000 7.369698 0.030000 2.464774 0.030000 2.689602 0.030000 7.302141 0.030000 7.333416 0.030000 6.100971 0.150000 5.643253 0.030000 6.408259 0.030000 6.211249 0.030000 3.728016 0.030000 3.820634 0.030000 7.126378 0.030000 7.147340 0.030000 2.008108 0.030000 1.843411 0.030000
9.186195 0.150000 8.982540 0.030000 7.477121 0.150000 7.327282 0.030000 2.404974 0.030000 2.589986 0.030000 7.325376 0.030000 7.321708 0.030000 5.923686 0.030000 5.727871 0.030000 6.571690 0.030000 6.427822 0.030000 3.599315 0.030000 3.752246 0.030000 7.205554 0.030000 7.176020 0.030000 2.122328 0.030000 1.991816 0.030000
9.166963 0.030000 9.040956 0.030000 7.309825 0.030000 7.320521 0.030000 2.289476 0.030000 2.453001 0.030000 7.284251 0.030000 7.260180 0.030000 6.102377 0.030000 5.873656 0.030000 6.690770 0.030000 6.436013 0.030000 3.594775 0.030000 3.727750 0.030000 7.286751 0.030000 7.175069 0.030000 2.233214 0.030000 2.096197 0.030000
9.232309 0.030000 9.119045 0.030000 7.192387 0.030000 7.279715 0.030000 2.217311 0.030000 2.313010 0.030000 7.202607 0.030000 7.268031 0.030000 6.184459 0.030000 5.997101 0.030000 6.775084 0.030000 6.548904 0.030000 3.500859 0.030000 3.635302 0.030000 7.274075 0.030000 7.218460 0.030000 2.321750 0.030000 2.111913 0.030000
9.309878 0.030000 9.235967 0.030000 7.187858 0.030000 7.243475 0.030000 2.006442 0.030000 2.242977 0.030000 7.180169 0.030000 7.213101 0.030000 6.297285 0.030000 6.059519 0.030000 6.884150 0.030000 6.707688 0.030000 3.459498 0.030000 3.525460 0.150000 7.278401 0.030000 7.236117 0.030000 2.448741 0.030000 2.302714 0.030000
9.430058 0.030000 9.282144 0.030000 7.207230 0.030000 7.227461 0.030000 2.024762 0.030000 2.150619 0.030000 7.602263 0.150000 7.941605 0.150000 6.616714 0.150000 6.172171 0.030000 6.967719 0.030000 6.837521 0.030000 3.354037 0.030000 3.473058 0.030000 7.366717 0.030000 7.342219 0.030000 2.521248 0.150000 2.390397 0.030000
10.222469 0.150000 9.336189 0.030000 7.240155 0.030000 7.216500 0.030000 2.218333 0.150000 2.077452 0.030000 7.430630 0.150000 7.134107 0.030000 6.869772 0.150000 6.293121 0.030000 6.992831 0.030000 6.824748 0.030000 3.410145 0.030000 3.535922 0.030000 7.769605 0.150000 7.327253 0.030000 2.651811 0.030000 2.406974 0.030000
9.508847 0.030000 9.397040 0.030000 7.148473 0.030000 7.130905 0.030000 1.796442 0.030000 1.988973 0.030000 7.169128 0.030000 7.174603 0.030000 6.504877 0.030000 6.385376 0.030000 7.188187 0.150000 6.971782 0.030000 3.339744 0.030000 3.444993 0.030000 7.376768 0.030000 7.318193 0.030000 2.694331 0.030000 2.460970 0.030000
9.618322 0.030000 9.423225 0.030000 7.156768 0.030000 7.168251 0.030000 1.765642 0.030000 1.945687 0.030000 7.149283 0.030000 7.147734 0.030000 6.605772 0.030000 6.430064 0.030000 7.245073 0.030000 7.071902 0.030000 3.269314 0.030000 3.410402 0.030000 7.454201 0.030000 7.360232 0.030000 3.034520 0.150000 2.590373 0.030000
9.628477 0.030000 9.452632 0.030000 7.134589 0.030000 7.089991 0.030000 1.760003 0.030000 1.888674 0.030000 7.111917 0.030000 7.156711 0.030000 6.709333 0.030000 6.466177 0.030000 7.213153 0.030000 7.102812 0.030000 3.240672 0.030000 3.331470 0.030000 7.430765 0.030000 7.395017 0.030000 3.492407 0.150000 2.659455 0.030000
9.667134 0.030000 9.486891 0.030000 7.113079 0.030000 7.157862 0.030000 1.632846 0.030000 1.824015 0.030000 7.107479 0.030000 7.122567 0.030000 6.726223 0.030000 6.605473 0.030000 7.308404 0.030000 7.129228 0.030000 3.285955 0.030000 3.587616 0.150000 7.485559 0.030000 7.415017 0.030000 2.916801 0.030000 2.707911 0.030000
10.217498 0.150000 9.567757 0.030000 7.135567 0.030000 7.137016 0.030000 1.637438 0.030000 1.739156 0.030000 7.142735 0.030000 7.151160 0.030000 6.828994 0.030000 6.597768 0.030000 7.317054 0.030000 7.182334 0.030000 3.324109 0.030000 3.292304 0.030000 7.539549 0.150000 7.475401 0.030000 2.971331 0.030000 2.725565 0.030000
9.766619 0.030000 10.224628 0.150000 7.112493 0.030000 7.115269 0.030000 1.591453 0.030000 3.279122 0.150000 7.117751 0.030000 7.096315 0.030000 6.823072 0.030000 6.634317 0.030000 7.381095 0.030000 7.616501 0.150000 3.213232 0.030000 3.306056 0.030000 7.967583 0.150000 7.422795 0.030000 2.919876 0.030000 2.780898 0.030000
9.751223 0.030000 9.572262 0.030000 7.102510 0.030000 7.183596 0.030000 1.617447 0.030000 1.721820 0.030000 7.044587 0.030000 7.160937 0.030000 6.858702 0.030000 6.690901 0.030000 7.394360 0.030000 7.285247 0.030000 3.158969 0.030000 3.290136 0.030000 7.705485 0.150000 7.727159 0.150000 2.975785 0.030000 2.782570 0.030000
9.755814 0.030000 9.618528 0.030000 7.091247 0.030000 7.198135 0.030000 1.622971 0.030000 1.700378 0.030000 7.032988 0.030000 7.159366 0.030000 7.334145 0.150000 6.703857 0.030000 7.453978 0.030000 7.316815 0.030000 3.609446 0.150000 3.290898 0.030000 7.487804 0.030000 7.460163 0.030000 2.921597 0.030000 2.835402 0.030000
9.690731 0.030000 9.983377 0.150000 7.060559 0.030000 7.127751 0.030000 1.560910 0.030000 1.655597 0.030000 7.005658 0.030000 7.175064 0.030000 6.956199 0.030000 6.863271 0.150000 7.409636 0.030000 7.359465 0.030000 3.107974 0.030000 3.300452 0.030000 7.418537 0.030000 7.551619 0.030000 3.098329 0.030000 2.879326 0.030000
9.668496 0.030000 9.724184 0.030000 6.831663 0.030000 7.030014 0.030000 1.640757 0.030000 1.548071 0.030000 6.880158 0.030000 7.024439 0.030000 7.017044 0.030000 6.902839 0.030000 7.477032 0.030000 7.471598 0.030000 3.039258 0.030000 3.226218 0.030000 7.349901 0.030000 7.491664 0.030000 3.069324 0.150000 2.998587 0.030000
9.590645 0.030000 9.662694 0.030000 6.893170 0.150000 7.004238 0.030000 1.736630 0.030000 1.631650 0.030000 7.076926 0.150000 6.909428 0.030000 7.014036 0.030000 6.972856 0.030000 7.342461 0.030000 7.406222 0.030000 2.886667 0.030000 3.064049 0.030000 7.241881 0.030000 7.473447 0.030000 3.177263 0.030000 3.050723 0.030000
9.456274 0.030000 9.657597 0.030000 6.637713 0.030000 6.800246 0.030000 1.863362 0.030000 1.710930 0.030000 6.590181 0.030000 6.829220 0.030000 7.046684 0.030000 7.044315 0.030000 7.355519 0.030000 7.415759 0.030000 2.694628 0.150000 2.936788 0.030000 7.267794 0.030000 7.326696 0.030000 3.246544 0.030000 3.199795 0.030000
9.448595 0.030000 9.564109 0.030000 6.470395 0.030000 6.973589 0.150000 1.913274 0.030000 1.768154 0.030000 6.503827 0.030000 6.762433 0.030000 7.102554 0.030000 7.055214 0.030000 7.295397 0.030000 7.350808 0.030000 2.830129 0.150000 2.795458 0.030000 7.020005 0.030000 7.207806 0.030000 3.313812 0.150000 3.204103 0.030000
9.304665 0.030000 9.415733 0.030000 6.357802 0.030000 6.595876 0.030000 1.920741 0.150000 1.754837 0.150000 6.369658 0.030000 7.266855 0.150000 7.104183 0.030000 7.102287 0.030000 7.276774 0.030000 7.286971 0.030000 2.574136 0.030000 2.685199 0.030000 6.935409 0.030000 7.056370 0.030000 3.376431 0.030000 3.406402 0.150000
9.235863 0.030000 9.212621 0.150000 6.749664 0.150000 6.439567 0.030000 2.143301 0.030000 1.989553 0.030000 6.179361 0.030000 6.430455 0.030000 7.177677 0.030000 7.105236 0.030000 7.256231 0.030000 7.283772 0.030000 2.437445 0.030000 2.569741 0.030000 6.773962 0.030000 6.941761 0.030000 3.430958 0.030000 3.317821 0.030000
9.153833 0.030000 9.279283 0.030000 6.156353 0.030000 6.294904 0.030000 2.298700 0.030000 2.041739 0.030000 6.140811 0.030000 6.272926 0.030000 7.199369 0.030000 7.149293 0.030000 7.238393 0.030000 7.358487 0.030000 2.323914 0.030000 2.502818 0.030000 7.075506 0.150000 6.887018 0.030000 3.529277 0.030000 3.409492 0.030000
9.081238 0.030000 9.232465 0.030000 5.952449 0.030000 6.179822 0.030000 2.410639 0.030000 2.207558 0.030000 6.032057 0.030000 6.200433 0.030000 7.260717 0.030000 7.165248 0.030000 7.158530 0.030000 7.177255 0.030000 2.189880 0.030000 2.350736 0.030000 6.597352 0.030000 6.808773 0.030000 4.210770 0.150000 3.439552 0.150000
8.971562 0.030000 9.164644 0.030000 5.857217 0.030000 6.048895 0.150000 2.485895 0.030000 2.243136 0.030000 5.909408 0.030000 6.095553 0.030000 7.303863 0.030000 7.181571 0.030000 7.163949 0.030000 7.187771 0.030000 2.085699 0.030000 2.325015 0.030000 6.489657 0.030000 6.648868 0.030000 3.694322 0.030000 3.523898 0.030000
8.930109 0.030000 9.031087 0.030000 5.775482 0.030000 5.923524 0.030000 2.514556 0.030000 2.463130 0.150000 5.766156 0.030000 5.931635 0.030000 7.334165 0.030000 7.247483 0.030000 7.112741 0.030000 7.132662 0.030000 1.986722 0.030000 2.142490 0.030000 6.337205 0.030000 6.531330 0.030000 3.764978 0.030000 3.667493 0.030000
8.835152 0.030000 8.924153 0.030000 6.344876 0.150000 5.854876 0.030000 3.742983 0.150000 2.515294 0.030000 5.629462 0.030000 5.945760 0.150000 7.322931 0.030000 7.310967 0.030000 7.142655 0.030000 7.242561 0.150000 1.827495 0.030000 2.015715 0.030000 6.260030 0.030000 6.423748 0.030000 3.816262 0.030000 3.680005 0.030000
8.813436 0.030000 8.846202 0.030000 5.541134 0.030000 5.707946 0.030000 2.790427 0.030000 2.633284 0.030000 5.517492 0.030000 5.685310 0.030000 7.354943 0.030000 7.337631 0.030000 7.048164 0.030000 7.106039 0.030000 1.762857 0.030000 1.999165 0.030000 6.159538 0.030000 6.314577 0.030000 3.934917 0.030000 3.770074 0.030000
8.659195 0.030000 8.836802 0.030000 5.383806 0.030000 5.602714 0.030000 2.926960 0.030000 2.721810 0.030000 5.324603 0.030000 5.606021 0.030000 7.416010 0.030000 7.367584 0.030000 7.041872 0.030000 7.113368 0.030000 1.662396 0.030000 1.821529 0.030000 6.031095 0.030000 6.193170 0.030000 3.980195 0.030000 3.871920 0.030000
8.647143 0.030000 8.909082 0.150000 5.288987 0.030000 5.444639 0.030000 3.028995 0.030000 2.874557 0.030000 5.290926 0.030000 5.464727 0.030000 7.468511 0.030000 7.442253 0.030000 7.027855 0.030000 7.042874 0.030000 1.562572 0.030000 1.763723 0.030000 5.903359 0.030000 7.736474 0.150000 4.069327 0.030000 3.938982 0.030000
9.253532 0.150000 8.675340 0.030000 5.140931 0.030000 5.308558 0.030000 3.155808 0.030000 3.000853 0.030000 5.377832 0.150000 5.326537 0.030000 7.461742 0.030000 7.417213 0.030000 6.976399 0.030000 7.026684 0.030000 1.508215 0.030000 1.579608 0.030000 5.785583 0.030000 5.984554 0.030000 4.209818 0.030000 3.971781 0.030000
8.502183 0.030000 8.592965 0.030000 5.032284 0.030000 5.217170 0.030000 3.237545 0.030000 3.065636 0.030000 5.518024 0.150000 5.565123 0.150000 7.848476 0.150000 7.490299 0.030000 7.002010 0.030000 7.031018 0.030000 1.430396 0.030000 1.540964 0.030000 5.735984 0.030000 5.901748 0.030000 4.302506 0.030000 4.101124 0.030000
8.424105 0.030000 8.580008 0.030000 4.897658 0.030000 5.083798 0.030000 3.392090 0.030000 3.158699 0.030000 4.921474 0.030000 5.112527 0.030000 7.604288 0.030000 7.584971 0.030000 6.996529 0.030000 6.967276 0.030000 1.310160 0.030000 1.500509 0.030000 5.639458 0.030000 5.750093 0.030000 4.363333 0.030000 4.255574 0.030000
8.358827 0.030000 8.483512 0.030000 4.790424 0.030000 4.955600 0.030000 3.516440 0.030000 3.327349 0.030000 4.873293 0.150000 4.916828 0.150000 7.731205 0.030000 7.603769 0.030000 6.963790 0.030000 7.002034 0.030000 1.201062 0.030000 1.368209 0.030000 5.534108 0.030000 5.699972 0.030000 4.404447 0.030000 4.439598 0.150000
8.249198 0.030000 8.355184 0.030000 4.627399 0.030000 4.913679 0.030000 3.450978 0.150000 3.455114 0.030000 4.639602 0.030000 4.866995 0.030000 7.734653 0.030000 7.680029 0.030000 6.931182 0.030000 6.962576 0.030000 1.172483 0.030000 1.238203 0.030000 5.427750 0.030000 5.621142 0.030000 4.543951 0.030000 4.374427 0.150000
8.249435 0.030000 8.345405 0.030000 4.482628 0.030000 4.752076 0.030000 3.734127 0.030000 3.495939 0.030000 4.546898 0.030000 4.698211 0.030000 7.858041 0.030000 7.700035 0.030000 6.967819 0.030000 6.973477 0.030000 1.142168 0.030000 1.236021 0.030000 5.300526 0.030000 5.457662 0.030000 4.612751 0.030000 4.476500 0.030000
8.159760 0.030000 8.264487 0.150000 4.723137 0.150000 4.622136 0.030000 3.855840 0.030000 3.623183 0.030000 4.433248 0.030000 4.636316 0.150000 7.811226 0.030000 7.800370 0.030000 6.967479 0.030000 6.949318 0.030000 1.135977 0.030000 1.182937 0.030000 5.160359 0.150000 5.348771 0.030000 4.693894 0.030000 4.583175 0.030000
8.089426 0.030000 8.159056 0.030000 4.296879 0.030000 4.509226 0.030000 3.896493 0.150000 3.790220 0.030000 4.271020 0.030000 4.479750 0.030000 7.923827 0.030000 7.830891 0.030000 6.921117 0.030000 6.936864 0.030000 1.023443 0.030000 1.139790 0.030000 5.130207 0.030000 5.275203 0.030000 4.852160 0.030000 4.650584 0.030000
8.053063 0.030000 8.182712 0.030000 4.133678 0.030000 4.308292 0.030000 4.084415 0.030000 3.958277 0.030000 4.163589 0.030000 4.347398 0.030000 7.997195 0.030000 7.854160 0.030000 6.943933 0.030000 6.944675 0.030000 1.036410 0.030000 1.046375 0.030000 5.031271 0.030000 5.132832 0.030000 4.910215 0.030000 4.761378 0.030000
7.970367 0.030000 8.072752 0.030000 4.061849 0.030000 4.250163 0.030000 4.194170 0.030000 4.012755 0.030000 3.997216 0.030000 4.241962 0.030000 8.084925 0.030000 7.969645 0.030000 6.939962 0.030000 7.008212 0.030000 1.054322 0.030000 1.058380 0.030000 4.947090 0.030000 5.064341 0.030000 5.038009 0.030000 4.857125 0.030000
7.918977 0.030000 8.049043 0.030000 3.878060 0.030000 4.115214 0.030000 4.343126 0.030000 4.185450 0.030000 3.897684 0.030000 4.159788 0.030000 8.130828 0.030000 7.965079 0.030000 6.981033 0.030000 6.944607 0.030000 1.068181 0.030000 1.058767 0.030000 4.833887 0.030000 4.993796 0.030000 5.157198 0.030000 4.998685 0.030000
7.850818 0.030000 7.952278 0.030000 3.907080 0.150000 4.720832 0.150000 4.534242 0.030000 4.275310 0.030000 3.851560 0.030000 4.011723 0.030000 8.161665 0.030000 8.086430 0.030000 6.928488 0.030000 6.927974 0.030000 1.114545 0.030000 1.034192 0.030000 4.702435 0.030000 4.825285 0.030000 5.246767 0.030000 5.186038 0.150000
7.807604 0.030000 7.854950 0.030000 3.670904 0.030000 3.869389 0.030000 5.227756 0.150000 4.373461 0.030000 3.666484 0.030000 3.866645 0.030000 8.922306 0.150000 8.148477 0.030000 6.973387 0.030000 6.981041 0.030000 1.095874 0.030000 1.058930 0.030000 4.645401 0.030000 4.838061 0.030000 5.362685 0.030000 5.201744 0.030000
7.892982 0.150000 7.799393 0.030000 3.541232 0.030000 3.851237 0.030000 5.128564 0.150000 4.560071 0.030000 3.622661 0.030000 3.757236 0.030000 8.346456 0.030000 8.219424 0.030000 6.985020 0.030000 6.993379 0.030000 1.232807 0.030000 1.073714 0.030000 4.525113 0.030000 4.648495 0.030000 5.447162 0.030000 5.304449 0.030000
7.662220 0.030000 7.753312 0.030000 3.425097 0.030000 3.635160 0.030000 4.799343 0.150000 4.661468 0.030000 3.426873 0.030000 3.675916 0.030000 8.408931 0.030000 8.340306 0.030000 7.043293 0.030000 6.963720 0.030000 1.266778 0.030000 1.160027 0.030000 4.413894 0.030000 4.588910 0.030000 5.629483 0.030000 5.394956 0.030000
7.663386 0.030000 7.805786 0.150000 3.297042 0.030000 3.762587 0.150000 4.960095 0.150000 4.744764 0.030000 3.334827 0.030000 3.463652 0.030000 8.458599 0.030000 8.592405 0.150000 7.034153 0.030000 7.033865 0.030000 1.327941 0.030000 1.215082 0.030000 4.275304 0.030000 4.490649 0.030000 5.698785 0.030000 5.496806 0.030000
7.625351 0.030000 7.705544 0.030000 3.166022 0.030000 3.399284 0.030000 5.052652 0.030000 4.892793 0.030000 3.219205 0.030000 3.406023 0.030000 8.587597 0.030000 8.428282 0.030000 7.015899 0.030000 6.966782 0.030000 1.445565 0.030000 1.286426 0.030000 4.229930 0.030000 4.421537 0.030000 5.792379 0.150000 6.008439 0.150000
7.546522 0.030000 7.635686 0.030000 3.197545 0.150000 3.285301 0.030000 5.198113 0.030000 5.567968 0.150000 3.117372 0.030000 3.264510 0.030000 9.381193 0.150000 8.529502 0.030000 7.026432 0.030000 7.111897 0.030000 1.492529 0.030000 1.352181 0.030000 4.188834 0.030000 4.460586 0.150000 5.924917 0.030000 5.778482 0.030000
7.484314 0.030000 7.655477 0.030000 2.984994 0.030000 3.168906 0.030000 5.303466 0.030000 5.108019 0.030000 2.969128 0.030000 3.199707 0.030000 8.746351 0.030000 8.587619 0.030000 7.079908 0.030000 7.042499 0.030000 1.555166 0.030000 1.393962 0.030000 4.043208 0.030000 4.217709 0.030000 5.976098 0.030000 5.819708 0.030000
7.472887 0.030000 7.507155 0.030000 2.868497 0.030000 3.083790 0.030000 5.467607 0.030000 5.501976 0.150000 2.821814 0.030000 3.115712 0.030000 8.704285 0.030000 8.628608 0.030000 7.102476 0.030000 7.037591 0.030000 1.694643 0.030000 1.572842 0.030000 3.962352 0.030000 4.088654 0.030000 6.148047 0.030000 5.912299 0.030000
7.431263 0.030000 7.447218 0.030000 2.739994 0.030000 2.880652 0.030000 5.628885 0.030000 5.341237 0.030000 2.706802 0.030000 2.970665 0.030000 8.856298 0.030000 8.716130 0.030000 7.158103 0.030000 7.066966 0.030000 1.800263 0.030000 1.602078 0.030000 3.869782 0.030000 4.019368 0.030000 6.409015 0.150000 6.044361 0.030000
7.404337 0.030000 7.426752 0.030000 2.639317 0.030000 2.830653 0.030000 5.676786 0.030000 5.506351 0.030000 2.640276 0.030000 2.780402 0.030000 8.939746 0.030000 8.775403 0.030000 7.113447 0.030000 7.121435 0.030000 1.827491 0.030000 1.719718 0.030000 3.857360 0.030000 3.940996 0.030000 6.341835 0.030000 6.120408 0.030000
7.398172 0.030000 7.623806 0.150000 2.550807 0.030000 2.701160 0.030000 5.850617 0.030000 5.623250 0.030000 2.440216 0.030000 2.699216 0.030000 8.962459 0.030000 8.889595 0.030000 7.178651 0.030000 7.159497 0.030000 1.983524 0.030000 2.020155 0.150000 3.800790 0.030000 3.878678 0.030000 6.441088 0.030000 6.464267 0.150000
7.324264 0.030000 7.328232 0.030000 2.380289 0.030000 2.568714 0.030000 5.915664 0.030000 5.723701 0.030000 2.383607 0.030000 2.574496 0.030000 9.062131 0.030000 8.969310 0.030000 7.251062 0.030000 7.194453 0.030000 2.097177 0.030000 1.969554 0.030000 3.650983 0.030000 3.727757 0.030000 6.553056 0.030000 6.402186 0.030000
7.306471 0.030000 7.475182 0.150000 2.279877 0.030000 2.448680 0.030000 5.997676 0.030000 5.820432 0.030000 2.297798 0.030000 2.621612 0.150000 9.219607 0.030000 9.089293 0.030000 7.279159 0.030000 7.220724 0.030000 2.174251 0.030000 2.030893 0.030000 3.625124 0.030000 3.698298 0.030000 6.690725 0.030000 6.491776 0.030000
7.242427 0.030000 7.261586 0.030000 2.168816 0.030000 2.321313 0.030000 6.213308 0.030000 5.970005 0.030000 2.108390 0.030000 2.363603 0.030000 9.223414 0.030000 9.274357 0.150000 7.303930 0.030000 7.240068 0.030000 2.336143 0.030000 2.161220 0.030000 3.524079 0.030000 3.647082 0.030000 6.780017 0.030000 6.593535 0.030000
7.223008 0.030000 7.230152 0.030000 2.064412 0.030000 2.243603 0.030000 6.342326 0.030000 6.137281 0.030000 2.046453 0.030000 3.099894 0.150000 9.843715 0.150000 9.114292 0.030000 7.355006 0.030000 7.264696 0.030000 2.397935 0.030000 2.252911 0.030000 3.471855 0.030000 3.637509 0.030000 6.874732 0.030000 6.988979 0.150000
7.184656 0.030000 7.415960 0.150000 1.948414 0.030000 2.355250 0.150000 6.368843 0.030000 6.173344 0.030000 1.970620 0.030000 2.190467 0.030000 9.412267 0.030000 9.285419 0.030000 7.363822 0.030000 7.349542 0.030000 2.503960 0.030000 2.767864 0.150000 3.767538 0.150000 3.520958 0.030000 6.990881 0.030000 6.758920 0.030000
7.176299 0.030000 7.219555 0.150000 1.921419 0.030000 2.024445 0.030000 6.603702 0.150000 6.284422 0.030000 1.941503 0.030000 2.100625 0.030000 9.436040 0.030000 9.371784 0.030000 7.684825 0.150000 7.247216 0.150000 2.636527 0.030000 2.392807 0.030000 3.337631 0.030000 3.434129 0.030000 6.977898 0.030000 6.901675 0.030000
7.147444 0.030000 7.618035 0.150000 1.808234 0.030000 1.971878 0.030000 6.288536 0.150000 6.415105 0.030000 1.802610 0.030000 1.968574 0.030000 9.543144 0.030000 9.302800 0.150000 7.363529 0.150000 7.380560 0.030000 2.662145 0.030000 2.543268 0.030000 3.348826 0.030000 3.413092 0.030000 7.119239 0.030000 6.925692 0.030000
7.094237 0.030000 7.216454 0.030000 1.795935 0.030000 1.930060 0.030000 6.541703 0.030000 6.459159 0.030000 1.764271 0.030000 2.013478 0.150000 9.603287 0.030000 9.376869 0.030000 7.461502 0.030000 7.412482 0.030000 2.747803 0.030000 3.328897 0.150000 3.347548 0.030000 3.351165 0.030000 7.542627 0.150000 7.017800 0.030000
7.111525 0.030000 7.146689 0.030000 1.732117 0.030000 1.877317 0.030000 6.560234 0.150000 6.451970 0.030000 1.722747 0.030000 2.165936 0.150000 9.580620 0.030000 9.857157 0.150000 7.988999 0.150000 7.416362 0.030000 2.792025 0.030000 2.621608 0.030000 3.296813 0.030000 3.411041 0.030000 7.319763 0.150000 7.111843 0.030000
7.096047 0.030000 7.145441 0.030000 1.663512 0.030000 1.867190 0.030000 6.669454 0.150000 6.646659 0.150000 1.649325 0.030000 1.839230 0.030000 9.643560 0.030000 9.490606 0.030000 7.531494 0.030000 7.439323 0.030000 2.862668 0.030000 3.002414 0.150000 3.216187 0.030000 3.346834 0.030000 7.323891 0.030000 7.176389 0.150000
7.063159 0.030000 7.170635 0.030000 1.612382 0.030000 1.908362 0.150000 6.808800 0.030000 6.559236 0.030000 1.640024 0.030000 1.783548 0.030000 9.711574 0.030000 9.564002 0.030000 7.477683 0.030000 7.414927 0.030000 2.895171 0.030000 2.708397 0.030000 3.265796 0.030000 3.371118 0.030000 7.356059 0.030000 7.188757 0.030000
