6.835000,0.150000,6.343000,0.150000,7.032000,0.150000,6.681000,0.150000,9.571000,0.350000,12.855000,0.350000,14.056000,0.350000,4.846000,0.350000
6.155000,0.150000,6.967000,0.150000,6.746000,0.150000,6.943000,0.150000,9.571000,0.150000,12.855000,0.150000,14.056000,0.350000,4.846000,0.350000
5.949000,0.150000,7.356000,0.150000,6.441000,0.150000,7.230000,0.150000,9.266000,0.350000,13.043000,0.150000,14.056000,0.350000,4.846000,0.350000
5.517000,0.150000,7.896000,0.150000,6.033000,0.150000,7.994000,0.150000,8.961000,0.150000,13.165000,0.150000,14.056000,0.350000,4.846000,0.350000
5.357000,0.150000,8.168000,0.150000,5.827000,0.150000,8.205000,0.150000,8.740000,0.150000,12.830077,0.350000,14.056000,0.350000,4.846000,0.350000
5.489000,0.150000,8.210000,0.150000,5.315000,0.150000,8.130000,0.150000,8.458500,0.350000,12.495154,0.350000,14.056000,0.350000,4.846000,0.350000
5.738000,0.150000,8.440000,0.150000,4.996000,0.150000,7.975000,0.150000,8.177000,0.150000,12.160231,0.350000,14.056000,0.350000,4.846000,0.350000
6.150500,0.350000,8.548000,0.150000,4.757000,0.150000,7.797000,0.150000,7.806500,0.350000,11.825308,0.350000,14.056000,0.350000,4.846000,0.350000
6.563000,0.150000,8.634500,0.350000,4.691500,0.350000,7.757000,0.350000,7.436000,0.150000,11.490385,0.350000,14.056000,0.150000,4.846000,0.350000
6.671000,0.150000,8.721000,0.150000,4.626000,0.150000,7.717000,0.150000,7.145000,0.150000,11.155462,0.350000,13.543000,0.350000,4.846000,0.350000
7.497000,0.150000,9.632000,0.150000,4.166000,0.150000,7.305000,0.150000,6.305000,0.150000,10.820538,0.350000,13.030000,0.350000,4.846000,0.350000
7.628000,0.150000,9.838000,0.150000,4.006000,0.150000,7.267000,0.150000,6.019000,0.150000,10.485615,0.350000,12.517000,0.350000,4.846000,0.350000
7.924000,0.150000,10.223000,0.150000,3.828000,0.150000,7.220000,0.150000,5.665000,0.350000,10.150692,0.350000,12.004000,0.350000,4.846000,0.350000
8.234000,0.150000,10.542000,0.150000,3.762000,0.150000,7.178000,0.150000,5.311000,0.150000,9.815769,0.350000,11.491000,0.350000,4.846000,0.350000
9.181000,0.150000,10.776000,0.150000,3.729000,0.150000,7.211000,0.150000,4.635000,0.150000,9.480846,0.350000,10.978000,0.350000,4.846000,0.350000
9.955000,0.150000,11.171000,0.150000,3.823000,0.150000,7.131000,0.150000,4.274000,0.150000,9.145923,0.350000,10.465000,0.350000,4.846000,0.350000
10.256000,0.150000,11.590500,0.350000,3.891000,0.350000,7.915000,0.150000,3.948000,0.350000,8.811000,0.150000,9.952000,0.350000,4.846000,0.350000
10.134000,0.150000,12.010000,0.150000,3.959000,0.150000,7.722000,0.150000,3.622000,0.150000,8.480000,0.350000,9.439000,0.150000,4.846000,0.350000
10.476000,0.150000,12.189000,0.150000,4.063000,0.150000,7.985000,0.150000,3.373000,0.150000,8.149000,0.150000,9.038000,0.350000,4.846000,0.350000
10.823000,0.150000,13.136000,0.150000,4.644000,0.150000,7.980000,0.150000,2.707000,0.150000,7.774000,0.150000,8.637000,0.150000,4.846000,0.350000
11.218000,0.150000,13.357000,0.150000,4.804000,0.150000,8.773000,0.150000,2.560000,0.350000,7.381333,0.350000,8.194000,0.350000,4.846000,0.350000
11.565000,0.350000,13.357000,0.150000,4.968000,0.150000,8.731000,0.150000,2.413000,0.350000,6.988667,0.350000,7.751000,0.350000,4.846000,0.350000
11.912000,0.150000,13.673500,0.350000,5.123000,0.350000,8.771000,0.350000,2.266000,0.150000,6.596000,0.150000,7.308000,0.350000,4.846000,0.350000
12.386000,0.150000,13.990000,0.150000,5.278000,0.150000,8.811000,0.150000,2.181000,0.150000,6.185500,0.350000,6.865000,0.350000,4.846000,0.350000
13.202000,0.150000,15.365000,0.150000,6.005000,0.150000,9.167000,0.150000,2.139000,0.150000,5.775000,0.150000,6.422000,0.350000,4.846000,0.350000
13.643000,0.150000,15.295000,0.150000,6.350000,0.350000,9.317000,0.150000,2.369000,0.350000,5.400000,0.150000,5.979000,0.350000,4.846000,0.350000
13.995000,0.150000,15.576000,0.150000,6.695000,0.150000,9.937000,0.150000,2.599000,0.150000,5.170000,0.150000,5.536000,0.150000,4.846000,0.350000
14.375000,0.150000,16.974000,0.150000,7.286000,0.150000,10.270000,0.150000,2.786500,0.350000,5.142000,0.350000,5.271000,0.350000,4.846000,0.350000
15.129400,0.350000,16.667000,0.350000,7.621500,0.350000,10.232500,0.350000,2.974000,0.150000,5.114000,0.150000,5.006000,0.150000,4.846000,0.350000
15.883800,0.350000,16.360000,0.150000,7.957000,0.150000,10.195000,0.150000,3.476000,0.150000,4.710000,0.150000,4.485000,0.150000,4.846000,0.350000
16.638200,0.350000,17.021000,0.150000,8.548000,0.150000,10.931000,0.150000,4.231500,0.350000,4.433000,0.350000,3.940500,0.350000,4.846000,0.350000
17.392600,0.350000,17.915000,0.350000,9.214000,0.150000,11.111800,0.350000,4.987000,0.150000,4.156000,0.150000,3.396000,0.150000,4.846000,0.350000
18.147000,0.150000,18.809000,0.150000,10.082000,0.150000,11.292600,0.350000,5.606000,0.150000,4.504000,0.150000,2.819000,0.150000,4.846000,0.350000
18.710000,0.150000,19.395000,0.150000,10.516000,0.350000,11.473400,0.350000,6.216000,0.150000,4.630000,0.150000,3.429000,0.150000,4.846000,0.350000
19.283000,0.150000,20.349750,0.350000,10.950000,0.150000,11.654200,0.350000,6.760000,0.150000,4.672000,0.150000,2.913000,0.150000,4.846000,0.350000
19.918500,0.350000,21.304500,0.350000,11.137250,0.350000,11.835000,0.350000,7.351000,0.150000,5.207000,0.150000,2.965000,0.150000,4.846000,0.350000
20.554000,0.150000,22.259250,0.350000,11.324500,0.350000,12.015800,0.350000,7.952000,0.150000,5.526000,0.150000,3.087000,0.150000,4.846000,0.350000
20.351455,0.350000,23.214000,0.150000,11.511750,0.350000,12.196600,0.350000,8.562000,0.150000,5.930000,0.150000,3.950000,0.150000,4.846000,0.150000
20.148909,0.350000,23.338800,0.350000,11.699000,0.350000,12.377400,0.350000,9.801000,0.150000,6.507000,0.150000,4.395500,0.350000,4.264000,0.150000
19.946364,0.350000,23.463600,0.350000,11.886250,0.350000,12.558200,0.350000,10.326000,0.150000,7.185000,0.350000,4.841000,0.150000,4.044000,0.150000
19.743818,0.350000,23.588400,0.350000,12.073500,0.350000,12.739000,0.350000,10.856000,0.150000,7.863000,0.150000,5.399500,0.350000,3.748000,0.150000
19.541273,0.350000,23.713200,0.350000,12.260750,0.350000,12.919800,0.350000,10.793667,0.350000,7.122000,0.150000,5.958000,0.150000,2.374000,0.150000
19.338727,0.350000,23.838000,0.150000,12.448000,0.350000,13.100600,0.350000,10.731333,0.350000,7.126000,0.150000,4.748000,0.150000,2.383000,0.150000
19.136182,0.350000,22.607333,0.350000,12.635250,0.350000,13.281400,0.350000,10.669000,0.150000,6.235000,0.150000,4.593000,0.150000,2.899000,0.150000
18.933636,0.350000,21.376667,0.350000,12.822500,0.350000,13.462200,0.350000,10.490000,0.150000,5.564000,0.150000,4.020000,0.150000,3.279000,0.150000
18.731091,0.350000,20.146000,0.150000,13.009750,0.350000,13.643000,0.150000,8.520000,0.150000,4.030000,0.150000,2.514000,0.150000,6.014000,0.150000
18.528545,0.350000,19.480000,0.150000,13.197000,0.150000,12.334000,0.150000,7.422000,0.150000,3.476000,0.150000,2.214000,0.150000,6.249000,0.150000
18.326000,0.150000,17.734000,0.150000,12.573714,0.350000,10.523000,0.150000,5.845000,0.150000,2.181000,0.150000,2.266000,0.150000,7.065000,0.150000
17.931750,0.350000,17.373000,0.350000,11.950429,0.350000,10.511500,0.350000,5.254000,0.150000,2.120000,0.350000,2.702000,0.150000,8.102000,0.150000
17.537500,0.350000,17.012000,0.150000,11.327143,0.350000,10.500000,0.150000,4.794000,0.150000,2.059000,0.150000,3.204000,0.150000,8.665000,0.150000
17.143250,0.350000,16.533000,0.150000,10.703857,0.350000,10.608000,0.150000,4.444000,0.350000,2.097000,0.150000,3.551333,0.350000,9.087333,0.350000
16.749000,0.150000,15.975000,0.150000,10.080571,0.350000,8.843000,0.150000,4.094000,0.350000,2.409000,0.350000,3.898667,0.350000,9.509667,0.350000
16.247000,0.350000,15.262000,0.150000,9.457286,0.350000,8.374000,0.150000,3.744000,0.150000,2.721000,0.150000,4.246000,0.150000,9.932000,0.150000
15.745000,0.150000,14.666000,0.150000,8.834000,0.150000,7.778000,0.150000,3.401000,0.150000,3.110000,0.150000,4.658000,0.150000,10.791000,0.150000
15.102000,0.150000,14.440667,0.350000,8.563333,0.350000,7.271500,0.350000,3.021000,0.150000,3.654000,0.150000,5.340000,0.350000,11.308667,0.350000
14.417000,0.150000,14.215333,0.350000,8.292667,0.350000,6.765000,0.150000,2.873000,0.350000,4.180000,0.150000,6.022000,0.350000,11.826333,0.350000
13.962000,0.150000,13.990000,0.150000,8.022000,0.150000,6.033000,0.150000,2.725000,0.150000,4.616000,0.150000,6.704000,0.150000,12.344000,0.150000
13.268000,0.150000,13.371000,0.150000,7.675000,0.150000,5.625000,0.150000,2.730000,0.150000,5.081000,0.150000,6.859000,0.150000,12.907000,0.150000
12.956000,0.350000,12.733000,0.350000,7.468500,0.350000,5.735000,0.350000,3.030000,0.150000,5.355500,0.350000,7.694000,0.150000,13.488000,0.150000
12.644000,0.150000,12.095000,0.150000,7.262000,0.150000,5.845000,0.150000,3.213000,0.350000,5.630000,0.150000,8.083333,0.350000,13.905667,0.350000
12.287000,0.150000,11.321000,0.150000,7.178000,0.150000,4.959000,0.150000,3.396000,0.350000,6.347500,0.350000,8.472667,0.350000,14.323333,0.350000
11.911667,0.350000,10.966500,0.350000,7.037000,0.350000,4.841500,0.350000,3.579000,0.150000,7.065000,0.150000,8.862000,0.150000,14.741000,0.150000
11.536333,0.350000,10.612000,0.150000,6.896000,0.150000,4.724000,0.150000,3.928500,0.350000,7.332500,0.350000,9.221000,0.350000,15.083500,0.350000
11.161000,0.150000,10.045000,0.150000,6.657000,0.150000,4.691000,0.150000,4.278000,0.150000,7.600000,0.150000,9.580000,0.150000,15.426000,0.150000
10.730000,0.150000,9.744500,0.350000,6.608000,0.350000,4.600333,0.350000,4.804000,0.150000,8.276000,0.150000,10.117000,0.350000,16.031000,0.350000
10.441000,0.350000,9.444000,0.150000,6.559000,0.150000,4.509667,0.350000,5.079333,0.350000,8.548000,0.350000,10.654000,0.150000,16.636000,0.150000
10.152000,0.150000,8.888000,0.350000,6.514000,0.350000,4.419000,0.150000,5.354667,0.350000,8.820000,0.150000,10.994500,0.350000,16.929500,0.350000
9.787000,0.150000,8.332000,0.150000,6.469000,0.150000,4.377000,0.150000,5.630000,0.150000,9.435000,0.150000,11.335000,0.150000,17.223000,0.150000
9.355000,0.150000,7.863000,0.150000,6.615000,0.150000,4.438000,0.150000,6.925000,0.150000,10.030000,0.150000,11.874000,0.150000,17.650000,0.150000
9.327000,0.150000,7.858000,0.150000,6.681000,0.150000,4.433000,0.150000,6.723000,0.350000,10.106000,0.150000,11.909800,0.350000,17.753333,0.350000
9.341000,0.150000,7.877000,0.150000,6.690000,0.150000,4.466000,0.150000,6.521000,0.350000,10.066000,0.350000,11.945600,0.350000,17.856667,0.350000
9.347333,0.350000,7.867500,0.350000,6.657000,0.350000,4.456500,0.350000,6.319000,0.150000,10.026000,0.150000,11.981400,0.350000,17.960000,0.150000
9.353667,0.350000,7.858000,0.150000,6.624000,0.150000,4.447000,0.150000,6.307500,0.350000,10.030500,0.350000,12.017200,0.350000,17.960000,0.350000
9.360000,0.150000,7.858000,0.150000,6.671000,0.150000,4.466000,0.150000,6.296000,0.150000,10.035000,0.150000,12.053000,0.150000,17.960000,0.150000
9.369000,0.150000,7.841500,0.350000,6.685000,0.350000,4.452000,0.350000,6.249000,0.150000,10.021000,0.150000,12.051333,0.350000,17.941000,0.150000
9.373500,0.350000,7.825000,0.150000,6.699000,0.150000,4.438000,0.350000,6.253667,0.350000,10.033000,0.350000,12.049667,0.350000,17.936000,0.150000
9.378000,0.150000,7.841500,0.350000,6.680500,0.350000,4.424000,0.150000,6.258333,0.350000,10.045000,0.150000,12.048000,0.350000,17.952500,0.350000
9.331000,0.150000,7.858000,0.150000,6.662000,0.150000,4.438000,0.150000,6.263000,0.150000,10.077000,0.150000,12.046333,0.350000,17.969000,0.150000
9.336000,0.150000,7.868000,0.150000,6.685000,0.150000,4.443000,0.150000,6.286000,0.150000,10.045000,0.150000,12.044667,0.350000,17.908000,0.150000
9.378500,0.350000,7.863000,0.350000,6.671000,0.350000,4.443000,0.350000,6.296000,0.150000,10.040000,0.350000,12.043000,0.150000,17.988000,0.150000
9.421000,0.150000,7.858000,0.150000,6.657000,0.150000,4.443000,0.150000,6.283333,0.350000,10.035000,0.150000,12.045538,0.350000,17.977000,0.350000
9.336000,0.150000,7.839000,0.150000,6.652000,0.150000,4.461000,0.150000,6.270667,0.350000,10.042000,0.350000,12.048077,0.350000,17.966000,0.350000
9.333000,0.350000,7.841500,0.350000,6.664000,0.350000,4.459000,0.350000,6.258000,0.150000,10.049000,0.150000,12.050615,0.350000,17.955000,0.150000
9.330000,0.350000,7.844000,0.150000,6.676000,0.150000,4.457000,0.150000,6.293500,0.350000,10.047000,0.350000,12.053154,0.350000,17.945500,0.350000
9.327000,0.150000,7.839000,0.150000,6.685000,0.150000,4.466000,0.150000,6.329000,0.150000,10.045000,0.150000,12.055692,0.350000,17.936000,0.150000
9.336000,0.150000,7.862500,0.350000,6.683000,0.350000,4.463000,0.350000,6.319000,0.150000,10.082000,0.150000,12.058231,0.350000,17.955000,0.150000
9.340500,0.350000,7.886000,0.150000,6.681000,0.150000,4.460000,0.350000,6.319000,0.350000,10.058500,0.350000,12.060769,0.350000,17.927000,0.150000
9.345000,0.150000,7.877000,0.350000,6.662000,0.350000,4.457000,0.150000,6.319000,0.350000,10.035000,0.150000,12.063308,0.350000,17.950500,0.350000
9.331000,0.150000,7.868000,0.150000,6.643000,0.150000,4.414000,0.150000,6.319000,0.150000,10.054000,0.150000,12.065846,0.350000,17.974000,0.150000
9.383000,0.150000,7.844000,0.150000,6.666000,0.150000,4.438000,0.150000,6.338000,0.150000,10.082000,0.150000,12.068385,0.350000,17.955000,0.150000
9.233000,0.150000,7.999000,0.150000,6.427000,0.150000,4.719000,0.150000,6.462800,0.350000,10.293000,0.150000,12.070923,0.350000,17.926667,0.350000
9.205000,0.150000,8.210000,0.150000,6.545000,0.150000,4.494000,0.150000,6.587600,0.350000,10.227500,0.350000,12.073462,0.350000,17.898333,0.350000
9.022000,0.350000,7.992000,0.350000,6.587000,0.350000,4.569000,0.350000,6.712400,0.350000,10.162000,0.150000,12.076000,0.150000,17.870000,0.150000
8.839000,0.350000,7.774000,0.150000,6.629000,0.150000,4.644000,0.150000,6.837200,0.350000,10.467000,0.350000,12.395000,0.350000,17.585037,0.350000
8.656000,0.150000,7.319000,0.150000,6.798000,0.150000,4.926000,0.150000,6.962000,0.150000,10.772000,0.150000,12.714000,0.150000,17.300074,0.350000
8.229000,0.150000,7.030500,0.350000,6.913000,0.350000,5.446500,0.350000,7.581000,0.150000,11.307000,0.150000,12.847444,0.350000,17.015111,0.350000
7.783000,0.150000,6.742000,0.150000,7.028000,0.150000,5.967000,0.150000,7.775000,0.350000,11.926000,0.150000,12.980889,0.350000,16.730148,0.350000
7.375000,0.150000,5.906000,0.150000,7.319000,0.150000,6.075000,0.150000,7.969000,0.350000,12.700000,0.150000,13.114333,0.350000,16.445185,0.350000
6.873000,0.150000,6.216000,0.150000,7.572000,0.150000,6.516000,0.150000,8.163000,0.350000,12.850000,0.150000,13.247778,0.350000,16.160222,0.350000
6.549000,0.150000,7.098000,0.150000,6.765000,0.150000,6.901000,0.150000,8.357000,0.350000,12.466083,0.350000,13.381222,0.350000,15.875259,0.350000
6.038000,0.150000,7.436000,0.150000,6.282000,0.150000,7.342000,0.150000,8.551000,0.350000,12.082167,0.350000,13.514667,0.350000,15.590296,0.350000
5.297000,0.150000,7.802000,0.150000,5.845000,0.150000,7.868000,0.150000,8.745000,0.150000,11.698250,0.350000,13.648111,0.350000,15.305333,0.350000
5.672000,0.150000,8.262000,0.150000,5.442000,0.150000,8.215000,0.150000,8.304000,0.150000,11.314333,0.350000,13.781556,0.350000,15.020370,0.350000
6.113000,0.150000,8.337000,0.150000,4.954000,0.150000,7.703000,0.150000,7.750500,0.350000,10.930417,0.350000,13.915000,0.150000,14.735407,0.350000
6.671000,0.150000,9.402000,0.150000,4.687000,0.150000,7.563000,0.150000,7.197000,0.150000,10.546500,0.350000,13.380125,0.350000,14.450444,0.350000
7.431000,0.150000,9.514000,0.150000,4.353000,0.150000,7.342000,0.150000,6.526000,0.150000,10.162583,0.350000,12.845250,0.350000,14.165481,0.350000
7.703000,0.150000,10.012000,0.150000,3.856000,0.150000,7.211000,0.150000,5.949000,0.350000,9.778667,0.350000,12.310375,0.350000,13.880519,0.350000
8.177000,0.150000,10.448000,0.150000,3.762000,0.150000,7.126000,0.150000,5.372000,0.150000,9.394750,0.350000,11.775500,0.350000,13.595556,0.350000
9.045000,0.350000,10.959000,0.150000,3.931000,0.150000,7.173000,0.150000,4.787500,0.350000,9.010833,0.350000,11.240625,0.350000,13.310593,0.350000
9.913000,0.150000,11.457000,0.150000,4.002000,0.150000,7.802000,0.150000,4.203000,0.150000,8.626917,0.350000,10.705750,0.350000,13.025630,0.350000
10.068000,0.150000,11.926000,0.150000,4.086000,0.150000,7.917000,0.350000,3.795000,0.150000,8.243000,0.150000,10.170875,0.350000,12.740667,0.350000
10.565000,0.150000,12.681500,0.350000,4.327500,0.350000,8.032000,0.150000,3.260000,0.350000,7.999000,0.150000,9.636000,0.150000,12.455704,0.350000
11.236000,0.150000,13.437000,0.150000,4.569000,0.150000,7.896000,0.150000,2.725000,0.150000,7.232667,0.350000,8.768000,0.150000,12.170741,0.350000
12.240000,0.350000,14.886000,0.150000,5.841000,0.150000,9.087000,0.150000,2.422500,0.350000,6.466333,0.350000,7.663500,0.350000,11.885778,0.350000
13.244000,0.150000,14.980000,0.150000,6.244000,0.150000,9.214000,0.150000,2.120000,0.150000,5.700000,0.150000,6.559000,0.150000,11.600815,0.350000
13.864000,0.150000,15.534000,0.150000,6.835000,0.150000,9.749000,0.350000,2.247000,0.150000,5.175000,0.150000,6.003667,0.350000,11.315852,0.350000
14.530000,0.150000,16.031500,0.350000,7.187000,0.350000,10.284000,0.150000,2.638500,0.350000,5.217000,0.150000,5.448333,0.350000,11.030889,0.350000
15.191000,0.150000,16.529000,0.150000,7.539000,0.150000,10.223000,0.150000,3.030000,0.150000,4.921000,0.150000,4.893000,0.150000,10.745926,0.350000
16.139000,0.150000,16.970000,0.150000,8.005000,0.350000,11.157000,0.150000,3.523000,0.150000,5.123000,0.150000,4.400000,0.150000,10.460963,0.350000
16.273000,0.350000,17.378000,0.350000,8.471000,0.350000,11.200222,0.350000,4.011000,0.150000,4.747500,0.350000,3.894000,0.150000,10.176000,0.150000
16.407000,0.150000,17.786000,0.150000,8.937000,0.150000,11.243444,0.350000,4.560000,0.150000,4.372000,0.150000,3.715000,0.150000,9.655200,0.350000
16.932000,0.150000,19.315000,0.150000,9.397000,0.150000,11.286667,0.350000,4.865000,0.350000,4.388500,0.350000,3.429000,0.350000,9.134400,0.350000
18.245500,0.350000,19.148500,0.350000,9.746500,0.350000,11.329889,0.350000,5.170000,0.150000,4.405000,0.150000,3.143000,0.150000,8.613600,0.350000
19.559000,0.150000,18.982000,0.150000,10.096000,0.150000,11.373111,0.350000,5.733000,0.150000,4.532000,0.150000,2.744000,0.150000,8.092800,0.350000
19.386000,0.150000,21.000000,0.150000,10.631000,0.150000,11.416333,0.350000,6.296000,0.150000,4.710000,0.150000,2.767500,0.350000,7.572000,0.150000
19.271714,0.350000,21.137750,0.350000,11.781000,0.150000,11.459556,0.350000,7.459000,0.150000,5.287000,0.150000,2.791000,0.150000,6.704000,0.350000
19.157429,0.350000,21.275500,0.350000,11.652250,0.350000,11.502778,0.350000,8.051000,0.150000,5.672000,0.150000,3.190000,0.150000,5.836000,0.150000
19.043143,0.350000,21.413250,0.350000,11.523500,0.350000,11.546000,0.350000,8.651000,0.150000,6.099000,0.150000,3.575000,0.150000,5.240000,0.150000
18.928857,0.350000,21.551000,0.350000,11.394750,0.350000,11.589222,0.350000,10.387000,0.150000,7.900000,0.150000,4.898000,0.150000,3.744000,0.150000
18.814571,0.350000,21.688750,0.350000,11.266000,0.350000,11.632444,0.350000,10.376000,0.350000,7.136000,0.150000,4.771000,0.150000,2.378000,0.150000
18.700286,0.350000,21.826500,0.350000,11.137250,0.350000,11.675667,0.350000,10.365000,0.350000,6.174000,0.150000,4.593000,0.150000,3.345000,0.150000
18.586000,0.350000,21.964250,0.350000,11.008500,0.350000,11.718889,0.350000,10.354000,0.150000,5.517000,0.150000,3.978000,0.150000,3.856000,0.150000
18.471714,0.350000,22.102000,0.150000,10.879750,0.350000,11.762111,0.350000,9.365667,0.350000,4.954000,0.150000,2.946000,0.150000,4.447000,0.150000
18.357429,0.350000,20.132000,0.150000,10.751000,0.350000,11.805333,0.350000,8.377333,0.350000,3.983000,0.150000,2.575000,0.150000,5.071000,0.150000
18.243143,0.350000,19.736333,0.350000,10.622250,0.350000,11.848556,0.350000,7.389000,0.150000,3.653000,0.350000,2.219000,0.150000,5.531000,0.150000
18.128857,0.350000,19.340667,0.350000,10.493500,0.350000,11.891778,0.350000,7.459000,0.150000,3.323000,0.350000,2.040000,0.150000,6.254000,0.150000
18.014571,0.350000,18.945000,0.150000,10.364750,0.350000,11.935000,0.150000,6.687500,0.350000,2.993000,0.150000,2.134000,0.350000,6.648000,0.350000
17.900286,0.350000,17.753000,0.150000,10.236000,0.350000,10.575000,0.150000,5.916000,0.150000,2.191000,0.150000,2.228000,0.150000,7.042000,0.150000
17.786000,0.150000,17.031000,0.150000,10.107250,0.350000,10.617000,0.150000,5.292000,0.150000,2.059000,0.150000,2.702000,0.150000,8.135000,0.150000
17.223000,0.150000,16.480333,0.350000,9.978500,0.350000,9.742000,0.350000,4.823000,0.150000,2.092000,0.150000,3.207000,0.350000,8.665000,0.150000
16.880000,0.150000,15.929667,0.350000,9.849750,0.350000,8.867000,0.150000,4.297500,0.350000,2.242000,0.150000,3.712000,0.350000,9.279500,0.350000
16.472000,0.350000,15.379000,0.150000,9.721000,0.150000,8.431000,0.150000,3.772000,0.150000,2.650000,0.150000,4.217000,0.150000,9.894000,0.150000
16.064000,0.350000,15.029500,0.350000,9.409000,0.350000,8.072000,0.350000,3.410000,0.150000,2.849500,0.350000,4.677000,0.150000,10.795000,0.150000
15.656000,0.150000,14.680000,0.150000,9.097000,0.350000,7.713000,0.150000,3.208500,0.350000,3.049000,0.150000,4.954000,0.350000,10.757500,0.350000
15.374500,0.350000,14.372500,0.350000,8.785000,0.350000,7.727000,0.350000,3.007000,0.150000,3.340000,0.350000,5.231000,0.150000,10.720000,0.150000
15.093000,0.150000,14.065000,0.150000,8.473000,0.150000,7.741000,0.150000,2.938000,0.350000,3.631000,0.150000,5.698667,0.350000,11.248667,0.350000
14.478000,0.150000,13.615000,0.150000,8.112000,0.150000,6.779000,0.150000,2.869000,0.350000,4.102500,0.350000,6.166333,0.350000,11.777333,0.350000
14.099667,0.350000,13.734500,0.350000,7.936000,0.350000,6.429500,0.350000,2.800000,0.150000,4.574000,0.150000,6.634000,0.150000,12.306000,0.150000
13.721333,0.350000,13.854000,0.150000,7.760000,0.150000,6.080000,0.150000,2.746500,0.350000,4.797000,0.350000,6.739500,0.350000,12.594500,0.350000
13.343000,0.150000,13.526000,0.150000,7.689000,0.150000,5.620000,0.150000,2.693000,0.150000,5.020000,0.150000,6.845000,0.150000,12.883000,0.150000
12.724000,0.150000,12.855000,0.350000,7.757000,0.350000,5.415333,0.350000,2.974000,0.150000,5.578000,0.150000,7.530000,0.350000,13.462500,0.350000
12.517500,0.350000,12.184000,0.150000,7.825000,0.150000,5.210667,0.350000,3.197667,0.350000,5.913500,0.350000,8.215000,0.150000,14.042000,0.150000
12.311000,0.150000,11.442500,0.350000,7.511000,0.350000,5.006000,0.150000,3.421333,0.350000,6.249000,0.150000,8.506000,0.350000,14.370500,0.350000
11.790000,0.150000,10.701000,0.150000,7.197000,0.150000,4.762000,0.150000,3.645000,0.150000,7.051000,0.150000,8.797000,0.150000,14.699000,0.150000
11.232000,0.150000,10.030000,0.150000,6.934000,0.150000,4.724000,0.150000,4.297000,0.150000,7.544000,0.150000,9.561000,0.150000,15.388000,0.150000
10.971500,0.350000,9.779000,0.350000,6.734500,0.350000,4.700500,0.350000,4.738000,0.150000,7.893500,0.350000,10.148000,0.150000,16.012000,0.150000
10.711000,0.150000,9.528000,0.150000,6.535000,0.150000,4.677000,0.150000,5.127333,0.350000,8.243000,0.150000,10.493200,0.350000,16.403000,0.350000
10.246000,0.150000,8.923000,0.150000,6.498000,0.150000,4.358000,0.150000,5.516667,0.350000,8.759000,0.350000,10.838400,0.350000,16.794000,0.350000
9.928667,0.350000,8.684000,0.350000,6.479000,0.350000,4.449500,0.350000,5.906000,0.150000,9.275000,0.150000,11.183600,0.350000,17.185000,0.150000
9.611333,0.350000,8.445000,0.150000,6.460000,0.150000,4.541000,0.150000,6.098500,0.350000,9.683000,0.350000,11.528800,0.350000,17.469000,0.350000
9.294000,0.150000,7.957000,0.150000,6.554000,0.150000,4.597000,0.150000,6.291000,0.150000,10.091000,0.150000,11.874000,0.150000,17.753000,0.150000
8.914000,0.150000,7.677500,0.350000,6.662000,0.350000,4.893000,0.350000,6.807000,0.150000,10.584000,0.150000,11.874000,0.350000,18.337000,0.350000
8.360000,0.150000,7.398000,0.150000,6.770000,0.150000,5.189000,0.150000,7.391000,0.350000,11.124000,0.150000,11.874000,0.350000,18.921000,0.150000
7.905000,0.150000,6.319000,0.150000,6.971000,0.150000,5.817000,0.150000,7.975000,0.150000,11.795000,0.350000,11.874000,0.350000,18.921000,0.350000
7.455000,0.150000,5.981000,0.150000,7.215000,0.150000,6.211000,0.150000,7.975000,0.350000,12.466000,0.150000,11.874000,0.350000,18.921000,0.350000
6.995000,0.150000,6.047000,0.150000,7.427000,0.150000,6.352000,0.150000,7.975000,0.350000,12.466000,0.350000,11.874000,0.350000,18.921000,0.350000
6.765000,0.150000,6.418000,0.150000,7.093000,0.150000,6.634000,0.150000,7.975000,0.350000,12.466000,0.350000,11.874000,0.350000,18.921000,0.350000
6.751000,0.150000,6.399000,0.150000,7.093000,0.150000,6.606000,0.150000,7.975000,0.350000,12.466000,0.350000,11.874000,0.350000,18.921000,0.350000
6.751000,0.350000,6.371000,0.150000,7.103000,0.150000,6.615000,0.150000,7.975000,0.350000,12.466000,0.350000,11.874000,0.350000,18.921000,0.350000
